   995.07929250809411        1.0000000000000000E-050   1.0000000000000000E-050   1.0000000000000000E-050   1.0000000000000000E-050   1.0000000000000000E-050   1.0000000000000000E-050  0.66568230419469332     
   566.24378743275872        1.0000000000000000E-050   1.0000000000000000E-050   1.0000000000000000E-050   1.0000000000000000E-050   1.0000000000000000E-050  0.54345449768703680       0.98920208324352776     
   322.21756519326544        1.0000000000000000E-050   1.0000000000000000E-050   1.0000000000000000E-050   1.0000000000000000E-050   2.6651745219285113E-006  0.80971763436793553       0.99932478882369691     
   183.35593541749088        1.0000000000000000E-050   1.0000000000000000E-050   1.0000000000000000E-050   1.0000000000000000E-050   6.5596959105526124E-003  0.91849394011389240       0.99932478882369691     
   104.33757400115108        1.0000000000000000E-050   1.0000000000000000E-050   1.0000000000000000E-050   1.0000000000000000E-050   3.0450751424375835E-002  0.95448866891272754       0.99937489804275192     
   59.372658559746903        1.0000000000000000E-050   1.0000000000000000E-050   1.0000000000000000E-050   1.0000000000000000E-050  0.12477751971404427       0.96878273870187281       0.99937489804275192     
   33.785648345756940        1.0000000000000000E-050   1.0000000000000000E-050   1.0000000000000000E-050   1.0000000000000000E-050  0.24433206178100991       0.97608358084859870       0.99941970277533743     
   19.225516623859523        1.0000000000000000E-050   1.0000000000000000E-050   1.0000000000000000E-050   1.1360984227028590E-008  0.36107163791974273       0.98186727065461288       0.99941970277533743     
   10.940162688951876        1.0000000000000000E-050   1.0000000000000000E-050   1.0000000000000000E-050   1.6479628221531390E-004  0.49559380324343139       0.98340820634069770       0.99941970277533743     
   6.2254326893977394        1.0000000000000000E-050   1.0000000000000000E-050   1.0000000000000000E-050   7.7339502583709783E-004  0.54345449768703680       0.98920208324352776       0.99947720813232410     
   3.5425444092673759        1.0000000000000000E-050   1.0000000000000000E-050   1.0000000000000000E-050   2.4705515358649822E-003  0.56403425386280792       0.99097316645353173       0.99947720813232410     
   2.0158632367842038        1.0000000000000000E-050   1.0000000000000000E-050   1.0000000000000000E-050   7.7602539821881519E-003  0.64964469526509883       0.99097316645353173       0.99947720813232410     
   1.1471146497944673        1.0000000000000000E-050   1.0000000000000000E-050   1.0000000000000000E-050   1.2694344870778090E-002  0.68967185901761574       0.99200104193061789       0.99947720813232410     
  0.65275857794411729        1.0000000000000000E-050   1.0000000000000000E-050   1.0000000000000000E-050   1.8847752138712991E-002  0.72280875983305415       0.99269886264609331       0.99947720813232410     
  0.37144827777761480        1.0000000000000000E-050   1.0000000000000000E-050   4.6684388720097630E-008   2.4759347185009432E-002  0.74862773421637552       0.99291001987055216       0.99947720813232410     
  0.21137037141435761        1.0000000000000000E-050   1.0000000000000000E-050   9.2154494829272838E-006   3.1281411938139575E-002  0.76429100965423469       0.99400430413603802       0.99959361297915816     
  0.12027901752338116        1.0000000000000000E-050   1.0000000000000000E-050   7.0903452235328689E-005   4.0466829424591233E-002  0.77282014773499530       0.99417044759635609       0.99959361297915816     
   6.8444039529218237E-002   1.0000000000000000E-050   1.0000000000000000E-050   1.7690148042571322E-004   5.7836136380736737E-002  0.81325749281051940       0.99450494678552004       0.99959361297915816     
   3.8947662223517469E-002   1.0000000000000000E-050   1.0000000000000000E-050   2.6946207015566382E-004   6.4211241815036513E-002  0.81998533816204822       0.99489899049313169       0.99959361297915816     
   2.2162929060165284E-002   1.0000000000000000E-050   1.8512880680050935E-009   3.9132025361000324E-004   6.8929068408415936E-002  0.82110548205988099       0.99489899049313169       0.99959361297915816     
   1.2611679276332102E-002   1.0000000000000000E-050   3.3706532022603751E-008   5.2273165795624647E-004   7.4245253814184370E-002  0.82462227274590771       0.99489899049313169       0.99959361297915816     
   7.1765989837030229E-003   1.0000000000000000E-050   4.6684388720097630E-008   5.5296913867744902E-004   7.5623556603606673E-002  0.82922225482419853       0.99489899049313169       0.99959361297915816     
   4.0837997735592843E-003   3.7186848587936029E-011   6.7353314511964126E-008   5.6610575467478112E-004   7.7885015838573629E-002  0.82922225482419853       0.99489899049313169       0.99959361297915816     
   2.3238612925697536E-003   3.7186848587936029E-011   6.7353314511964126E-008   5.6610575467478112E-004   7.7885015838573629E-002  0.82922225482419853       0.99489899049313169       0.99959361297915816     
   1.3223790603223511E-003   3.7186848587936029E-011   6.7353314511964126E-008   5.6610575467478112E-004   7.7885015838573629E-002  0.82922225482419853       0.99489899049313169       0.99959361297915816     
   7.5249171917886250E-004   3.7186848587936029E-011   6.7353314511964126E-008   5.6610575467478112E-004   7.7885015838573629E-002  0.82922225482419853       0.99489899049313169       0.99959361297915816     
   4.2820081202338988E-004   3.7186848587936029E-011   6.7353314511964126E-008   5.6610575467478112E-004   7.7885015838573629E-002  0.82922225482419853       0.99489899049313169       0.99959361297915816     
   2.4366505403883166E-004   3.7186848587936029E-011   6.7353314511964126E-008   5.6610575467478112E-004   7.7885015838573629E-002  0.82922225482419853       0.99489899049313169       0.99959361297915816     
   1.3865610921939047E-004   3.7186848587936029E-011   6.7353314511964126E-008   5.6610575467478112E-004   7.7885015838573629E-002  0.82922225482419853       0.99489899049313169       0.99959361297915816     
   7.8901411200293158E-005   3.7186848587936029E-011   6.7353314511964126E-008   5.6610575467478112E-004   7.7885015838573629E-002  0.82922225482419853       0.99489899049313169       0.99959361297915816     
   4.4898365636002896E-005   3.7186848587936029E-011   6.7353314511964126E-008   5.6610575467478112E-004   7.7885015838573629E-002  0.82922225482419853       0.99489899049313169       0.99959361297915816     
   2.5549140454115419E-005   3.7186848587936029E-011   6.7353314511964126E-008   5.6610575467478112E-004   7.7885015838573629E-002  0.82922225482419853       0.99489899049313169       0.99959361297915816     
   1.4538582166578601E-005   3.7186848587936029E-011   6.7353314511964126E-008   5.6610575467478112E-004   7.7885015838573629E-002  0.82922225482419853       0.99489899049313169       0.99959361297915816     
   8.2730912922086240E-006   3.7186848587936029E-011   6.7353314511964126E-008   5.6610575467478112E-004   7.7885015838573629E-002  0.82922225482419853       0.99489899049313169       0.99959361297915816     
   4.7077520177007224E-006   3.7186848587936029E-011   6.7353314511964126E-008   5.6610575467478112E-004   7.7885015838573629E-002  0.82922225482419853       0.99489899049313169       0.99959361297915816     
   2.6789175022204429E-006   3.7186848587936029E-011   6.7353314511964126E-008   5.6610575467478112E-004   7.7885015838573629E-002  0.82922225482419853       0.99489899049313169       0.99959361297915816     
   1.5244216255910786E-006   3.7186848587936029E-011   6.7353314511964126E-008   5.6610575467478112E-004   7.7885015838573629E-002  0.82922225482419853       0.99489899049313169       0.99959361297915816     
   8.6746280564578620E-007   3.7186848587936029E-011   6.7353314511964126E-008   5.6610575467478112E-004   7.7885015838573629E-002  0.82922225482419853       0.99489899049313169       0.99959361297915816     
   4.9362440583791298E-007   3.7186848587936029E-011   6.7353314511964126E-008   5.6610575467478112E-004   7.7885015838573629E-002  0.82922225482419853       0.99489899049313169       0.99959361297915816     
   2.8089395009557036E-007   3.7186848587936029E-011   6.7353314511964126E-008   5.6610575467478112E-004   7.7885015838573629E-002  0.82922225482419853       0.99489899049313169       0.99959361297915816     
   1.5984098490098053E-007   3.7186848587936029E-011   6.7353314511964126E-008   5.6610575467478112E-004   7.7885015838573629E-002  0.82922225482419853       0.99489899049313169       0.99959361297915816     
   9.0956535181418144E-008   3.7186848587936029E-011   6.7353314511964126E-008   5.6610575467478112E-004   7.7885015838573629E-002  0.82922225482419853       0.99489899049313169       0.99959361297915816     
   5.1758260231777691E-008   3.7186848587936029E-011   6.7353314511964126E-008   5.6610575467478112E-004   7.7885015838573629E-002  0.82922225482419853       0.99489899049313169       0.99959361297915816     
   2.9452721532072236E-008   3.7186848587936029E-011   6.7353314511964126E-008   5.6610575467478112E-004   7.7885015838573629E-002  0.82922225482419853       0.99489899049313169       0.99959361297915816     
   1.6759891112282563E-008   3.7186848587936029E-011   6.7353314511964126E-008   5.6610575467478112E-004   7.7885015838573629E-002  0.82922225482419853       0.99489899049313169       0.99959361297915816     
   9.5371135665576961E-009   3.7186848587936029E-011   6.7353314511964126E-008   5.6610575467478112E-004   7.7885015838573629E-002  0.82922225482419853       0.99489899049313169       0.99959361297915816     
   5.4270361646180561E-009   3.7186848587936029E-011   6.7353314511964126E-008   5.6610575467478112E-004   7.7885015838573629E-002  0.82922225482419853       0.99489899049313169       0.99959361297915816     
   3.0882217482812929E-009   3.7186848587936029E-011   6.7353314511964126E-008   5.6610575467478112E-004   7.7885015838573629E-002  0.82922225482419853       0.99489899049313169       0.99959361297915816     
   1.7573337043035729E-009   3.7186848587936029E-011   6.7353314511964126E-008   5.6610575467478112E-004   7.7885015838573629E-002  0.82922225482419853       0.99489899049313169       0.99959361297915816     
   1.0000000000000007E-009   3.7186848587936029E-011   6.7353314511964126E-008   5.6610575467478112E-004   7.7885015838573629E-002  0.82922225482419853       0.99489899049313169       0.99959361297915816     
