   995.07929250809411        1.0000000000000000E-050   1.0000000000000000E-050   1.0000000000000000E-050   1.0000000000000000E-050   1.0000000000000000E-050   1.0000000000000000E-050  0.80057595242687096     
   566.24378743275872        1.0000000000000000E-050   1.0000000000000000E-050   1.0000000000000000E-050   1.0000000000000000E-050   1.0000000000000000E-050  0.39067290823869216       0.99209475744451392     
   322.21756519326544        1.0000000000000000E-050   1.0000000000000000E-050   1.0000000000000000E-050   1.0000000000000000E-050   8.8777885093008590E-006  0.58489318593715867       0.99828241403314399     
   183.35593541749088        1.0000000000000000E-050   1.0000000000000000E-050   1.0000000000000000E-050   1.0000000000000000E-050   2.2335903296253059E-003  0.90277852075256571       0.99926360916763657     
   104.33757400115108        1.0000000000000000E-050   1.0000000000000000E-050   1.0000000000000000E-050   1.0000000000000000E-050   1.1800860047164035E-002  0.93156252776514359       0.99972975484734705     
   59.372658559746903        1.0000000000000000E-050   1.0000000000000000E-050   1.0000000000000000E-050   1.0000000000000000E-050   4.2259841456575763E-002  0.94091078606790535       0.99972975484734705     
   33.785648345756940        1.0000000000000000E-050   1.0000000000000000E-050   1.0000000000000000E-050   1.0000000000000000E-050   7.6301383024426905E-002  0.95836106966798762       0.99972975484734705     
   19.225516623859523        1.0000000000000000E-050   1.0000000000000000E-050   1.0000000000000000E-050   3.5040627418376690E-008  0.14213516325340203       0.96854114185361717       0.99972975484734705     
   10.940162688951876        1.0000000000000000E-050   1.0000000000000000E-050   1.0000000000000000E-050   3.5095513493956613E-005  0.21405816369862654       0.97166643663041907       0.99972975484734705     
   6.2254326893977394        1.0000000000000000E-050   1.0000000000000000E-050   1.0000000000000000E-050   1.7345185523654668E-004  0.26102841762097578       0.97740928533472693       0.99972975484734705     
   3.5425444092673759        1.0000000000000000E-050   1.0000000000000000E-050   1.0000000000000000E-050   3.9223375806110024E-004  0.32999526640900012       0.97995462411383183       0.99972975484734705     
   2.0158632367842038        1.0000000000000000E-050   1.0000000000000000E-050   1.0000000000000000E-050   1.3654698163565486E-003  0.36309422066632724       0.98015380934333074       0.99972975484734705     
   1.1471146497944673        1.0000000000000000E-050   1.0000000000000000E-050   1.0000000000000000E-050   2.1234344787851847E-003  0.38609226893123061       0.98052134266566682       0.99972975484734705     
  0.65275857794411729        1.0000000000000000E-050   1.0000000000000000E-050   1.0000000000000000E-050   3.1187286448235716E-003  0.40998404336783056       0.98162994019249306       0.99972975484734705     
  0.37144827777761480        1.0000000000000000E-050   1.0000000000000000E-050   1.2784569148538220E-006   4.5105386862733885E-003  0.44475192906567823       0.98162994019249306       0.99972975484734705     
  0.21137037141435761        1.0000000000000000E-050   1.0000000000000000E-050   7.9026700370138196E-006   5.5536533707210654E-003  0.47547266802266092       0.98251659141243308       0.99972975484734705     
  0.12027901752338116        1.0000000000000000E-050   1.0000000000000000E-050   1.7646490395606034E-005   7.0458806330365754E-003  0.50066495129778421       0.98251659141243308       0.99972975484734705     
   6.8444039529218237E-002   1.0000000000000000E-050   1.0000000000000000E-050   3.3371756668068361E-005   8.6917142466652920E-003  0.51449869982379293       0.98293303710054591       0.99972975484734705     
   3.8947662223517469E-002   1.0000000000000000E-050   1.0000000000000000E-050   4.7067470440852515E-005   9.4751772108553362E-003  0.51795367878989407       0.98293303710054591       0.99972975484734705     
   2.2162929060165284E-002   1.0000000000000000E-050   9.9940881165152949E-008   6.1125325682966607E-005   1.0156551561999337E-002  0.52566630382565416       0.98293303710054591       0.99972975484734705     
   1.2611679276332102E-002   1.0000000000000000E-050   1.0703206325828049E-006   7.5434356205547124E-005   1.0798035372862985E-002  0.53434317973007484       0.98293303710054591       0.99972975484734705     
   7.1765989837030229E-003   1.0000000000000000E-050   1.2784569148538220E-006   7.8515542475405216E-005   1.1092121841747508E-002  0.53434317973007484       0.98293303710054591       0.99972975484734705     
   4.0837997735592843E-003   4.1187183628412806E-011   1.6598933290404804E-006   8.3046801185520275E-005   1.1487244848201040E-002  0.53434317973007484       0.98293303710054591       0.99972975484734705     
   2.3238612925697536E-003   4.1187183628412806E-011   1.6598933290404804E-006   8.3046801185520275E-005   1.1487244848201040E-002  0.53434317973007484       0.98293303710054591       0.99972975484734705     
   1.3223790603223511E-003   4.1187183628412806E-011   1.6598933290404804E-006   8.3046801185520275E-005   1.1487244848201040E-002  0.53434317973007484       0.98293303710054591       0.99972975484734705     
   7.5249171917886250E-004   4.1187183628412806E-011   1.6598933290404804E-006   8.3046801185520275E-005   1.1487244848201040E-002  0.53434317973007484       0.98293303710054591       0.99972975484734705     
   4.2820081202338988E-004   4.1187183628412806E-011   1.6598933290404804E-006   8.3046801185520275E-005   1.1487244848201040E-002  0.53434317973007484       0.98293303710054591       0.99972975484734705     
   2.4366505403883166E-004   4.1187183628412806E-011   1.6598933290404804E-006   8.3046801185520275E-005   1.1487244848201040E-002  0.53434317973007484       0.98293303710054591       0.99972975484734705     
   1.3865610921939047E-004   4.1187183628412806E-011   1.6598933290404804E-006   8.3046801185520275E-005   1.1487244848201040E-002  0.53434317973007484       0.98293303710054591       0.99972975484734705     
   7.8901411200293158E-005   4.1187183628412806E-011   1.6598933290404804E-006   8.3046801185520275E-005   1.1487244848201040E-002  0.53434317973007484       0.98293303710054591       0.99972975484734705     
   4.4898365636002896E-005   4.1187183628412806E-011   1.6598933290404804E-006   8.3046801185520275E-005   1.1487244848201040E-002  0.53434317973007484       0.98293303710054591       0.99972975484734705     
   2.5549140454115419E-005   4.1187183628412806E-011   1.6598933290404804E-006   8.3046801185520275E-005   1.1487244848201040E-002  0.53434317973007484       0.98293303710054591       0.99972975484734705     
   1.4538582166578601E-005   4.1187183628412806E-011   1.6598933290404804E-006   8.3046801185520275E-005   1.1487244848201040E-002  0.53434317973007484       0.98293303710054591       0.99972975484734705     
   8.2730912922086240E-006   4.1187183628412806E-011   1.6598933290404804E-006   8.3046801185520275E-005   1.1487244848201040E-002  0.53434317973007484       0.98293303710054591       0.99972975484734705     
   4.7077520177007224E-006   4.1187183628412806E-011   1.6598933290404804E-006   8.3046801185520275E-005   1.1487244848201040E-002  0.53434317973007484       0.98293303710054591       0.99972975484734705     
   2.6789175022204429E-006   4.1187183628412806E-011   1.6598933290404804E-006   8.3046801185520275E-005   1.1487244848201040E-002  0.53434317973007484       0.98293303710054591       0.99972975484734705     
   1.5244216255910786E-006   4.1187183628412806E-011   1.6598933290404804E-006   8.3046801185520275E-005   1.1487244848201040E-002  0.53434317973007484       0.98293303710054591       0.99972975484734705     
   8.6746280564578620E-007   4.1187183628412806E-011   1.6598933290404804E-006   8.3046801185520275E-005   1.1487244848201040E-002  0.53434317973007484       0.98293303710054591       0.99972975484734705     
   4.9362440583791298E-007   4.1187183628412806E-011   1.6598933290404804E-006   8.3046801185520275E-005   1.1487244848201040E-002  0.53434317973007484       0.98293303710054591       0.99972975484734705     
   2.8089395009557036E-007   4.1187183628412806E-011   1.6598933290404804E-006   8.3046801185520275E-005   1.1487244848201040E-002  0.53434317973007484       0.98293303710054591       0.99972975484734705     
   1.5984098490098053E-007   4.1187183628412806E-011   1.6598933290404804E-006   8.3046801185520275E-005   1.1487244848201040E-002  0.53434317973007484       0.98293303710054591       0.99972975484734705     
   9.0956535181418144E-008   4.1187183628412806E-011   1.6598933290404804E-006   8.3046801185520275E-005   1.1487244848201040E-002  0.53434317973007484       0.98293303710054591       0.99972975484734705     
   5.1758260231777691E-008   4.1187183628412806E-011   1.6598933290404804E-006   8.3046801185520275E-005   1.1487244848201040E-002  0.53434317973007484       0.98293303710054591       0.99972975484734705     
   2.9452721532072236E-008   4.1187183628412806E-011   1.6598933290404804E-006   8.3046801185520275E-005   1.1487244848201040E-002  0.53434317973007484       0.98293303710054591       0.99972975484734705     
   1.6759891112282563E-008   4.1187183628412806E-011   1.6598933290404804E-006   8.3046801185520275E-005   1.1487244848201040E-002  0.53434317973007484       0.98293303710054591       0.99972975484734705     
   9.5371135665576961E-009   4.1187183628412806E-011   1.6598933290404804E-006   8.3046801185520275E-005   1.1487244848201040E-002  0.53434317973007484       0.98293303710054591       0.99972975484734705     
   5.4270361646180561E-009   4.1187183628412806E-011   1.6598933290404804E-006   8.3046801185520275E-005   1.1487244848201040E-002  0.53434317973007484       0.98293303710054591       0.99972975484734705     
   3.0882217482812929E-009   4.1187183628412806E-011   1.6598933290404804E-006   8.3046801185520275E-005   1.1487244848201040E-002  0.53434317973007484       0.98293303710054591       0.99972975484734705     
   1.7573337043035729E-009   4.1187183628412806E-011   1.6598933290404804E-006   8.3046801185520275E-005   1.1487244848201040E-002  0.53434317973007484       0.98293303710054591       0.99972975484734705     
   1.0000000000000007E-009   4.1187183628412806E-011   1.6598933290404804E-006   8.3046801185520275E-005   1.1487244848201040E-002  0.53434317973007484       0.98293303710054591       0.99972975484734705     
