   995.07929250809411      -0.46150376131441417      -0.11672713612364753       -0.0000000000000000       -0.0000000000000000       -0.0000000000000000       -0.0000000000000000       -0.0000000000000000     
   566.24378743275872      -0.44548565056796213      -0.16169672829327217       -4.8394905532927702E-003  -0.0000000000000000       -0.0000000000000000       -0.0000000000000000       -0.0000000000000000     
   322.21756519326544      -0.45686522348840181      -0.22022772226770460       -4.7882747205253595E-002  -0.0000000000000000       -0.0000000000000000       -0.0000000000000000       -0.0000000000000000     
   183.35593541749088      -0.47039335229231521      -0.24132238058287295       -7.7831630819591088E-002  -0.0000000000000000       -0.0000000000000000       -0.0000000000000000       -0.0000000000000000     
   104.33757400115108      -0.42692699202740964      -0.23335318138044239       -9.0853387946586775E-002  -0.0000000000000000       -0.0000000000000000       -0.0000000000000000       -0.0000000000000000     
   59.372658559746903      -0.42968036679361460      -0.22874748360517255       -9.6493711362382911E-002  -0.0000000000000000       -0.0000000000000000       -0.0000000000000000       -0.0000000000000000     
   33.785648345756940      -0.39797548596807764      -0.21620330160949597       -9.6188689179157461E-002  -2.4138380609078458E-003  -0.0000000000000000       -0.0000000000000000       -0.0000000000000000     
   19.225516623859523      -0.41109871305008305      -0.20856158282064138       -9.7783994888419254E-002  -2.9796444908186604E-002  -0.0000000000000000       -0.0000000000000000        5.5638400933530063E-003
   10.940162688951876      -0.37166656647461666      -0.19530260969197683       -9.4140542920289519E-002  -3.6679057991454780E-002  -0.0000000000000000       -0.0000000000000000        3.9159712483425847E-002
   6.2254326893977394      -0.33429757683793332      -0.17551456042191563       -9.0570918178248333E-002  -3.9453085670093986E-002  -0.0000000000000000       -0.0000000000000000        3.4717705534485846E-002
   3.5425444092673759      -0.29896604985107600      -0.16011379330832695       -8.3908513036264482E-002  -4.0732155494290830E-002  -0.0000000000000000       -0.0000000000000000        3.0539380180105248E-002
   2.0158632367842038      -0.26565079793372415      -0.14612307808798841       -7.7246240306420397E-002  -4.0487317911375664E-002  -0.0000000000000000       -0.0000000000000000        2.6625875077191736E-002
   1.1471146497944673      -0.23433475065269649      -0.13002567966144574       -7.0991907975074209E-002  -3.8087608027685245E-002  -0.0000000000000000       -0.0000000000000000        2.2978132672960654E-002
  0.65275857794411729      -0.20467634326004519      -0.11489130090312361       -6.2959307030907519E-002  -3.5426394757453274E-002  -7.5697890429460585E-003  -0.0000000000000000        1.9596912610274672E-002
  0.37144827777761480      -0.17764930600029397      -0.10104290455956899       -5.6524959941448509E-002  -3.3046961808708863E-002  -1.4866356423491083E-002  -0.0000000000000000        1.6482806706685189E-002
  0.21137037141435761      -0.15226161659376136       -8.6956420595856510E-002  -5.0126568924969382E-002  -2.9690871045215828E-002  -1.6097330767768068E-002  -0.0000000000000000        1.3636255219674490E-002
  0.12027901752338116      -0.12883572953665268       -7.5147345865229115E-002  -4.3513306590762364E-002  -2.6621685259158014E-002  -1.5310253740857869E-002  -0.0000000000000000        1.1002875602930928E-002
   6.8444039529218237E-002 -0.10790998040429634       -6.5160279928840575E-002  -3.8207414572588666E-002  -2.3818938455479170E-002  -1.4013036425414641E-002  -0.0000000000000000        7.2190478801510860E-002
   3.8947662223517469E-002  -9.2777343817490920E-002  -5.6351822848402677E-002  -3.3290747225023766E-002  -2.0681937490851034E-002  -1.2236614001732772E-002  -3.1004751496051486E-004   3.1657262220882866E-002
   2.2162929060165284E-002  -7.8784138113474150E-002  -4.8583017705925990E-002  -2.9042915752002046E-002  -1.7633703647391245E-002  -1.0631260133230038E-002  -2.2861351528554777E-003  0.33249410196492069     
   1.2611679276332102E-002  -6.5930622685928281E-002  -4.2143355277328598E-002  -2.5159500082763801E-002  -1.4773927558435171E-002  -8.6613180192215023E-003  -0.0000000000000000       0.78234615693460763     
   7.1765989837030229E-003  -1.1771702410497704       -3.7646736764512377E-002  -2.1159796293879218E-002  -1.2161720640309740E-002  -6.6485640781951882E-003   8.9864460419280968E-003   1.5047064750129224     
   4.0837997735592843E-003 -0.31705984319401453       -3.2749186723069271E-002  -1.7551360514872539E-002  -9.8099422373460667E-003  -4.8355322221431728E-003   5.3479895123074536E-002   1.7308967594149416     
   2.3238612925697536E-003  -5.6766668365496410E-002  -2.6814951357180258E-002  -1.4429847155664109E-002  -7.5965384756675851E-003  -3.1056815449604629E-003  0.16042234809924436        1.9194675717738909     
   1.3223790603223511E-003  -9.1178390603916470E-002  -2.2327039429716547E-002  -1.1877343942278955E-002  -5.6884385309794181E-003  -1.7692482222166587E-003  0.42035966187534257        2.2754678063210441     
   7.5249171917886250E-004 -0.71751908246125440       -1.9089650877409239E-002  -9.5679989027326363E-003  -4.0539333100294171E-003  -6.7430246756267510E-004  0.68188448690949643        3.1729585697489555     
   4.2820081202338988E-004  -1.9809959929115344       -1.6086317651176501E-002  -7.4535432383556329E-003  -2.7096342254393025E-003   1.7734884865822573E-002  0.91847934626564198        3.2137735818846820     
   2.4366505403883166E-004  -1.4816270779513501       -1.5276122171362158E-002  -5.9290792034777991E-003  -1.7257159506389303E-003  0.10032769831631581        1.1667471083718903        2.7681868315618532     
   1.3865610921939047E-004  -2.5700520995998808       -1.5328761840524951E-002  -4.5354085204896057E-003  -9.2047121621472035E-004  0.27367916958730648        1.5513404057669813        2.9085735778864672     
   7.8901411200293158E-005  -1.6482625010654979       -1.8296296810638029E-002  -3.3600817454441647E-003  -3.1662434606520286E-004  0.51738299573833624        2.1113803918961369        3.5453352854727069     
   4.4898365636002896E-005  -2.0863384242301199      -0.13930887511196111       -2.5747711371742199E-003   1.6190652392711193E-002  0.72736640512443251        2.1551128268810413        3.3003748864634730     
   2.5549140454115419E-005  -2.2735302854632291      -0.44822627910451546       -2.0184481715606315E-003   7.7458797040831806E-002  0.82650731684497347        2.1268272903670948        3.5137235307680896     
   1.4538582166578601E-005  -1.6037474539372578      -0.67559050609345728       -1.8522620805156572E-003  0.13906663000234701       0.86791866867646084        2.0300504359846303        3.2808536832402035     
   8.2730912922086240E-006  -2.6297041959332210      -0.83535452284410083       -1.8942320586709273E-003  0.18044688091185107       0.84000514428235329        2.2370663006963856        3.4775113711758157     
   4.7077520177007224E-006  -1.9424369222815385      -0.88484702237368240       -2.6818428899018778E-002  0.19275097580398745       0.84969925946695213        2.1248893858433258        2.9925577178380474     
   2.6789175022204429E-006  -2.6480531907710358      -0.90608352803416892      -0.12593478379488054       0.17563968126497234       0.86849133735784811        2.1598264116386088        3.4258366431095877     
   1.5244216255910786E-006  -2.6929108099989327       -1.1036526769877451      -0.20351294627167968       0.13769431034936569       0.86845694686710051        2.0310556316548674        3.3822030679009498     
   8.6746280564578620E-007  -3.0355372136393917       -1.2155441054170060      -0.31399288317726964       0.11313717499233886       0.77500405768057301        1.9420302039984514        3.4728850529605806     
   4.9362440583791298E-007  -2.8410875558694384       -1.3089779936222614      -0.39498897985869902        8.2470321395491916E-002  0.71366618292098338        1.8956103695345439        3.3056748856497116     
   2.8089395009557036E-007  -2.6820625877414370       -1.4605732977073034      -0.49924904008994897        3.6161478238279102E-002  0.61337175253858334        1.6164136462333583        3.2492194338640710     
   1.5984098490098053E-007  -2.8064649729212308       -1.5266568495351376      -0.64289477711860754        6.5477299498250567E-003  0.53960910249724381        1.6737810937116127        2.9888930445063573     
   9.0956535181418144E-008  -3.6180584357753833       -1.7640115292441088      -0.67329769068723921       -1.7859355317375408E-002  0.49525868416300156        1.6161633501263879        3.2726829789788154     
   5.1758260231777691E-008  -3.4784571456204874       -1.8791000578999819      -0.70324325356185113       -2.9904493775281947E-002  0.47384060760148949        1.7279104267797245        3.6230392010970105     
   2.9452721532072236E-008  -4.1180745671161549       -2.0626893611650576      -0.71603050483595543       -4.6940370251001784E-002  0.46618156518987930        1.6375825477391759        3.2222083398909631     
   1.6759891112282563E-008  -4.8826602756696795       -2.1732895308584039      -0.76345618617215072       -7.5008588693202524E-002  0.45860774086052669        1.6218100043338639        3.3519402536898517     
   9.5371135665576961E-009  -4.1618988408211868       -2.3540465970499702      -0.80024315877221064       -7.8018607916194943E-002  0.48501992625093199        1.6643991354587846        3.3540837356096178     
   5.4270361646180561E-009  -4.2766962594166467       -2.3234481229069939       -1.0024418827971333       -6.5410845028558096E-002  0.57575618956337860        1.5547218871397248        2.8303423861654027     
   3.0882217482812929E-009  -4.8926041254343877       -2.5777695303517163       -1.3023433218314162       -9.2674546823677192E-002  0.80930468639065611        1.6725653810991497        3.6217584945722114     
   1.7573337043035729E-009  -6.0319127838454474       -4.0144856343150375       -1.9811875386864310       -8.5962569081101448E-002   1.5632464444267729        3.3885179214787020        4.9346222216933926     
   1.0000000000000007E-009  -10.129301937883614       -6.6261390364079213       -2.5288352254831521       -5.7665747075012111E-002   2.2636257634025876        6.3672534258153144        9.2547213927729270     
