   6.0301510000000009        3.0698333621747732E-009   1.0794687017536306E-008   1.4862041824207956E-008   1.8662895680081730E-008   2.4255864114220353E-008   3.4064362948591519E-008   5.7965575144261256E-008
   6.0907549999999997        4.1582800798091440E-009   1.1994977920021034E-008   1.6466961515479981E-008   2.0309873000348627E-008   2.5905125943038890E-008   3.5866416101136950E-008   5.6558505070160700E-008
   6.1519690000000002        4.2390975881082832E-009   1.3309719160382783E-008   1.7898973172764114E-008   2.2124888167243216E-008   2.7399721281158873E-008   3.7008961745341263E-008   4.9547439258083651E-008
   6.2137979999999997        9.6536599283521192E-009   1.3883512826024059E-008   1.8468297633924231E-008   2.2545913771826994E-008   2.7413107461527735E-008   3.6627655966151053E-008   4.2747243531294885E-008
   6.2762479999999998        8.0898640619407546E-009   1.3859466964345449E-008   1.8470072959129131E-008   2.2559415004612667E-008   2.7421522804628998E-008   3.6203829288344613E-008   4.1267618341106110E-008
   6.3393259999999998        1.0107126864199363E-008   1.5023167699460292E-008   1.9923382557936663E-008   2.4227046485376399E-008   2.9862004817880655E-008   3.9935542377869511E-008   5.3546695495314416E-008
   6.4030379999999996        5.4707967585286593E-009   1.7140630113054704E-008   2.2552828577832809E-008   2.7451315887854575E-008   3.4243295100172349E-008   4.6350122558464652E-008   6.2181568140013502E-008
   6.4673900000000000        6.0308717473715815E-009   2.0404246803290853E-008   2.6322936091922407E-008   3.1508851491395315E-008   3.7984032909813535E-008   5.0792879724257813E-008   7.8116772140426724E-008
   6.5323890000000011        4.4558192368728089E-009   1.9957186219423896E-008   2.5879593674805133E-008   3.1219561499698273E-008   3.8995873983790112E-008   5.4312987662108837E-008   8.7792128717560253E-008
   6.5980410000000012        4.6741841350009252E-009   1.8005214982439654E-008   2.4521459439853611E-008   3.0011350443580238E-008   4.0276928803495309E-008   5.9375565680992863E-008   1.0830207461492741E-007
   6.6643530000000002        8.3059841965039410E-009   1.9894892938166422E-008   2.6104189122950995E-008   3.1707054287938161E-008   4.1301733347241957E-008   5.9204688738405319E-008   9.6172087147277728E-008
   6.7313310000000008        1.6310025884572021E-008   2.2257668561569444E-008   2.8763201475962006E-008   3.4192892765661760E-008   4.2238534035135022E-008   5.7163555473916101E-008   7.9882689765081436E-008
   6.7989830000000007        1.7067461395110170E-008   2.4018702083398383E-008   3.0813672682237005E-008   3.6453532796358956E-008   4.5013075782700916E-008   5.9375157645814071E-008   8.6023006060149064E-008
   6.8673140000000004        1.7344635883838217E-008   2.5630742338229696E-008   3.2584864783447077E-008   3.8467332975908722E-008   4.7450316124403881E-008   6.2576377609234213E-008   8.8027245739073820E-008
   6.9363330000000003        1.9441339077997216E-008   2.7737692694722356E-008   3.4065893026586277E-008   4.0296754195668801E-008   4.8745562697716184E-008   6.2644407735880105E-008   8.2621638230905000E-008
   7.0060440000000010        2.0303608541319201E-008   2.9014152698020049E-008   3.6422461643063891E-008   4.2841766418697629E-008   5.1735129874878763E-008   6.7290613321562350E-008   8.6787301402779388E-008
   7.0764570000000004        2.1806413021050694E-008   3.2308609190392677E-008   3.9209268872218145E-008   4.5774824674428135E-008   5.4390647024601321E-008   6.8722694950099931E-008   8.5519860733529602E-008
   7.1475770000000001        2.4082119980503990E-008   3.5011994700860360E-008   4.2522151095638722E-008   4.9336032551252949E-008   5.7852863783945782E-008   7.1684749831659087E-008   8.7028683459092684E-008
   7.2194120000000011        3.1455606357157511E-008   4.0090426881588332E-008   4.7563391262839521E-008   5.4568886232265560E-008   6.2787933560226256E-008   7.3586962517611422E-008   8.9196487927650228E-008
   7.2919690000000008        3.5699265632542383E-008   4.5516624610870575E-008   5.3568942590545676E-008   6.0877413374872707E-008   6.9012467918705430E-008   7.9493082456462841E-008   9.3582742036471044E-008
   7.3652550000000012        4.0027189130845450E-008   4.9882101999737614E-008   5.8424341444797800E-008   6.6343817672034577E-008   7.4279703000983215E-008   8.5059499621574817E-008   9.8510516340822082E-008
   7.4392779999999998        4.4089573199161400E-008   5.1999000404971893E-008   6.1134072885509028E-008   6.9207390327394186E-008   7.7134176157086824E-008   8.8752589494504709E-008   9.9423260665076195E-008
   7.5140440000000002        4.2157200224643880E-008   5.3532884175460224E-008   6.2193562543057446E-008   6.9870755231561181E-008   7.7688058616315214E-008   8.8318822347600353E-008   1.0863771634244007E-007
   7.5895620000000008        3.9799732885865761E-008   5.2398685541357359E-008   6.0770248679506341E-008   6.9228188878235242E-008   7.7410513598920663E-008   8.7873059216270631E-008   9.9655194092810237E-008
   7.6658390000000001        4.8708630312158558E-008   5.9504908810582128E-008   6.8836032503203870E-008   7.8384630347537649E-008   8.9286149218360906E-008   1.0648647169944629E-007   1.2670278104386661E-007
   7.7428830000000000        5.1117413046619009E-008   6.3234219727091371E-008   7.2756809786178490E-008   8.1874880113825609E-008   9.1199712640821675E-008   1.0365903178612781E-007   1.1423036945411155E-007
   7.8207009999999997        5.2123053610145483E-008   6.4310324927423728E-008   7.3503623304601746E-008   8.2473645672681827E-008   9.0867281716906904E-008   1.0294657207698501E-007   1.1886338376422527E-007
   7.8993010000000004        5.7063386822270280E-008   6.7642491114981413E-008   7.7154658957316473E-008   8.6198825305977381E-008   9.4966755594341953E-008   1.0603353014139120E-007   1.2189465213681229E-007
   7.9786910000000013        5.4703296943327106E-008   6.7918874128449761E-008   7.7350092931749587E-008   8.6443908773893955E-008   9.5260585494957785E-008   1.0553503946245122E-007   1.2169706762514964E-007
   8.0588790000000010        5.5766235071641210E-008   6.8903599683154208E-008   7.8998205760314554E-008   8.8635426898750088E-008   9.7555751605980884E-008   1.0838877811095643E-007   1.2328444516416325E-007
   8.1398720000000022        5.4070418798504949E-008   6.7756243355290295E-008   7.7632930817984192E-008   8.7725994402106319E-008   9.7154453343007183E-008   1.0787297067730797E-007   1.2079375294053820E-007
   8.2216799999999992        5.9281204107642990E-008   7.1197859721647763E-008   8.0389948294143736E-008   9.0291868460261845E-008   9.9689407989590704E-008   1.1037322751493990E-007   1.2190411997143706E-007
   8.3043099999999992        5.5298562092449878E-008   6.6444872553170122E-008   7.6685356776177711E-008   8.7744244031801157E-008   9.8406251160385925E-008   1.0866081797620197E-007   1.2138590643212614E-007
   8.3877710000000008        5.7323005317357114E-008   6.9933533300897545E-008   7.8555645612854729E-008   8.8653410665259953E-008   9.9307226220405573E-008   1.0947018623815027E-007   1.2043305593287057E-007
   8.4720700000000004        5.6685798825989549E-008   6.8794715220143678E-008   7.7872065857662848E-008   8.7934668588534479E-008   9.8740653252329867E-008   1.0940212336140770E-007   1.1725242752642167E-007
   8.5572160000000004        5.3991446204099802E-008   6.7854774015053954E-008   7.6674016896015083E-008   8.7286559067928609E-008   9.8540096933399998E-008   1.0966898864410669E-007   1.1584493138459821E-007
   8.6432179999999992        5.2138699919239218E-008   7.3433147438392474E-008   8.2595714068758391E-008   9.0688883868834290E-008   9.9495956013750778E-008   1.0928274899356075E-007   1.1672805583701682E-007
   8.7300850000000008        4.9655023775377766E-008   7.3363994770337236E-008   8.2297310780279801E-008   9.0448245055127054E-008   9.9317452274801549E-008   1.0890893866915613E-007   1.1833780462293056E-007
   8.8178239999999999        4.7923008297678792E-008   7.7381107234423410E-008   8.6672350698759058E-008   9.4817724621203945E-008   1.0243407834359064E-007   1.1096015003007468E-007   1.1878176422364190E-007
   8.9064460000000008        5.3472175701159087E-008   8.1239099974416649E-008   9.0591037297812055E-008   9.8271814236993924E-008   1.0511983656056154E-007   1.1351565922832304E-007   1.2307073631643811E-007
   8.9959579999999999        6.2161779040350377E-008   8.2771992126603413E-008   9.3084234137877075E-008   1.0127521506979206E-007   1.0805411294195346E-007   1.1608965200890884E-007   1.2437881586624868E-007
   9.0863689999999995        7.7699632791606092E-008   9.0375217419169150E-008   9.8518123866005458E-008   1.0618931171294438E-007   1.1254158911619061E-007   1.1889904272901278E-007   1.2552135739897187E-007
   9.1776900000000001        8.2036571135744058E-008   9.5475159352838358E-008   1.0475700950529333E-007   1.1316880961955246E-007   1.2182539571319549E-007   1.3256891362257592E-007   1.4430951421962070E-007
   9.2699280000000002        8.2547443545009821E-008   9.6766251524560323E-008   1.0609638708357808E-007   1.1485932541256218E-007   1.2472412155838838E-007   1.3810186976290426E-007   1.5379322460657858E-007
   9.3630929999999992        8.7782946352771688E-008   1.0118478362281116E-007   1.1111403767128690E-007   1.1974419113799339E-007   1.2767873324981566E-007   1.3711298002624455E-007   1.4735813577883920E-007
   9.4571939999999994        8.8224785636636142E-008   1.0313640554469576E-007   1.1165539734811162E-007   1.1963452595578237E-007   1.2844289257995029E-007   1.4012684594382109E-007   1.5298402722156548E-007
   9.5522419999999997        9.5070538141856866E-008   1.0671362881441829E-007   1.1646917724559368E-007   1.2522880619513553E-007   1.3373632311026692E-007   1.4363592337340493E-007   1.5534866262928618E-007
   9.6482440000000000        1.0044645914206255E-007   1.1047330037669436E-007   1.1977784666664034E-007   1.2742551376263030E-007   1.3525225113300406E-007   1.4347804508395517E-007   1.5165509922053898E-007
   9.7452110000000012        9.6938589983622248E-008   1.1161905017585003E-007   1.1949305651346623E-007   1.2604670937340640E-007   1.3184181548749003E-007   1.3821353140068636E-007   1.4449932260019305E-007
   9.8431530000000009        1.0270987930372458E-007   1.1354645220487440E-007   1.2139774231449778E-007   1.2744756274139798E-007   1.3322287921618948E-007   1.4107403110763395E-007   1.5261823566368330E-007
   9.9420790000000014        9.9182020121251139E-008   1.1317346860996956E-007   1.2231596212042679E-007   1.2824154885484086E-007   1.3298153030526510E-007   1.3796142826010356E-007   1.4422973168533022E-007
   10.042000000000000        1.1169114429469209E-007   1.1999064785198345E-007   1.2773280927134340E-007   1.3376936033040489E-007   1.3866089698361179E-007   1.4392035080486681E-007   1.4915554431569863E-007
   10.142920000000000        9.5377299234561972E-008   1.0442421471303738E-007   1.1545069872916959E-007   1.2611398636397354E-007   1.3808535790703317E-007   1.4951438842303991E-007   1.6226959273898745E-007
   10.244860000000001        1.0754691475552983E-007   1.1902255379818142E-007   1.2708550101690431E-007   1.3702228214084931E-007   1.4995964592442617E-007   1.6237080854006930E-007   1.7682244841570530E-007
   10.347830000000000        1.3075513418158895E-007   1.4192946849748506E-007   1.6031670017701646E-007   1.7654407701123688E-007   1.8867683363871048E-007   2.0507982528491211E-007   2.2467194910795280E-007
   10.451820000000000        1.2908742785900598E-007   1.4073596955299538E-007   1.5288598326133725E-007   1.6561925583791995E-007   1.7577695991753151E-007   1.8725023860216374E-007   2.2413066035662471E-007
   10.556870000000000        1.3200868430976494E-007   1.4263392816073287E-007   1.5380018903595585E-007   1.6365505737923263E-007   1.7187712904088315E-007   1.8076026931378683E-007   1.9933088477135217E-007
   10.662970000000000        1.3246306506154529E-007   1.4507471891354664E-007   1.6021588857505546E-007   1.7412961439288542E-007   1.8307799669591222E-007   1.9372356623222394E-007   2.0911282381096477E-007
   10.770130000000002        1.4724871177529768E-007   1.5700764680157619E-007   1.7551547812700595E-007   1.9462000026454811E-007   2.0925741554391109E-007   2.2837067863435221E-007   2.5328945464544577E-007
   10.878380000000000        1.4602610380508750E-007   1.5438930542772354E-007   1.6398803049242213E-007   1.7364481429213277E-007   1.8206818573380047E-007   1.9153706573417385E-007   1.9981082911825422E-007
   10.987710000000002        1.5155044913123202E-007   1.5830555068699830E-007   1.6764774907971203E-007   1.7681512185259536E-007   1.8529118306844263E-007   1.9417323429739253E-007   2.0590417667677738E-007
   11.098140000000003        1.2938848907732394E-007   1.4418715739715737E-007   1.5129939121291976E-007   1.5768139891871894E-007   1.6430318379905789E-007   1.7153078791148011E-007   1.7902659928899521E-007
   11.209670000000001        1.5320509499876045E-007   1.6413118859957089E-007   1.7221457643798433E-007   1.8238614156699201E-007   1.9153721615489108E-007   2.0025906187099313E-007   2.0881340462701285E-007
   11.322330000000001        1.3504022822453782E-007   1.4930215927648917E-007   1.5695575716731289E-007   1.6505077508245740E-007   1.7435254981173198E-007   1.9175312866126920E-007   2.0745411982452120E-007
   11.436130000000002        1.4150603979147151E-007   1.6253483108744370E-007   1.7419249696521901E-007   1.8104883593415000E-007   1.8617130318360847E-007   1.9144715413594602E-007   1.9741961062253792E-007
   11.551060000000000        1.6103307962808857E-007   1.7480289030648432E-007   1.8219835645010933E-007   1.8856064322782385E-007   1.9415085730554375E-007   1.9959078648148031E-007   2.0517576476785040E-007
   11.667149999999999        1.5766355062043436E-007   1.7308701729331822E-007   1.8281157594171411E-007   1.8922151145461701E-007   1.9607193776062788E-007   2.1145270769372097E-007   2.2664678563000015E-007
   11.784409999999999        1.6969586641547035E-007   1.8437324003986659E-007   1.9379663404405468E-007   2.0591219121944117E-007   2.1554388444740544E-007   2.2572083567673827E-007   2.3758826003639734E-007
   11.902850000000001        1.6214236608317938E-007   1.7136622379590232E-007   1.7888737781787979E-007   1.8633552301133949E-007   1.9561583625471049E-007   2.1170993061309154E-007   2.2346093289624438E-007
   12.022470000000000        1.8579181145321313E-007   1.9278125591232297E-007   2.0240829754070604E-007   2.1522765001213780E-007   2.2666921386091294E-007   2.3975377990162502E-007   2.5619025537162511E-007
   12.143300000000000        1.8255523827276494E-007   1.8988690168686563E-007   1.9461153496259614E-007   1.9958958394170209E-007   2.0442210083609129E-007   2.0978623541510099E-007   2.1507417600743156E-007
   12.265350000000000        1.9691634755732968E-007   2.0377724177210159E-007   2.1453421667819789E-007   2.2610856789967527E-007   2.3743295463257164E-007   2.5052754841482190E-007   2.6846405930008129E-007
   12.388620000000001        2.0053989605073157E-007   2.0799461827019368E-007   2.1843625047901843E-007   2.2735097718817033E-007   2.3680362522225220E-007   2.4871393792852709E-007   2.6325765174309665E-007
   12.513130000000000        2.0341706787217331E-007   2.1166336178232412E-007   2.1853648723546728E-007   2.2533141992442739E-007   2.3746443596952024E-007   2.6202034894037556E-007   2.8253779855199130E-007
   12.638890000000000        2.1031780412048072E-007   2.1778254183292772E-007   2.2468921695328343E-007   2.3252492703160992E-007   2.4203755521646291E-007   2.5340298757219216E-007   2.6375512844303675E-007
   12.765910000000002        2.0911757927100257E-007   2.1797018291254376E-007   2.2408025497646593E-007   2.3120781902491872E-007   2.4077558974439855E-007   2.5675881498394382E-007   2.7133735358002479E-007
   12.894209999999999        2.1430625635741099E-007   2.2274036363976254E-007   2.3138888658313130E-007   2.3940260045693965E-007   2.5033940166022327E-007   2.6557197169532958E-007   2.7886813409200791E-007
   13.023800000000001        2.2066102903070986E-007   2.2925703104394254E-007   2.3819658778163979E-007   2.4658358323287922E-007   2.5843430332703324E-007   2.7276783868886862E-007   2.8926161486193042E-007
   13.154690000000000        2.2273008609934183E-007   2.3200726847582763E-007   2.3892262918199798E-007   2.4709256349650981E-007   2.6194644181979072E-007   2.7782089157452565E-007   2.9352522505707737E-007
   13.286899999999999        2.2505398139264549E-007   2.3344845322999545E-007   2.4209586505340338E-007   2.5618921445627344E-007   2.7767697852440792E-007   2.9486596901649695E-007   3.1346905626271699E-007
   13.420439999999999        2.3582848858948314E-007   2.4553495911648608E-007   2.5673447594987384E-007   2.6721542657217024E-007   2.8332823389624866E-007   3.0171440852675049E-007   3.2084516333789250E-007
   13.555320000000000        2.3981167298762962E-007   2.4758477202201364E-007   2.5587600161086178E-007   2.7093560811739450E-007   2.9095305383929928E-007   3.0742558371228976E-007   3.3123482738922426E-007
   13.691549999999999        2.3555826952380292E-007   2.4884856582166536E-007   2.5827700980627696E-007   2.7393794800458054E-007   2.9266104211195208E-007   3.0778575341633118E-007   3.3385930370842719E-007
   13.829150000000002        2.4260156808402248E-007   2.5683079281090119E-007   2.6634182163445809E-007   2.7918995000974425E-007   2.9648331752323627E-007   3.1045812502729655E-007   3.3305119330087422E-007
   13.968140000000002        2.1026804954614885E-007   2.4950009875145062E-007   2.6769619187362321E-007   2.8664550018648063E-007   3.0378041651702548E-007   3.1809268615331504E-007   3.4388200091207707E-007
   14.108520000000002        2.6397816509604043E-007   2.7470242423780916E-007   2.8365184453870517E-007   2.9701493276814997E-007   3.1088207740914418E-007   3.2519790563042529E-007   3.4941668590819567E-007
   14.250320000000002        2.6394988437716993E-007   2.8159524121502342E-007   2.9348693510099377E-007   3.0625732953808873E-007   3.1866250543136021E-007   3.3169558079356663E-007   3.5127032093138392E-007
   14.393540000000002        2.7843626311755737E-007   2.9437164752104364E-007   3.0497204299479626E-007   3.1493146215173688E-007   3.2507555833876180E-007   3.3736272270936375E-007   3.5830298595344840E-007
   14.538200000000000        2.9140218091132010E-007   3.0414218806372575E-007   3.1301820585146921E-007   3.2099068439562342E-007   3.2994698456701776E-007   3.4063015801791590E-007   3.6779552978002637E-007
   14.684310000000000        2.9623810310135094E-007   3.0887506183604563E-007   3.1675250009441367E-007   3.2477592216550220E-007   3.3291687837201417E-007   3.4012464765310118E-007   3.4724440463666900E-007
   14.831890000000000        2.9492659329522755E-007   3.1115720405323900E-007   3.1945764592766086E-007   3.2779108711630935E-007   3.3611922545090572E-007   3.4400274550041586E-007   3.5397268299066970E-007
   14.980950000000000        2.1799755622375426E-007   2.5369329907620368E-007   2.9690698611511771E-007   3.3064150662804948E-007   3.5750866701146529E-007   3.9661816962886515E-007   5.2398759275763420E-007
   15.131520000000000        2.9400388763027455E-007   3.1269939507293156E-007   3.2116550982768737E-007   3.3003281890886863E-007   3.3862834676696064E-007   3.4773217990333308E-007   3.7453174152486261E-007
   15.283590000000002        3.0092683884691574E-007   3.1612525422905507E-007   3.2525126959609883E-007   3.3385358613393648E-007   3.4297289249316901E-007   3.5088774493638662E-007   3.6318479297033582E-007
   15.437190000000001        3.0360178237518895E-007   3.1439132379038892E-007   3.2517321556809198E-007   3.3425700939283433E-007   3.4372695581247161E-007   3.5274690611171706E-007   3.6979374498504517E-007
   15.592340000000000        2.9500891668151877E-007   3.1195297440167507E-007   3.2232478116543736E-007   3.3218011808615014E-007   3.4234204941686838E-007   3.5589582670180047E-007   3.8520698677922104E-007
   15.749050000000002        2.8901174220673966E-007   3.0852443037761426E-007   3.2046824091400343E-007   3.3122012676943473E-007   3.4320596329821715E-007   3.6536889674497735E-007   4.0776002625756820E-007
   15.907330000000000        2.7702649297169668E-007   3.0376942969482512E-007   3.1777315798895928E-007   3.2964159679974712E-007   3.4138049028405470E-007   3.5789806982570707E-007   3.8489161208543145E-007
   15.993430000000000        2.7476404024218546E-007   3.0153697676180854E-007   3.1462719136139437E-007   3.2661015557110346E-007   3.4091284476877858E-007   3.6452597476104979E-007   4.0446844953932600E-007
