   6.0301510000000009        4.0857675927023948E-009   1.3593666233809827E-009   4.4363467579263545E-009
   6.0907549999999997        4.3930031569079567E-009   1.3917175664537851E-009   4.8805284424945008E-009
   6.1519690000000002        4.6907171535972245E-009   1.3374450473964379E-009   5.3481668672915063E-009
   6.2137979999999997        5.1128252274011235E-009   1.2363375000818844E-009   5.5092890006354387E-009
   6.2762479999999998        5.3904889688898779E-009   1.2451041828928855E-009   5.6156679782880290E-009
   6.3393259999999998        6.0290675727172671E-009   1.4414437362303813E-009   6.2032097931726630E-009
   6.4030379999999996        6.8619804040269295E-009   1.7494721632205782E-009   7.1659092658924982E-009
   6.4673900000000000        7.8200087795996344E-009   1.9326235061298395E-009   8.3180571887244716E-009
   6.5323890000000011        7.6958336616396677E-009   2.2635703817823859E-009   8.5258758399852274E-009
   6.5980410000000012        7.5356790673512630E-009   2.9643399530976145E-009   8.6961658538343987E-009
   6.6643530000000002        8.1951646813659232E-009   2.7418880929163558E-009   9.1971053986794360E-009
   6.7313310000000008        9.5056635949066630E-009   2.2827434942197506E-009   9.8618224626447110E-009
   6.7989830000000007        1.0535854766636572E-008   2.4454545470143448E-009   1.0711067429769859E-008
   6.8673140000000004        1.1333861361387556E-008   2.5966514439759201E-009   1.1529022149985840E-008
   6.9363330000000003        1.2226986720207812E-008   2.4536604357395247E-009   1.2179668028725852E-008
   7.0060440000000010        1.3186176203401217E-008   2.7481208301829198E-009   1.3240379486935460E-008
   7.0764570000000004        1.4320301926912575E-008   2.6271813613474874E-009   1.4272604098747047E-008
   7.1475770000000001        1.5596925419469373E-008   2.6999672769518552E-009   1.5623922146249096E-008
   7.2194120000000011        1.7015933505756885E-008   2.5949699676106849E-009   1.7477716954910718E-008
   7.2919690000000008        1.8544882194436523E-008   2.6525276595540434E-009   1.9832440910969350E-008
   7.3652550000000012        2.0030931005220400E-008   2.7622096097247344E-009   2.1895253530723101E-008
   7.4392779999999998        2.1273315613169089E-008   2.8602977551749609E-009   2.3269575046254325E-008
   7.5140440000000002        2.2613251177534608E-008   2.8705001813364790E-009   2.3988282507557723E-008
   7.5895620000000008        2.3900926149471235E-008   3.0596497525624457E-009   2.4165876070443551E-008
   7.6658390000000001        2.4668929940067530E-008   4.0260893015584896E-009   2.8210845064758025E-008
   7.7428830000000000        2.6970752367827516E-008   3.5183442141476077E-009   2.9768926403918659E-008
   7.8207009999999997        2.8889745601825407E-008   3.4796219510112463E-009   3.0479364057605865E-008
   7.8993010000000004        3.0721892213936958E-008   3.5419176973908285E-009   3.2465019878473562E-008
   7.9786910000000013        3.2257586376903778E-008   3.6150946560473661E-009   3.3192260545379144E-008
   8.0588790000000010        3.4083697555674579E-008   3.8115574856400520E-009   3.4700579132056958E-008
   8.1398720000000022        3.5484373652877939E-008   3.9672148146734461E-009   3.4978171553988766E-008
   8.2216799999999992        3.7254887575478908E-008   3.9732814377520184E-009   3.6736115073684785E-008
   8.3043099999999992        3.8617646589133029E-008   4.4163079276423298E-009   3.6363666813109695E-008
   8.3877710000000008        4.0026155213908513E-008   4.2808084282172736E-009   3.7621667122831279E-008
   8.4720700000000004        4.0940009667307903E-008   4.4098926623526595E-009   3.7993229543638330E-008
   8.5572160000000004        4.2310309005056379E-008   4.6627772353023342E-009   3.8483275512613070E-008
   8.6432179999999992        4.3557771025850157E-008   3.9699030281158002E-009   4.0717774228343898E-008
   8.7300850000000008        4.4516902207935050E-008   4.0705227461226725E-009   4.1380273701979430E-008
   8.8178239999999999        4.5294781057397629E-008   3.9600889144992484E-009   4.3998540741734253E-008
   8.9064460000000008        4.7664695197161618E-008   3.8455420788586637E-009   4.6486339005351020E-008
   8.9959579999999999        4.7503647310882595E-008   3.9165205562982440E-009   4.8674602060353635E-008
   9.0863689999999995        5.1191721020476068E-008   3.5362812590386461E-009   5.2160404166353871E-008
   9.1776900000000001        5.7522963350807506E-008   4.5066255901165317E-009   5.7048711648680973E-008
   9.2699280000000002        6.0963599120196255E-008   5.0821984148001389E-009   5.9250105196520870E-008
   9.3630929999999992        6.1843278057330733E-008   4.5956072168118975E-009   6.2601841440626406E-008
   9.4571939999999994        6.5360775590510399E-008   4.7512882291088273E-009   6.4106425154898647E-008
   9.5522419999999997        6.7656826723355191E-008   4.9243362555001642E-009   6.8194744076769965E-008
   9.6482440000000000        6.9348202371448549E-008   4.4995361216619279E-009   7.0819225871379641E-008
   9.7452110000000012        6.8866333045572549E-008   3.6506995791669009E-009   7.1286569488298857E-008
   9.8431530000000009        6.6467848366047341E-008   3.7809686184122124E-009   7.3767345164143850E-008
   9.9420790000000014        6.7532045143476280E-008   3.5451776611377239E-009   7.5309779141129436E-008
   10.042000000000000        7.4160322727230500E-008   3.5131378370522009E-009   8.0246761772171603E-008
   10.142920000000000        8.2761451282855103E-008   6.9512816324515669E-009   7.7745537510026690E-008
   10.244860000000001        9.1275922924257177E-008   7.0673903010152691E-009   8.6660812367661418E-008
   10.347830000000000        1.0034266646666542E-007   9.6026296074155694E-009   1.1192781603230282E-007
   10.451820000000000        9.7518843362367737E-008   7.7669083610532149E-009   1.0759579278333188E-007
   10.556870000000000        1.0546735935446586E-007   6.2923758257659060E-009   1.0855454458448991E-007
   10.662970000000000        1.0993226787722803E-007   8.1934717184258658E-009   1.1710561033502675E-007
   10.770130000000002        1.1768319211561997E-007   1.2021844575538481E-008   1.3382566978452910E-007
   10.878380000000000        1.1198743644069943E-007   6.5319907674933162E-009   1.2234709056303038E-007
   10.987710000000002        1.1466384412843119E-007   6.4043596943075783E-009   1.2730771269684779E-007
   11.098140000000003        1.1129355449364698E-007   5.0723403096750527E-009   1.1590139568311128E-007
   11.209670000000001        1.1916190053465238E-007   7.0019408705547762E-009   1.3645488896618028E-007
   11.322330000000001        1.1542423951832878E-007   7.5681474419909678E-009   1.2698745846666324E-007
   11.436130000000002        1.2364900170821515E-007   5.4578556719347539E-009   1.4056301871329735E-007
   11.551060000000000        1.3569332394608946E-007   4.9177542673565712E-009   1.4982021602183449E-007
   11.667149999999999        1.3684137173650941E-007   6.9072947260863101E-009   1.5405562864547218E-007
   11.784409999999999        1.4826040733917351E-007   8.8811080959291894E-009   1.7011431334047178E-007
   11.902850000000001        1.4867408468374002E-007   7.9075537880508570E-009   1.5842762254468761E-007
   12.022470000000000        1.7098665639633968E-007   1.0377867553312596E-008   1.8551902086663083E-007
   12.143300000000000        1.6869936989043919E-007   4.4165940721124696E-009   1.7568959175637840E-007
   12.265350000000000        1.8665849517092767E-007   1.0323382380129181E-008   2.0314433174469000E-007
   12.388620000000001        1.9643016526751874E-007   8.9503487506747695E-009   2.0853529694145750E-007
   12.513130000000000        2.0388610181426325E-007   1.1024150452756977E-008   2.1304898510091253E-007
   12.638890000000000        2.2555540895206546E-007   8.4168410405373582E-009   2.2236839904315478E-007
   12.765910000000002        2.2737827669221820E-007   9.0640199318906389E-009   2.2607338939207829E-007
   12.894209999999999        2.4052795118351845E-007   1.0065409543112709E-008   2.3863185970146079E-007
   13.023800000000001        2.5801891585372256E-007   1.0826612066123799E-008   2.5097500785376790E-007
   13.154690000000000        2.6909314450647478E-007   1.2250717720414238E-008   2.5780371467433184E-007
   13.286899999999999        2.8603939022525729E-007   1.7713775017950666E-008   2.7324345903806881E-007
   13.420439999999999        2.9669506808240001E-007   1.5093649254517750E-008   2.8953790517958963E-007
   13.555320000000000        3.1253759761877386E-007   1.8054460691740370E-008   2.9924713742652543E-007
   13.691549999999999        3.1988187328255441E-007   1.8368978504234823E-008   3.0794478673171914E-007
   13.829150000000002        3.2932979673237513E-007   1.6542287176619130E-008   3.2058077122792880E-007
   13.968140000000002        3.4348392895470244E-007   2.1089459897995530E-008   3.3293260970260699E-007
   14.108520000000002        3.5610141652927586E-007   1.5847010053922822E-008   3.5336177328112691E-007
   14.250320000000002        3.7033290708187666E-007   1.5572569187796199E-008   3.7087456682698678E-007
   14.393540000000002        3.8153730974555575E-007   1.3076586600750270E-008   3.8929286369205236E-007
   14.538200000000000        3.9052110600727370E-007   1.1772809340814560E-008   4.0519784198801026E-007
   14.684310000000000        4.0328278693132145E-007   1.0330070959996980E-008   4.1748350239863721E-007
   14.831890000000000        4.1300894047662881E-007   1.0991414255188913E-008   4.2978837226091204E-007
   14.980950000000000        3.7566084046895407E-007   4.6930820996433241E-008   4.4064989185335419E-007
   15.131520000000000        4.3838090154083834E-007   1.2363798551128261E-008   4.5048700279463097E-007
   15.283590000000002        4.5037456347922870E-007   1.2326974840989811E-008   4.6495687758341840E-007
   15.437190000000001        4.5549581322161439E-007   1.3413178010976599E-008   4.7481272848952707E-007
   15.592340000000000        4.7388439148837664E-007   1.5948882100868867E-008   4.8209764537116586E-007
   15.749050000000002        4.8505506870941167E-007   1.9828820601599411E-008   4.9152740440461151E-007
   15.907330000000000        4.9651207466593243E-007   2.0044409266872608E-008   4.9770409797434078E-007
   15.993430000000000        5.0095913148685011E-007   2.3225226239851862E-008   5.0023353492930831E-007
