   6.0301510000000009        1.8081113165951199E-008   6.0157268355813830E-009   1.9632562536532398E-008
   6.0907549999999997        1.9083528608953386E-008   6.0457234029618702E-009   2.1201374283716626E-008
   6.1519690000000002        2.0002373534819034E-008   5.7031951712973365E-009   2.2805901081473168E-008
   6.2137979999999997        2.1401685257284518E-008   5.1751634119479002E-009   2.3061235997490301E-008
   6.2762479999999998        2.2149277744327732E-008   5.1160773218683028E-009   2.3074528208643109E-008
   6.3393259999999998        2.4317867734731543E-008   5.8139733386516856E-009   2.5020259511401944E-008
   6.4030379999999996        2.7168667785416415E-008   6.9266924712405747E-009   2.8372014602551027E-008
   6.4673900000000000        3.0392700257794329E-008   7.5111996147885395E-009   3.2328380439112122E-008
   6.5323890000000011        2.9355741136592793E-008   8.6343844076672462E-009   3.2521935260748837E-008
   6.5980410000000012        2.8204288905198337E-008   1.1094832954420726E-008   3.2547720240861691E-008
   6.6643530000000002        3.0095767766101724E-008   1.0069257970212793E-008   3.3775275904874479E-008
   6.7313310000000008        3.4251913979382682E-008   8.2254471789749874E-009   3.5535267085555518E-008
   6.7989830000000007        3.7250007739444098E-008   8.6460190293438629E-009   3.7869480312132833E-008
   6.8673140000000004        3.9317728620848622E-008   9.0079129735076358E-009   3.9994751100555197E-008
   6.9363330000000003        4.1618208989247082E-008   8.3517677036880721E-009   4.1457145659723769E-008
   7.0060440000000010        4.4038861316690684E-008   9.1781051803871506E-009   4.4219888086669601E-008
   7.0764570000000004        4.6926928078522930E-008   8.6091446550784689E-009   4.6770624631622882E-008
   7.1475770000000001        5.0148900930313011E-008   8.6812232440329334E-009   5.0235703690492274E-008
   7.2194120000000011        5.3682200030795539E-008   8.1866620381452558E-009   5.5139043493424239E-008
   7.2919690000000008        5.7405084699291347E-008   8.2108138173880562E-009   6.1390681178305522E-008
   7.3652550000000012        6.0838551135109953E-008   8.3894667972913621E-009   6.6500928049621319E-008
   7.4392779999999998        6.3383819509096182E-008   8.5222538861808858E-009   6.9331672204031619E-008
   7.5140440000000002        6.6092015272586050E-008   8.3896446528364894E-009   7.0110835518763378E-008
   7.5895620000000008        6.8524060970633469E-008   8.7720293716739810E-009   6.9283673565782730E-008
   7.6658390000000001        6.9377832158066698E-008   1.1322799509160566E-008   7.9338961142416319E-008
   7.7428830000000000        7.4405521652103873E-008   9.7062266945726088E-009   8.2124979974560341E-008
   7.8207009999999997        7.8180281915022683E-008   9.4164146973510083E-009   8.2482044233151137E-008
   7.8993010000000004        8.1553496484169130E-008   9.4022780390571124E-009   8.6180755601911519E-008
   7.9786910000000013        8.3997680004357335E-008   9.4135860183745033E-009   8.6431540392875072E-008
   8.0588790000000010        8.7060790974848929E-008   9.7359510071900056E-009   8.8636506106399219E-008
   8.1398720000000022        8.8910556140459078E-008   9.9403551250981842E-009   8.7642203186790743E-008
   8.2216799999999992        9.1564132609131198E-008   9.7654319241372399E-009   9.0289106505455631E-008
   8.3043099999999992        9.3100016009609812E-008   1.0646903037394491E-008   8.7666086918442556E-008
   8.3877710000000008        9.4651893522221503E-008   1.0123046327363790E-008   8.8965877726904757E-008
   8.4720700000000004        9.4963048056229386E-008   1.0229036393027940E-008   8.8127797533105211E-008
   8.5572160000000004        9.6266219095846857E-008   1.0608949579524429E-008   8.7558789314923725E-008
   8.6432179999999992        9.7210700630809040E-008   8.8598898821171998E-009   9.0872495714148080E-008
   8.7300850000000008        9.7452667099680044E-008   8.9108468564746631E-009   9.0586223154894986E-008
   8.8178239999999999        9.7260646666340914E-008   8.5034257742040684E-009   9.4477253781040449E-008
   8.9064460000000008        1.0039350548005667E-007   8.0996521255563469E-009   9.7911599148532850E-008
   8.9959579999999999        9.8142103463094521E-008   8.0914958621188258E-009   1.0056128532972253E-007
   9.0863689999999995        1.0374030894067929E-007   7.1662937483009433E-009   1.0570335075321757E-007
   9.1776900000000001        1.1429369392397470E-007   8.9543176467715817E-009   1.1335139235033714E-007
   9.2699280000000002        1.1873790328062808E-007   9.8985229307038491E-009   1.1540055642582400E-007
   9.3630929999999992        1.1807250692383192E-007   8.7740314221897037E-009   1.1952077233180935E-007
   9.4571939999999994        1.2232374354867062E-007   8.8921123963484432E-009   1.1997620651870542E-007
   9.5522419999999997        1.2412009837700472E-007   9.0339605044340808E-009   1.2510693677983937E-007
   9.6482440000000000        1.2471034541448280E-007   8.0916113864319723E-009   1.2735571822179246E-007
   9.7452110000000012        1.2139778498222533E-007   6.4354645143240520E-009   1.2566418527227426E-007
   9.8431530000000009        1.1485546737625209E-007   6.5334583332850036E-009   1.2746889081279374E-007
   9.9420790000000014        1.1438945635125311E-007   6.0050150186414999E-009   1.2756380582854187E-007
   10.042000000000000        1.2313554705124660E-007   5.8332020887095735E-009   1.3324144969341091E-007
   10.142920000000000        1.3470257097915459E-007   1.1313908745887082E-008   1.2653866773027917E-007
   10.244860000000001        1.4562611241793973E-007   1.1275663302042512E-008   1.3826293725406082E-007
   10.347830000000000        1.5692900145323851E-007   1.5017849621503186E-008   1.7504737539166579E-007
   10.451820000000000        1.4950016775517819E-007   1.1906971646513982E-008   1.6494852190860672E-007
   10.556870000000000        1.5849126274436380E-007   9.4558790169000162E-009   1.6313053586570736E-007
   10.662970000000000        1.6193726891254456E-007   1.2069508422002672E-008   1.7250406162064759E-007
   10.770130000000002        1.6993026160931567E-007   1.7359107592363136E-008   1.9323941395288344E-007
   10.878380000000000        1.5851085045174593E-007   9.2456032980680517E-009   1.7317425946893634E-007
   10.987710000000002        1.5909261381631401E-007   8.8858552696525808E-009   1.7663559883124356E-007
   11.098140000000003        1.5136555407355108E-007   6.8986708611899053E-009   1.5763247975401421E-007
   11.209670000000001        1.5886511435059898E-007   9.3348975812394157E-009   1.8191990428187719E-007
   11.322330000000001        1.5084166184204467E-007   9.8904003351415472E-009   1.6595300387634319E-007
   11.436130000000002        1.5839711952731599E-007   6.9916344271856084E-009   1.8006435125768782E-007
   11.551060000000000        1.7039166998185537E-007   6.1752806829921351E-009   1.8813097109438486E-007
   11.667149999999999        1.6843794786667451E-007   8.5021842021031892E-009   1.8962696454343268E-007
   11.784409999999999        1.7888746864280966E-007   1.0715733043883006E-008   2.0525586998941267E-007
   11.902850000000001        1.7584171377295228E-007   9.3525230896863511E-009   1.8737754274050056E-007
   12.022470000000000        1.9823544774651190E-007   1.2031706242130822E-008   2.1508372022752902E-007
   12.143300000000000        1.9171860839636277E-007   5.0192438176084477E-009   1.9966265471609766E-007
   12.265350000000000        2.0793600437188479E-007   1.1500161735266775E-008   2.2630108860090437E-007
   12.388620000000001        2.1449715004877508E-007   9.7735716729033973E-009   2.2771567094900822E-007
   12.513130000000000        2.1823887620966562E-007   1.1800207000709097E-008   2.2804679020441402E-007
   12.638890000000000        2.3666214842813557E-007   8.8313008891531341E-009   2.3331820462466533E-007
   12.765910000000002        2.3385985505357635E-007   9.3223962214470244E-009   2.3251777101937840E-007
   12.894209999999999        2.4249511627518218E-007   1.0147729798156190E-008   2.4058351755184265E-007
   13.023800000000001        2.5498786754594108E-007   1.0699427653797100E-008   2.4802670706607773E-007
   13.154690000000000        2.6067604080095399E-007   1.1867521181874005E-008   2.4973973888608917E-007
   13.286899999999999        2.7161538715212298E-007   1.6820529003496083E-008   2.5946471167822019E-007
   13.420439999999999        2.7616500603301296E-007   1.4049231638310940E-008   2.6950308897113254E-007
   13.555320000000000        2.8516114623331556E-007   1.6472996352141156E-008   2.7303485201698659E-007
   13.691549999999999        2.8609328443240364E-007   1.6428693936348051E-008   2.7541709242803322E-007
   13.829150000000002        2.8872127652348243E-007   1.4502514857872830E-008   2.8105106314757975E-007
   13.968140000000002        2.9517754119069793E-007   1.8123511445425143E-008   2.8611012286160777E-007
   14.108520000000002        2.9997149009803338E-007   1.3349149985992658E-008   2.9766367881355718E-007
   14.250320000000002        3.0579280065335456E-007   1.2858645435609405E-008   3.0624006215048640E-007
   14.393540000000002        3.0881671108018852E-007   1.0584203334903340E-008   3.1509406483088588E-007
   14.538200000000000        3.0983960335722647E-007   9.3405516896448966E-009   3.2148413161677069E-007
   14.684310000000000        3.1363954542988519E-007   8.0338632471900191E-009   3.2468367150786406E-007
   14.831890000000000        3.1485388112698865E-007   8.3792119205142809E-009   3.2764553937605713E-007
   14.980950000000000        2.8072043434184781E-007   3.5070039341050310E-008   3.2928486471824414E-007
   15.131520000000000        3.2111263648264290E-007   9.0564436902669820E-009   3.2998031771024102E-007
   15.283590000000002        3.2337608925837912E-007   8.8509637082325160E-009   3.3384642237604290E-007
   15.437190000000001        3.2058742082064427E-007   9.4404734768769825E-009   3.3418306728806447E-007
   15.592340000000000        3.2693546548051068E-007   1.1003222066809182E-008   3.3260183480921021E-007
   15.749050000000002        3.2802582769527319E-007   1.3409539884547391E-008   3.3240284261687554E-007
   15.907330000000000        3.2913517773450438E-007   1.3287330849051626E-008   3.2992536355977486E-007
   15.993430000000000        3.2852262768698335E-007   1.5230808010814944E-008   3.2804679069202351E-007
