#  lambda [mu]          flux [Jy]
      6.030151     1.4829935E-008     0.0000000E+000
      6.090755     1.6435456E-008     0.0000000E+000
      6.151969     1.8419941E-008     0.0000000E+000
      6.213798     1.8436960E-008     0.0000000E+000
      6.276248     1.7826141E-008     0.0000000E+000
      6.339326     1.9363681E-008     0.0000000E+000
      6.403038     2.3018361E-008     0.0000000E+000
      6.467390     2.9681340E-008     0.0000000E+000
      6.532389     2.7415900E-008     0.0000000E+000
      6.598041     2.4397329E-008     0.0000000E+000
      6.664353     2.5849064E-008     0.0000000E+000
      6.731331     2.8753801E-008     0.0000000E+000
      6.798983     3.1400019E-008     0.0000000E+000
      6.867314     3.2925649E-008     0.0000000E+000
      6.936333     3.5206120E-008     0.0000000E+000
      7.006044     3.7925790E-008     0.0000000E+000
      7.076457     4.0723664E-008     0.0000000E+000
      7.147577     4.5249313E-008     0.0000000E+000
      7.219412     5.2356216E-008     0.0000000E+000
      7.291969     6.1407450E-008     0.0000000E+000
      7.365255     6.9456989E-008     0.0000000E+000
      7.439278     7.3454372E-008     0.0000000E+000
      7.514044     7.4315711E-008     0.0000000E+000
      7.589562     7.2150623E-008     0.0000000E+000
      7.665839     8.3966225E-008     0.0000000E+000
      7.742883     8.8492204E-008     0.0000000E+000
      7.820701     8.9224351E-008     0.0000000E+000
      7.899301     9.3050261E-008     0.0000000E+000
      7.978691     9.3837601E-008     0.0000000E+000
      8.058879     9.6279481E-008     0.0000000E+000
      8.139872     9.3142203E-008     0.0000000E+000
      8.221680     9.4193303E-008     0.0000000E+000
      8.304310     8.9260080E-008     0.0000000E+000
      8.387771     8.8697305E-008     0.0000000E+000
      8.472070     8.4767781E-008     0.0000000E+000
      8.557216     8.2725602E-008     0.0000000E+000
      8.643218     8.6490150E-008     0.0000000E+000
      8.730085     8.4958555E-008     0.0000000E+000
      8.817824     8.7096119E-008     0.0000000E+000
      8.906446     9.2180590E-008     0.0000000E+000
      8.995958     9.2707676E-008     0.0000000E+000
      9.086369     9.8436799E-008     0.0000000E+000
      9.177690     1.0242053E-007     0.0000000E+000
      9.269928     1.0311468E-007     0.0000000E+000
      9.363093     1.0828685E-007     0.0000000E+000
      9.457194     1.0906424E-007     0.0000000E+000
      9.552242     1.1518057E-007     0.0000000E+000
      9.648244     1.2005895E-007     0.0000000E+000
      9.745211     1.1785467E-007     0.0000000E+000
      9.843153     1.2299587E-007     0.0000000E+000
      9.942079     1.2305530E-007     0.0000000E+000
     10.042000     1.3074136E-007     0.0000000E+000
     10.142920     1.2123598E-007     0.0000000E+000
     10.244860     1.2926116E-007     0.0000000E+000
     10.347830     1.8942330E-007     0.0000000E+000
     10.451820     1.5914091E-007     0.0000000E+000
     10.556870     1.5447075E-007     0.0000000E+000
     10.662970     1.7325744E-007     0.0000000E+000
     10.770130     2.1077186E-007     0.0000000E+000
     10.878380     1.6692925E-007     0.0000000E+000
     10.987710     1.7045273E-007     0.0000000E+000
     11.098140     1.5724934E-007     0.0000000E+000
     11.209670     1.8092447E-007     0.0000000E+000
     11.322330     1.6515258E-007     0.0000000E+000
     11.436130     1.8156161E-007     0.0000000E+000
     11.551060     1.9045803E-007     0.0000000E+000
     11.667150     1.9022767E-007     0.0000000E+000
     11.784410     2.0743736E-007     0.0000000E+000
     11.902850     1.8702017E-007     0.0000000E+000
     12.022470     2.1609820E-007     0.0000000E+000
     12.143300     1.9989639E-007     0.0000000E+000
     12.265350     2.2752033E-007     0.0000000E+000
     12.388620     2.2844867E-007     0.0000000E+000
     12.513130     2.2320996E-007     0.0000000E+000
     12.638890     2.2425325E-007     0.0000000E+000
     12.765910     2.2816499E-007     0.0000000E+000
     12.894210     2.3218321E-007     0.0000000E+000
     13.023800     2.3844013E-007     0.0000000E+000
     13.154690     2.3950775E-007     0.0000000E+000
     13.286900     2.3961217E-007     0.0000000E+000
     13.420440     2.5472541E-007     0.0000000E+000
     13.555320     2.5242733E-007     0.0000000E+000
     13.691550     2.5540378E-007     0.0000000E+000
     13.829150     2.6634182E-007     0.0000000E+000
     13.968140     2.6233858E-007     0.0000000E+000
     14.108520     2.7689800E-007     0.0000000E+000
     14.250320     2.8602311E-007     0.0000000E+000
     14.393540     3.0021293E-007     0.0000000E+000
     14.538200     3.1219282E-007     0.0000000E+000
     14.684310     3.2305422E-007     0.0000000E+000
     14.831890     3.2625092E-007     0.0000000E+000
     14.980950     3.6564124E-007     0.0000000E+000
     15.131520     3.2422459E-007     0.0000000E+000
     15.283590     3.2929184E-007     0.0000000E+000
     15.437190     3.3224840E-007     0.0000000E+000
     15.592340     3.2310413E-007     0.0000000E+000
     15.749050     3.2037890E-007     0.0000000E+000
     15.907330     3.2305951E-007     0.0000000E+000
     15.993430     3.1754810E-007     0.0000000E+000
