   6.0301510000000009        6.9368658616602863E-010   2.4392625600435415E-009   3.3583578781578841E-009   4.2172322940412293E-009   5.4810687052995344E-009   7.6974834969507025E-009   1.3098411930896119E-008
   6.0907549999999997        9.5723059881800812E-010   2.7612281224013937E-009   3.7906728574424142E-009   4.6753060209772412E-009   5.9633258806485139E-009   8.2564017581814642E-009   1.3019693391852087E-008
   6.1519690000000002        9.9410241178120492E-010   3.1212359806445343E-009   4.1974528846344120E-009   5.1884638723924795E-009   6.4254545788571905E-009   8.6788986013837245E-009   1.1619272224875598E-008
   6.2137979999999997        2.3062424956291781E-009   3.3167469649466962E-009   4.4120440476873511E-009   5.3861794209954449E-009   6.5489434923378796E-009   8.7502830357980706E-009   1.0212241816530440E-008
   6.2762479999999998        1.9688372455791733E-009   3.3729905168185602E-009   4.4950777036634570E-009   5.4903044302704571E-009   6.6735998299704962E-009   8.8109573893610163E-009   1.0043336130771063E-008
   6.3393259999999998        2.5058344545254861E-009   3.7246560514409927E-009   4.9395539538747638E-009   6.0065504895842454E-009   7.4036114871482833E-009   9.9011182302553684E-009   1.3275697070096343E-008
   6.4030379999999996        1.3817571199272670E-009   4.3292026269904397E-009   5.6961595974734428E-009   6.9333687310323176E-009   8.6488164161227208E-009   1.1706633362831123E-008   1.5705175735465235E-008
   6.4673900000000000        1.5517367530050380E-009   5.2499905500147877E-009   6.7728628781802094E-009   8.1071932802226821E-009   9.7732504292101310E-009   1.3068952808264564E-008   2.0099360661955662E-008
   6.5323890000000011        1.1681273354247663E-009   5.2319300945055274E-009   6.7845348283119073E-009   8.1844485265444688E-009   1.0223068743967765E-008   1.4238568080069631E-008   2.3015382792342641E-008
   6.5980410000000012        1.2488579897002776E-009   4.8106698276417934E-009   6.5516932273286267E-009   8.0184934312932744E-009   1.0761271461297364E-008   1.5864083966744897E-008   2.8936367776178965E-008
   6.6643530000000002        2.2617435401612123E-009   5.4174369370984964E-009   7.1082462623552599E-009   8.6339226654765020E-009   1.1246581547181866E-008   1.6121608124140855E-008   2.6187937720942345E-008
   6.7313310000000008        4.5263928718343651E-009   6.1769952441362049E-009   7.9824244948061540E-009   9.4892839028715882E-009   1.1722127280878023E-008   1.5864150790256802E-008   2.2169212979462330E-008
   6.7989830000000007        4.8273894532280898E-009   6.7934900471398707E-009   8.7153909464280508E-009   1.0310578455707800E-008   1.2731573973445306E-008   1.6793769334980110E-008   2.4330891547158478E-008
   6.8673140000000004        4.9998233714582033E-009   7.3884044282482696E-009   9.3930232719322788E-009   1.1088723438110732E-008   1.3678188526456095E-008   1.8038478142016058E-008   2.5375031422909353E-008
   6.9363330000000003        5.7116584423694487E-009   8.1490388093154482E-009   1.0008196694761845E-008   1.1838757370487089E-008   1.4320927359657040E-008   1.8404260060296901E-008   2.4273357695716771E-008
   7.0060440000000010        6.0793342921709175E-009   8.6874573599268238E-009   1.0905663376110947E-008   1.2827740408624060E-008   1.5490603481553893E-008   2.0148247651370823E-008   2.5985972713627249E-008
   7.0764570000000004        6.6544824302556995E-009   9.8593506412961964E-009   1.1965167795431201E-008   1.3968724074425527E-008   1.6597943212671003E-008   2.0971535559919769E-008   2.6097387504300636E-008
   7.1475770000000001        7.4898357154542254E-009   1.0889161277831569E-008   1.3224912351233568E-008   1.5344113348838705E-008   1.7992952686935209E-008   2.2294839489929538E-008   2.7066991700422185E-008
   7.2194120000000011        9.9706514608120407E-009   1.2707676616144190E-008   1.5076422027645823E-008   1.7296991164273685E-008   1.9902226470073717E-008   2.3325252325202514E-008   2.8273086919933571E-008
   7.2919690000000008        1.1532753223018372E-008   1.4704280042764317E-008   1.7305605153727202E-008   1.9666628230808369E-008   2.2294681633237298E-008   2.5680475120802858E-008   3.0232181270871333E-008
   7.3652550000000012        1.3178845466458923E-008   1.6423549294149456E-008   1.9236058891461774E-008   2.1843525357140227E-008   2.4456394475875260E-008   2.8005613816714649E-008   3.2434325264082042E-008
   7.4392779999999998        1.4797647304626058E-008   1.7452263933471625E-008   2.0518240101092025E-008   2.3227862703779744E-008   2.5888305353955598E-008   2.9787757544836487E-008   3.3369121958878071E-008
   7.5140440000000002        1.4424001956812918E-008   1.8316169527057352E-008   2.1279403353209878E-008   2.3906139516231321E-008   2.6580814274465812E-008   3.0218108877650476E-008   3.7170177923509846E-008
   7.5895620000000008        1.3881992149902283E-008   1.8276457870616639E-008   2.1196426557327777E-008   2.4146523227066856E-008   2.7000486289237181E-008   3.0649781538141399E-008   3.4759344392099602E-008
   7.6658390000000001        1.7319506119903718E-008   2.1158378416810757E-008   2.4476280251952280E-008   2.7871510167915595E-008   3.1747803169575693E-008   3.7863784846053147E-008   4.5052172020330843E-008
   7.7428830000000000        1.8529203993899204E-008   2.2921342980517244E-008   2.6373121997467563E-008   2.9678269403452489E-008   3.3058364635268696E-008   3.7574658639778002E-008   4.1406591057011650E-008
   7.8207009999999997        1.9260889343225305E-008   2.3764418357347945E-008   2.7161592745220197E-008   3.0476260560542077E-008   3.3577937915140863E-008   3.8041565021686030E-008   4.3923260881216741E-008
   7.8993010000000004        2.1496260674197859E-008   2.5481498779393742E-008   2.9064812895543526E-008   3.2471826888897106E-008   3.5774780420886235E-008   3.9943728037453305E-008   4.5918746906570967E-008
   7.9786910000000013        2.1007679333039354E-008   2.6082850725244695E-008   2.9704716890728570E-008   3.3197010368458081E-008   3.6582874250320057E-008   4.0528567587502095E-008   4.6735263051676232E-008
   8.0588790000000010        2.1832095352195595E-008   2.6975282739808326E-008   3.0927251204889283E-008   3.4700156629726085E-008   3.8192402059790002E-008   4.2433457015457243E-008   4.8265007648602735E-008
   8.1398720000000022        2.1579607950969209E-008   2.7041646806664940E-008   3.0983451735038828E-008   3.5011612788889997E-008   3.8774528853673219E-008   4.3052309700014176E-008   4.8209018707565913E-008
   8.2216799999999992        2.4119865840885110E-008   2.8968420100341657E-008   3.2708424145528572E-008   3.6737238835936177E-008   4.0560835135873732E-008   4.4907782832005760E-008   4.9599380839552437E-008
   8.3043099999999992        2.2937700972608113E-008   2.7561161811760066E-008   3.1808888263116208E-008   3.6396086182208419E-008   4.0818659247931663E-008   4.5072227122473802E-008   5.0350561003271553E-008
   8.3877710000000008        2.4240608642674181E-008   2.9573317071587179E-008   3.3219414289802133E-008   3.7489531835905574E-008   4.1994790623258813E-008   4.6292477652705237E-008   5.0928428479063619E-008
   8.4720700000000004        2.4438107236837464E-008   2.9658444666863477E-008   3.3571828140333404E-008   3.7909968727777818E-008   4.2568592536257649E-008   4.7164913929342171E-008   5.0549299066355440E-008
   8.5572160000000004        2.3729972922805847E-008   2.9823093531768954E-008   3.3699270398262374E-008   3.8363626626648049E-008   4.3309709156534579E-008   4.8201008010756695E-008   5.0915418612959353E-008
   8.6432179999999992        2.3362094274917409E-008   3.2903622760386374E-008   3.7009147941305466E-008   4.0635502187674378E-008   4.4581738861282256E-008   4.8966964818154497E-008   5.2303027294816396E-008
   8.7300850000000008        2.2682681791357964E-008   3.3513067194292148E-008   3.7593853970506497E-008   4.1317244564275817E-008   4.5368746100465757E-008   4.9750188646409428E-008   5.4057345300896536E-008
   8.8178239999999999        2.2317990295723728E-008   3.6036777774943388E-008   4.0363757420799498E-008   4.4157099754965341E-008   4.7704074673759386E-008   5.1674709905538282E-008   5.5317275676547764E-008
   8.9064460000000008        2.5387448561910508E-008   3.8570591990549982E-008   4.3010692372453187E-008   4.6657361446641642E-008   4.9908656390427128E-008   5.3894813925963822E-008   5.8431360735566572E-008
   8.9959579999999999        3.0088118387030849E-008   4.0064064070930606E-008   4.5055490688072782E-008   4.9020164926649416E-008   5.2301349681332625E-008   5.6190785512846141E-008   6.0202983157756609E-008
   9.0863689999999995        3.8341681896626979E-008   4.4596579328990403E-008   4.8614780155446810E-008   5.2400206593502995E-008   5.5534803125865378E-008   5.8671953912010690E-008   6.1939803107333630E-008
   9.1776900000000001        4.1288250583678485E-008   4.8051768245577726E-008   5.2723237928782686E-008   5.6956819442113641E-008   6.1313599484055100E-008   6.6720713085362892E-008   7.2629649218877873E-008
   9.2699280000000002        4.2382332158766005E-008   4.9682694433006926E-008   5.4473065731822383E-008   5.8972220969056108E-008   6.4037103041423997E-008   7.0905640013510550E-008   7.8962051992435737E-008
   9.3630929999999992        4.5978401758576127E-008   5.2997932133287438E-008   5.8198614620853213E-008   6.2718862343409533E-008   6.6874767107891004E-008   7.1816177787284348E-008   7.7182321290590345E-008
   9.4571939999999994        4.7140810510125431E-008   5.5108479044680058E-008   5.9660399181909310E-008   6.3923856293375861E-008   6.8630396966014044E-008   7.4873438845468106E-008   8.1743367085416047E-008
   9.5522419999999997        5.1822154587910039E-008   5.8168705859285297E-008   6.3486373653863967E-008   6.8261174074984453E-008   7.2898550336359502E-008   7.8294739578807742E-008   8.4679255709982605E-008
   9.6482440000000000        5.5855681843619088E-008   6.1431349305485329E-008   6.6605367202277636E-008   7.0858037369131254E-008   7.5210283890980965E-008   7.9784435471433152E-008   8.4331484099848308E-008
   9.7452110000000012        5.4991161690122953E-008   6.3319068669712854E-008   6.7785821855766633E-008   7.1503567122566932E-008   7.4791005256181557E-008   7.8405541635195390E-008   8.1971334785898576E-008
   9.8431530000000009        5.9439091923163805E-008   6.5710310010167754E-008   7.0253919229698857E-008   7.3755002425501186E-008   7.7097227819568468E-008   8.1640757051048798E-008   8.8321487672469562E-008
   9.9420790000000014        5.8554038754080764E-008   6.6814163079362647E-008   7.2211612321330069E-008   7.5709897946722430E-008   7.8508238383854706E-008   8.1448218205625863E-008   8.5148833309395228E-008
   10.042000000000000        6.7267750905599912E-008   7.2266257648972477E-008   7.6929096311045352E-008   8.0564704268454207E-008   8.3510709264744412E-008   8.6678298170577678E-008   8.9831275922332916E-008
   10.142920000000000        5.8599948365596028E-008   6.4158386108761434E-008   7.0933073578264355E-008   7.7484612674273660E-008   8.4839840384836131E-008   9.1861852996660243E-008   9.9698668678229655E-008
   10.244860000000001        6.7408541908986003E-008   7.4601273537758287E-008   7.9654989088210905E-008   8.5883191248695723E-008   9.3992106606978449E-008   1.0177120819457470E-007   1.1082924555831313E-007
   10.347830000000000        8.3606718302460098E-008   9.0751748799459014E-008   1.0250880988172366E-007   1.1288482863049695E-007   1.2064268817409813E-007   1.3113099756604157E-007   1.4365848405957403E-007
   10.451820000000000        8.4203628975508805E-008   9.1801963679162110E-008   9.9727408188460147E-008   1.0803331200469912E-007   1.1465917448990435E-007   1.2214318526861929E-007   1.4620025574696839E-007
   10.556870000000000        8.7844636385189801E-008   9.4915161233403967E-008   1.0234570363669322E-007   1.0890358526975052E-007   1.1437492906222279E-007   1.2028617824489597E-007   1.3264391797125379E-007
   10.662970000000000        8.9923494758015101E-008   9.8485005761277958E-008   1.0876369658014358E-007   1.1820912840721756E-007   1.2428380143962156E-007   1.3151062210808362E-007   1.4195772917576831E-007
   10.770130000000002        1.0197535313910176E-007   1.0873378812687222E-007   1.2155116773240469E-007   1.3478177850000581E-007   1.4491874726639153E-007   1.5815541147750261E-007   1.7541261497279141E-007
   10.878380000000000        1.0316700069395842E-007   1.0907557734651270E-007   1.1585704757414179E-007   1.2267953612246285E-007   1.2863062257018416E-007   1.3532035765257358E-007   1.4116574646008711E-007
   10.987710000000002        1.0922793120264508E-007   1.1409657905047295E-007   1.2082984186276048E-007   1.2743710148017287E-007   1.3354610766696601E-007   1.3994772565051952E-007   1.4840264330007453E-007
   11.098140000000003        9.5134622590424663E-008   1.0601554202528159E-007   1.1124490736266532E-007   1.1593736415530587E-007   1.2080612033260039E-007   1.2612031322851847E-007   1.3163170911461425E-007
   11.209670000000001        1.1491642055130293E-007   1.2311188929353889E-007   1.2917509493513926E-007   1.3680460527250417E-007   1.4366866378079241E-007   1.5021076533624835E-007   1.5662722589651043E-007
   11.322330000000001        1.0333296157609844E-007   1.1424621011520648E-007   1.2010275336287030E-007   1.2629707179805981E-007   1.3341480214646719E-007   1.4672974813923753E-007   1.5874416738237810E-007
   11.436130000000002        1.1046337590047530E-007   1.2687900933267895E-007   1.3597929317834735E-007   1.4133153361940694E-007   1.4533026770982918E-007   1.4944873719566713E-007   1.5411099547736199E-007
   11.551060000000000        1.2824050519803884E-007   1.3920624889465760E-007   1.4509571158532851E-007   1.5016239026074891E-007   1.5461422015276659E-007   1.5894636897197090E-007   1.6339402928262455E-007
   11.667149999999999        1.2808809898839564E-007   1.4061834150904405E-007   1.4851871052821513E-007   1.5372623282017806E-007   1.5929161606407987E-007   1.7178717114929201E-007   1.8413105501516306E-007
   11.784409999999999        1.4064248585666862E-007   1.5280696785606043E-007   1.6061699638504654E-007   1.7065826677470415E-007   1.7864093192267644E-007   1.8707550224880999E-007   1.9691112227842240E-007
   11.902850000000001        1.3709129278049948E-007   1.4489006005401929E-007   1.5124919217341365E-007   1.5754659536330197E-007   1.6539309576091583E-007   1.7900064482424907E-007   1.8893611162037069E-007
   12.022470000000000        1.6025348133915196E-007   1.6628217979705501E-007   1.7458592000970604E-007   1.8564316653737627E-007   1.9551201072587343E-007   2.0679801543961825E-007   2.2097518715892405E-007
   12.143300000000000        1.6063622579162588E-007   1.6708759224245307E-007   1.7124494902302868E-007   1.7562529443176810E-007   1.7987758147832809E-007   1.8459765602432935E-007   1.8925068503077798E-007
   12.265350000000000        1.7676644898816938E-007   1.8292528710533293E-007   1.9258153088393490E-007   2.0297151114784764E-007   2.1313710508950877E-007   2.2489176574893954E-007   2.4099288368939839E-007
   12.388620000000001        1.8364852360517965E-007   1.9047533840089797E-007   2.0003747729167436E-007   2.0820132114878517E-007   2.1685777749390757E-007   2.2776489067815925E-007   2.4108359494788858E-007
   12.513130000000000        1.9003906971689209E-007   1.9774303497256034E-007   2.0416414004907045E-007   2.1051219481412256E-007   2.2184726667504672E-007   2.4478822687000330E-007   2.6395631870192792E-007
   12.638890000000000        2.0044742529961636E-007   2.0756183704071556E-007   2.1414437650305777E-007   2.2161235058714935E-007   2.3067854370123323E-007   2.4151058743927945E-007   2.5137689425328093E-007
   12.765910000000002        2.0332174921512571E-007   2.1192899717477123E-007   2.1786972460762457E-007   2.2479974357124412E-007   2.3410233728696840E-007   2.4964257701780541E-007   2.6381706191136893E-007
   12.894209999999999        2.1256776449453555E-007   2.2093345274362969E-007   2.2951181727436741E-007   2.3746052242375571E-007   2.4830860227927766E-007   2.6341760289785439E-007   2.7660590437377854E-007
   13.023800000000001        2.2328403319586429E-007   2.3198221613874925E-007   2.4102803765124886E-007   2.4951472956496909E-007   2.6150631951867010E-007   2.7601023803842254E-007   2.9270007621568649E-007
   13.154690000000000        2.2992193321838429E-007   2.3949867134198817E-007   2.4663732571199533E-007   2.5507106326742356E-007   2.7040456616184680E-007   2.8679159424730646E-007   3.0300301308815413E-007
   13.286899999999999        2.3700536365145160E-007   2.4584561983426455E-007   2.5495224825811354E-007   2.6979401812872354E-007   2.9242287946017313E-007   3.1052468293491954E-007   3.3011567808437993E-007
   13.420439999999999        2.5335994043163468E-007   2.6378798841358895E-007   2.7582007552376663E-007   2.8708017832650469E-007   3.0439080915076118E-007   3.2414380904068759E-007   3.4469674108190707E-007
   13.555320000000000        2.6283441887685991E-007   2.7135376216871043E-007   2.8044097833133625E-007   2.9694635888828223E-007   3.1888554828707065E-007   3.3693949771605659E-007   3.6303451072256452E-007
   13.691549999999999        2.6337850142817440E-007   2.7823842687058691E-007   2.8878040212149422E-007   3.0629095032668746E-007   3.2722530545702135E-007   3.4413629655036778E-007   3.7328922171290582E-007
   13.829150000000002        2.7672337164098276E-007   2.9295393055021201E-007   3.0380268138317324E-007   3.1845789334806044E-007   3.3818356537546778E-007   3.5412392339169428E-007   3.7989469675377741E-007
   13.968140000000002        2.4467883125665547E-007   2.9033128282062942E-007   3.1150520253016335E-007   3.3355560258437784E-007   3.5349468182388985E-007   3.7014918266125487E-007   4.0015896972925632E-007
   14.108520000000002        3.1337310920040440E-007   3.2610406530014180E-007   3.3672807908633001E-007   3.5259163547349143E-007   3.6905356606649738E-007   3.8604813680627653E-007   4.1479867560150271E-007
   14.250320000000002        3.1965869633448566E-007   3.4102825206077301E-007   3.5542978655573129E-007   3.7089547863993675E-007   3.8591886977799376E-007   4.0170268377489183E-007   4.2540883514641415E-007
   14.393540000000002        3.4400283065605693E-007   3.6369070205977993E-007   3.7678729374728206E-007   3.8909197110258485E-007   4.0162481349786782E-007   4.1680537682283506E-007   4.4267668306000697E-007
   14.538200000000000        3.6728262219990425E-007   3.8334009719596496E-007   3.9452740910138783E-007   4.0457590227316865E-007   4.1586440190577854E-007   4.2932944855090420E-007   4.6356861911105691E-007
   14.684310000000000        3.8090773167718486E-007   3.9715653706898795E-007   4.0728547425501720E-007   4.1760211978235297E-007   4.2806989259699615E-007   4.3733775860939779E-007   4.4649245698989536E-007
   14.831890000000000        3.8686936104851612E-007   4.0815983181692706E-007   4.1904791962379181E-007   4.2997929421421603E-007   4.4090371279658430E-007   4.5124490424456659E-007   4.6432294954205235E-007
   14.980950000000000        2.9172491622561423E-007   3.3949305534435531E-007   3.9732172759923005E-007   4.4246535370687874E-007   4.7841906001369308E-007   5.3075550163405658E-007   7.0120160633170250E-007
   15.131520000000000        4.0137221234156490E-007   4.2689519859725668E-007   4.3845308389068910E-007   4.5055867709259229E-007   4.6229323632054546E-007   4.7472173063804031E-007   5.1130831942269060E-007
   15.283590000000002        4.1910888957709826E-007   4.4027613081934674E-007   4.5298617749182368E-007   4.6496685474141221E-007   4.7766755759854624E-007   4.8869078514233796E-007   5.0581721416519585E-007
   15.437190000000001        4.3136234230439626E-007   4.4669229794839612E-007   4.6201138486322508E-007   4.7491778663266112E-007   4.8837284027929514E-007   5.0118853213100971E-007   5.2540895760992616E-007
   15.592340000000000        4.2760769548142071E-007   4.5216766321162356E-007   4.6720132537383862E-007   4.8148637803008925E-007   4.9621583125085383E-007   5.1586167631571703E-007   5.5834743489407126E-007
   15.749050000000002        4.2736455070893478E-007   4.5621815765790153E-007   4.7387958962832051E-007   4.8977851066452258E-007   5.0750208688977397E-007   5.4027463800671543E-007   6.0295882474551352E-007
   15.907330000000000        4.1790427783977626E-007   4.5824694520962837E-007   4.7937206539956811E-007   4.9727602576488446E-007   5.1498456241628276E-007   5.3990191626200516E-007   5.8062263096108671E-007
   15.993430000000000        4.1898348352032529E-007   4.5980912503139362E-007   4.7977019311049452E-007   4.9804283200115110E-007   5.1985278405480560E-007   5.5586008490923914E-007   6.1676775393417399E-007
