#  lambda [mu]     flux/flux_star
      6.030151     3.3511028E-009     0.0000000E+000
      6.090755     3.7834204E-009     0.0000000E+000
      6.151969     4.3196240E-009     0.0000000E+000
      6.213798     4.4045575E-009     0.0000000E+000
      6.276248     4.3383635E-009     0.0000000E+000
      6.339326     4.8007885E-009     0.0000000E+000
      6.403038     5.8137389E-009     0.0000000E+000
      6.467390     7.6369766E-009     0.0000000E+000
      6.532389     7.1872893E-009     0.0000000E+000
      6.598041     6.5185278E-009     0.0000000E+000
      6.664353     7.0387750E-009     0.0000000E+000
      6.731331     7.9798156E-009     0.0000000E+000
      6.798983     8.8812341E-009     0.0000000E+000
      6.867314     9.4912589E-009     0.0000000E+000
      6.936333     1.0343183E-008     0.0000000E+000
      7.006044     1.1355792E-008     0.0000000E+000
      7.076457     1.2427303E-008     0.0000000E+000
      7.147577     1.4073093E-008     0.0000000E+000
      7.219412     1.6595629E-008     0.0000000E+000
      7.291969     1.9837858E-008     0.0000000E+000
      7.365255     2.2868529E-008     0.0000000E+000
      7.439278     2.4653264E-008     0.0000000E+000
      7.514044     2.5426972E-008     0.0000000E+000
      7.589562     2.5165857E-008     0.0000000E+000
      7.665839     2.9856178E-008     0.0000000E+000
      7.742883     3.2076938E-008     0.0000000E+000
      7.820701     3.2970830E-008     0.0000000E+000
      7.899301     3.5052821E-008     0.0000000E+000
      7.978691     3.6036406E-008     0.0000000E+000
      8.058879     3.7692751E-008     0.0000000E+000
      8.139872     3.7173232E-008     0.0000000E+000
      8.221680     3.8324624E-008     0.0000000E+000
      8.304310     3.7024851E-008     0.0000000E+000
      8.387771     3.7508094E-008     0.0000000E+000
      8.472070     3.6544675E-008     0.0000000E+000
      8.557216     3.6359024E-008     0.0000000E+000
      8.643218     3.8754151E-008     0.0000000E+000
      8.730085     3.8809525E-008     0.0000000E+000
      8.817824     4.0561109E-008     0.0000000E+000
      8.906446     4.3765378E-008     0.0000000E+000
      8.995958     4.4873225E-008     0.0000000E+000
      9.086369     4.8574650E-008     0.0000000E+000
      9.177690     5.1547307E-008     0.0000000E+000
      9.269928     5.2942166E-008     0.0000000E+000
      9.363093     5.6717809E-008     0.0000000E+000
      9.457194     5.8275875E-008     0.0000000E+000
      9.552242     6.2783964E-008     0.0000000E+000
      9.648244     6.6761682E-008     0.0000000E+000
      9.745211     6.6856399E-008     0.0000000E+000
      9.843153     7.1178772E-008     0.0000000E+000
      9.942079     7.2648094E-008     0.0000000E+000
     10.042000     7.8741042E-008     0.0000000E+000
     10.142920     7.4487556E-008     0.0000000E+000
     10.244860     8.1018654E-008     0.0000000E+000
     10.347830     1.2111999E-007     0.0000000E+000
     10.451820     1.0380749E-007     0.0000000E+000
     10.556870     1.0279193E-007     0.0000000E+000
     10.662970     1.1761705E-007     0.0000000E+000
     10.770130     1.4596756E-007     0.0000000E+000
     10.878380     1.1793501E-007     0.0000000E+000
     10.987710     1.2285149E-007     0.0000000E+000
     11.098140     1.1561969E-007     0.0000000E+000
     11.209670     1.3570823E-007     0.0000000E+000
     11.322330     1.2637497E-007     0.0000000E+000
     11.436130     1.4173182E-007     0.0000000E+000
     11.551060     1.5167340E-007     0.0000000E+000
     11.667150     1.5454365E-007     0.0000000E+000
     11.784410     1.7192231E-007     0.0000000E+000
     11.902850     1.5812546E-007     0.0000000E+000
     12.022470     1.8639405E-007     0.0000000E+000
     12.143300     1.7589527E-007     0.0000000E+000
     12.265350     2.0423881E-007     0.0000000E+000
     12.388620     2.0920655E-007     0.0000000E+000
     12.513130     2.0853026E-007     0.0000000E+000
     12.638890     2.1372887E-007     0.0000000E+000
     12.765910     2.2184124E-007     0.0000000E+000
     12.894210     2.3029970E-007     0.0000000E+000
     13.023800     2.4127448E-007     0.0000000E+000
     13.154690     2.4724134E-007     0.0000000E+000
     13.286900     2.5233666E-007     0.0000000E+000
     13.420440     2.7366165E-007     0.0000000E+000
     13.555320     2.7666122E-007     0.0000000E+000
     13.691550     2.8556783E-007     0.0000000E+000
     13.829150     3.0380268E-007     0.0000000E+000
     13.968140     3.0527080E-007     0.0000000E+000
     14.108520     3.2871047E-007     0.0000000E+000
     14.250320     3.4639066E-007     0.0000000E+000
     14.393540     3.7090749E-007     0.0000000E+000
     14.538200     3.9348710E-007     0.0000000E+000
     14.684310     4.1538833E-007     0.0000000E+000
     14.831890     4.2795898E-007     0.0000000E+000
     14.980950     4.8930209E-007     0.0000000E+000
     15.131520     4.4262932E-007     0.0000000E+000
     15.283590     4.5861359E-007     0.0000000E+000
     15.437190     4.7206393E-007     0.0000000E+000
     15.592340     4.6833097E-007     0.0000000E+000
     15.749050     4.7374748E-007     0.0000000E+000
     15.907330     4.8734671E-007     0.0000000E+000
     15.993430     4.8422425E-007     0.0000000E+000
