   6.0301510000000009        1.4829935176957799E-008
   6.0907549999999997        1.6435456380740093E-008
   6.1519690000000002        1.8419941105935171E-008
   6.2137979999999997        1.8436959946212043E-008
   6.2762479999999998        1.7826141498765308E-008
   6.3393259999999998        1.9363680943842025E-008
   6.4030379999999996        2.3018360889086340E-008
   6.4673900000000000        2.9681340043167958E-008
   6.5323890000000011        2.7415899767906037E-008
   6.5980410000000012        2.4397329045147930E-008
   6.6643530000000002        2.5849064035462867E-008
   6.7313310000000008        2.8753800724427830E-008
   6.7989830000000007        3.1400018742725110E-008
   6.8673140000000004        3.2925648958363715E-008
   6.9363330000000003        3.5206120221731662E-008
   7.0060440000000010        3.7925789637218797E-008
   7.0764570000000004        4.0723664350900915E-008
   7.1475770000000001        4.5249313028356639E-008
   7.2194120000000011        5.2356216217400295E-008
   7.2919690000000008        6.1407449841794064E-008
   7.3652550000000012        6.9456988938196106E-008
   7.4392779999999998        7.3454372009323096E-008
   7.5140440000000002        7.4315711328732652E-008
   7.5895620000000008        7.2150623375540280E-008
   7.6658390000000001        8.3966225367230772E-008
   7.7428830000000000        8.8492204235771166E-008
   7.8207009999999997        8.9224351044350614E-008
   7.8993010000000004        9.3050261335343848E-008
   7.9786910000000013        9.3837600606144560E-008
   8.0588790000000010        9.6279480865894802E-008
   8.1398720000000022        9.3142202970043022E-008
   8.2216799999999992        9.4193303468055004E-008
   8.3043099999999992        8.9260079621341179E-008
   8.3877710000000008        8.8697305478415959E-008
   8.4720700000000004        8.4767781000307494E-008
   8.5572160000000004        8.2725602193667447E-008
   8.6432179999999992        8.6490150249946324E-008
   8.7300850000000008        8.4958555010603701E-008
   8.8178239999999999        8.7096119052154078E-008
   8.9064460000000008        9.2180590482615092E-008
   8.9959579999999999        9.2707675609580215E-008
   9.0863689999999995        9.8436798924429026E-008
   9.1776900000000001        1.0242052553190984E-007
   9.2699280000000002        1.0311467639386685E-007
   9.3630929999999992        1.0828685158422271E-007
   9.4571939999999994        1.0906423719450058E-007
   9.5522419999999997        1.1518056964165040E-007
   9.6482440000000000        1.2005895107118114E-007
   9.7452110000000012        1.1785466782820106E-007
   9.8431530000000009        1.2299587488686683E-007
   9.9420790000000014        1.2305529910206399E-007
   10.042000000000000        1.3074135808654712E-007
   10.142920000000000        1.2123597511520188E-007
   10.244860000000001        1.2926115961286519E-007
   10.347830000000000        1.8942330133092904E-007
   10.451820000000000        1.5914090500130669E-007
   10.556870000000000        1.5447075366103768E-007
   10.662970000000000        1.7325744151886479E-007
   10.770130000000002        2.1077186093201497E-007
   10.878380000000000        1.6692925176083992E-007
   10.987710000000002        1.7045272966621428E-007
   11.098140000000003        1.5724933961338070E-007
   11.209670000000001        1.8092446506572704E-007
   11.322330000000001        1.6515257781470948E-007
   11.436130000000002        1.8156161481764524E-007
   11.551060000000000        1.9045803129562795E-007
   11.667149999999999        1.9022766997045512E-007
   11.784409999999999        2.0743736071201985E-007
   11.902850000000001        1.8702017053169195E-007
   12.022470000000000        2.1609820154322435E-007
   12.143300000000000        1.9989639318920000E-007
   12.265350000000000        2.2752032580140191E-007
   12.388620000000001        2.2844866570124250E-007
   12.513130000000000        2.2320996261127942E-007
   12.638890000000000        2.2425324715873931E-007
   12.765910000000002        2.2816498625661232E-007
   12.894209999999999        2.3218321373320203E-007
   13.023800000000001        2.3844013030012961E-007
   13.154690000000000        2.3950774952213540E-007
   13.286899999999999        2.3961216920388490E-007
   13.420439999999999        2.5472540558558322E-007
   13.555320000000000        2.5242732955699440E-007
   13.691549999999999        2.5540378025064798E-007
   13.829150000000002        2.6634182163445809E-007
   13.968140000000002        2.6233857790950859E-007
   14.108520000000002        2.7689800133420564E-007
   14.250320000000002        2.8602311193358513E-007
   14.393540000000002        3.0021292563479135E-007
   14.538200000000000        3.1219282276930228E-007
   14.684310000000000        3.2305422240518402E-007
   14.831890000000000        3.2625091949288365E-007
   14.980950000000000        3.6564123768165990E-007
   15.131520000000000        3.2422459237172561E-007
   15.283590000000002        3.2929183830833291E-007
   15.437190000000001        3.3224840248585545E-007
   15.592340000000000        3.2310412768594276E-007
   15.749050000000002        3.2037890150476673E-007
   15.907330000000000        3.2305950667782985E-007
   15.993430000000000        3.1754810235470530E-007
