   995.07929250809411        1.0000000000000000E-050   1.0000000000000000E-050   1.0000000000000000E-050   1.0000000000000000E-050   1.0000000000000000E-050   1.0000000000000000E-050  0.76066205659136432     
   566.24378743275872        1.0000000000000000E-050   1.0000000000000000E-050   1.0000000000000000E-050   1.0000000000000000E-050   1.0000000000000000E-050  0.30957009620949966       0.99990164210007371     
   322.21756519326544        1.0000000000000000E-050   1.0000000000000000E-050   1.0000000000000000E-050   1.0000000000000000E-050   2.0531784480027367E-011  0.86898376535444566       0.99990164210007371     
   183.35593541749088        1.0000000000000000E-050   1.0000000000000000E-050   1.0000000000000000E-050   1.0000000000000000E-050   6.0129606649214826E-007  0.96661918270955882       0.99990164210007371     
   104.33757400115108        1.0000000000000000E-050   1.0000000000000000E-050   1.0000000000000000E-050   1.0000000000000000E-050   6.6409589673427810E-005  0.99172143459835316       0.99990164210007371     
   59.372658559746903        1.0000000000000000E-050   1.0000000000000000E-050   1.0000000000000000E-050   1.0000000000000000E-050   1.5747953085248102E-003  0.99588134624176272       0.99990164210007371     
   33.785648345756940        1.0000000000000000E-050   1.0000000000000000E-050   1.0000000000000000E-050   1.0000000000000000E-050   1.4651070217980454E-002  0.99795831411629610       0.99990164210007371     
   19.225516623859523        1.0000000000000000E-050   1.0000000000000000E-050   1.0000000000000000E-050   5.7772837863729442E-012   7.3418157561915803E-002  0.99839379617815627       0.99990164210007371     
   10.940162688951876        1.0000000000000000E-050   1.0000000000000000E-050   1.0000000000000000E-050   3.6997027342534726E-009  0.30478058245181983       0.99884960359747321       0.99990164210007371     
   6.2254326893977394        1.0000000000000000E-050   1.0000000000000000E-050   1.0000000000000000E-050   7.6418063184868905E-008  0.46164022951277284       0.99903104877508708       0.99996423807249435     
   3.5425444092673759        1.0000000000000000E-050   1.0000000000000000E-050   1.0000000000000000E-050   6.5583010735076638E-007  0.60035362121412439       0.99903104877508708       0.99996423807249435     
   2.0158632367842038        1.0000000000000000E-050   1.0000000000000000E-050   1.0000000000000000E-050   6.0812965524486978E-006  0.70742439848228711       0.99903104877508708       0.99996423807249435     
   1.1471146497944673        1.0000000000000000E-050   1.0000000000000000E-050   1.0000000000000000E-050   1.4508911296961113E-005  0.76096924681925748       0.99903104877508708       0.99996423807249435     
  0.65275857794411729        1.0000000000000000E-050   1.0000000000000000E-050   1.0000000000000000E-050   3.2816966072004253E-005  0.77700322784223441       0.99903104877508708       0.99996423807249435     
  0.37144827777761480        1.0000000000000000E-050   1.0000000000000000E-050   5.6287183025055465E-011   1.0936173323925986E-004  0.78906203249379270       0.99915870040188870       0.99996423807249435     
  0.21137037141435761        1.0000000000000000E-050   1.0000000000000000E-050   5.8993251430629820E-010   1.8703376881131363E-004  0.81482635548566962       0.99924398950094084       0.99996423807249435     
  0.12027901752338116        1.0000000000000000E-050   1.0000000000000000E-050   2.7345768207945787E-009   2.8657983514227160E-004  0.82059226611284319       0.99926075536880687       0.99996423807249435     
   6.8444039529218237E-002   1.0000000000000000E-050   1.0000000000000000E-050   1.0121880936667950E-008   5.0199787582625300E-004  0.82384497906927900       0.99926075536880687       0.99996423807249435     
   3.8947662223517469E-002   1.0000000000000000E-050   1.0000000000000000E-050   2.8219188070378945E-008   6.9750502240265521E-004  0.82586092166504754       0.99926075536880687       0.99996423807249435     
   2.2162929060165284E-002   1.0000000000000000E-050   1.0850070392394301E-011   5.2503299567038110E-008   9.1121295091705983E-004  0.82940069651300352       0.99926075536880687       0.99996423807249435     
   1.2611679276332102E-002   1.0000000000000000E-050   3.9372302505917279E-011   7.0184809995082870E-008   1.1449590978267574E-003  0.82940069651300352       0.99926075536880687       0.99996423807249435     
   7.1765989837030229E-003   1.0000000000000000E-050   5.9148236985199730E-011   7.2387465969765604E-008   1.2347572152791230E-003  0.82940069651300352       0.99926075536880687       0.99996423807249435     
   4.0837997735592843E-003   2.6345777813940692E-012   7.6395612188923751E-011   7.4693784080351932E-008   1.2808713054612575E-003  0.83522775555649775       0.99926075536880687       0.99996423807249435     
   2.3238612925697536E-003   2.6345777813940692E-012   7.6395612188923751E-011   7.4693784080351932E-008   1.2808713054612575E-003  0.83522775555649775       0.99926075536880687       0.99996423807249435     
   1.3223790603223511E-003   2.6345777813940692E-012   7.6395612188923751E-011   7.4693784080351932E-008   1.2808713054612575E-003  0.83522775555649775       0.99926075536880687       0.99996423807249435     
   7.5249171917886250E-004   2.6345777813940692E-012   7.6395612188923751E-011   7.4693784080351932E-008   1.2808713054612575E-003  0.83522775555649775       0.99926075536880687       0.99996423807249435     
   4.2820081202338988E-004   2.6345777813940692E-012   7.6395612188923751E-011   7.4693784080351932E-008   1.2808713054612575E-003  0.83522775555649775       0.99926075536880687       0.99996423807249435     
   2.4366505403883166E-004   2.6345777813940692E-012   7.6395612188923751E-011   7.4693784080351932E-008   1.2808713054612575E-003  0.83522775555649775       0.99926075536880687       0.99996423807249435     
   1.3865610921939047E-004   2.6345777813940692E-012   7.6395612188923751E-011   7.4693784080351932E-008   1.2808713054612575E-003  0.83522775555649775       0.99926075536880687       0.99996423807249435     
   7.8901411200293158E-005   2.6345777813940692E-012   7.6395612188923751E-011   7.4693784080351932E-008   1.2808713054612575E-003  0.83522775555649775       0.99926075536880687       0.99996423807249435     
   4.4898365636002896E-005   2.6345777813940692E-012   7.6395612188923751E-011   7.4693784080351932E-008   1.2808713054612575E-003  0.83522775555649775       0.99926075536880687       0.99996423807249435     
   2.5549140454115419E-005   2.6345777813940692E-012   7.6395612188923751E-011   7.4693784080351932E-008   1.2808713054612575E-003  0.83522775555649775       0.99926075536880687       0.99996423807249435     
   1.4538582166578601E-005   2.6345777813940692E-012   7.6395612188923751E-011   7.4693784080351932E-008   1.2808713054612575E-003  0.83522775555649775       0.99926075536880687       0.99996423807249435     
   8.2730912922086240E-006   2.6345777813940692E-012   7.6395612188923751E-011   7.4693784080351932E-008   1.2808713054612575E-003  0.83522775555649775       0.99926075536880687       0.99996423807249435     
   4.7077520177007224E-006   2.6345777813940692E-012   7.6395612188923751E-011   7.4693784080351932E-008   1.2808713054612575E-003  0.83522775555649775       0.99926075536880687       0.99996423807249435     
   2.6789175022204429E-006   2.6345777813940692E-012   7.6395612188923751E-011   7.4693784080351932E-008   1.2808713054612575E-003  0.83522775555649775       0.99926075536880687       0.99996423807249435     
   1.5244216255910786E-006   2.6345777813940692E-012   7.6395612188923751E-011   7.4693784080351932E-008   1.2808713054612575E-003  0.83522775555649775       0.99926075536880687       0.99996423807249435     
   8.6746280564578620E-007   2.6345777813940692E-012   7.6395612188923751E-011   7.4693784080351932E-008   1.2808713054612575E-003  0.83522775555649775       0.99926075536880687       0.99996423807249435     
   4.9362440583791298E-007   2.6345777813940692E-012   7.6395612188923751E-011   7.4693784080351932E-008   1.2808713054612575E-003  0.83522775555649775       0.99926075536880687       0.99996423807249435     
   2.8089395009557036E-007   2.6345777813940692E-012   7.6395612188923751E-011   7.4693784080351932E-008   1.2808713054612575E-003  0.83522775555649775       0.99926075536880687       0.99996423807249435     
   1.5984098490098053E-007   2.6345777813940692E-012   7.6395612188923751E-011   7.4693784080351932E-008   1.2808713054612575E-003  0.83522775555649775       0.99926075536880687       0.99996423807249435     
   9.0956535181418144E-008   2.6345777813940692E-012   7.6395612188923751E-011   7.4693784080351932E-008   1.2808713054612575E-003  0.83522775555649775       0.99926075536880687       0.99996423807249435     
   5.1758260231777691E-008   2.6345777813940692E-012   7.6395612188923751E-011   7.4693784080351932E-008   1.2808713054612575E-003  0.83522775555649775       0.99926075536880687       0.99996423807249435     
   2.9452721532072236E-008   2.6345777813940692E-012   7.6395612188923751E-011   7.4693784080351932E-008   1.2808713054612575E-003  0.83522775555649775       0.99926075536880687       0.99996423807249435     
   1.6759891112282563E-008   2.6345777813940692E-012   7.6395612188923751E-011   7.4693784080351932E-008   1.2808713054612575E-003  0.83522775555649775       0.99926075536880687       0.99996423807249435     
   9.5371135665576961E-009   2.6345777813940692E-012   7.6395612188923751E-011   7.4693784080351932E-008   1.2808713054612575E-003  0.83522775555649775       0.99926075536880687       0.99996423807249435     
   5.4270361646180561E-009   2.6345777813940692E-012   7.6395612188923751E-011   7.4693784080351932E-008   1.2808713054612575E-003  0.83522775555649775       0.99926075536880687       0.99996423807249435     
   3.0882217482812929E-009   2.6345777813940692E-012   7.6395612188923751E-011   7.4693784080351932E-008   1.2808713054612575E-003  0.83522775555649775       0.99926075536880687       0.99996423807249435     
   1.7573337043035729E-009   2.6345777813940692E-012   7.6395612188923751E-011   7.4693784080351932E-008   1.2808713054612575E-003  0.83522775555649775       0.99926075536880687       0.99996423807249435     
   1.0000000000000007E-009   2.6345777813940692E-012   7.6395612188923751E-011   7.4693784080351932E-008   1.2808713054612575E-003  0.83522775555649775       0.99926075536880687       0.99996423807249435     
