   995.07929250809411        1.0000000000000000E-050   1.0000000000000000E-050   1.0000000000000000E-050   1.0000000000000000E-050   1.0000000000000000E-050   1.0000000000000000E-050  0.92439113280334151     
   566.24378743275872        1.0000000000000000E-050   1.0000000000000000E-050   1.0000000000000000E-050   1.0000000000000000E-050   1.0000000000000000E-050  0.12689648532914702       0.99909787789109084     
   322.21756519326544        1.0000000000000000E-050   1.0000000000000000E-050   1.0000000000000000E-050   1.0000000000000000E-050   3.2673795396932765E-011  0.77225250008919455       0.99999044413243388     
   183.35593541749088        1.0000000000000000E-050   1.0000000000000000E-050   1.0000000000000000E-050   1.0000000000000000E-050   2.2137444478169765E-007  0.95150352908649916       0.99999044413243388     
   104.33757400115108        1.0000000000000000E-050   1.0000000000000000E-050   1.0000000000000000E-050   1.0000000000000000E-050   2.7325518046675209E-005  0.98071073289891009       0.99999731821637461     
   59.372658559746903        1.0000000000000000E-050   1.0000000000000000E-050   1.0000000000000000E-050   1.0000000000000000E-050   4.7412911646020850E-004  0.98372066950786086       0.99999731821637461     
   33.785648345756940        1.0000000000000000E-050   1.0000000000000000E-050   1.0000000000000000E-050   1.0000000000000000E-050   3.2155406378396832E-003  0.99302494870990499       0.99999731821637461     
   19.225516623859523        1.0000000000000000E-050   1.0000000000000000E-050   1.0000000000000000E-050   4.4701367812275584E-012   1.0415001029615777E-002  0.99469703407324150       0.99999731821637461     
   10.940162688951876        1.0000000000000000E-050   1.0000000000000000E-050   1.0000000000000000E-050   3.0525819546247288E-009   3.1112059060077499E-002  0.99469703407324150       0.99999731821637461     
   6.2254326893977394        1.0000000000000000E-050   1.0000000000000000E-050   1.0000000000000000E-050   4.4196201830277433E-008   4.7908976432584335E-002  0.99678675966166375       0.99999731821637461     
   3.5425444092673759        1.0000000000000000E-050   1.0000000000000000E-050   1.0000000000000000E-050   2.7030252584502953E-007   7.9142094543014213E-002  0.99774961648930049       0.99999731821637461     
   2.0158632367842038        1.0000000000000000E-050   1.0000000000000000E-050   1.0000000000000000E-050   1.2510616418334608E-006  0.11377563146474282       0.99788905295285846       0.99999731821637461     
   1.1471146497944673        1.0000000000000000E-050   1.0000000000000000E-050   1.0000000000000000E-050   3.3563190107602503E-006  0.15609572798613924       0.99788905295285846       0.99999731821637461     
  0.65275857794411729        1.0000000000000000E-050   1.0000000000000000E-050   1.0000000000000000E-050   8.0188573644018523E-006  0.23310827843038920       0.99791320551169971       0.99999731821637461     
  0.37144827777761480        1.0000000000000000E-050   1.0000000000000000E-050   5.1630849247830284E-011   1.8700492737956818E-005  0.26656803632007919       0.99791320551169971       0.99999731821637461     
  0.21137037141435761        1.0000000000000000E-050   1.0000000000000000E-050   6.3071772458007046E-010   3.3550801876991154E-005  0.32481913402135654       0.99797945129371624       0.99999731821637461     
  0.12027901752338116        1.0000000000000000E-050   1.0000000000000000E-050   2.3935271193017459E-009   5.4434936390854044E-005  0.35872149853335689       0.99797945129371624       0.99999731821637461     
   6.8444039529218237E-002   1.0000000000000000E-050   1.0000000000000000E-050   5.5576833741837295E-009   7.1752472348254924E-005  0.36006541360959832       0.99797945129371624       0.99999731821637461     
   3.8947662223517469E-002   1.0000000000000000E-050   1.0000000000000000E-050   8.5443435386809331E-009   9.3373444307460861E-005  0.38493567986883148       0.99797945129371624       0.99999731821637461     
   2.2162929060165284E-002   1.0000000000000000E-050   1.1117366251124324E-011   1.5827377175298046E-008   1.3376120039842291E-004  0.38840187026158324       0.99797945129371624       0.99999731821637461     
   1.2611679276332102E-002   1.0000000000000000E-050   5.0055656823049349E-011   2.3043128702193881E-008   1.4712075307797377E-004  0.38840187026158324       0.99797945129371624       0.99999731821637461     
   7.1765989837030229E-003   1.0000000000000000E-050   5.6469449184968324E-011   2.3982958365381913E-008   1.5275260194284591E-004  0.40827203623870856       0.99797945129371624       0.99999731821637461     
   4.0837997735592843E-003   1.9044586542521391E-012   7.9731765734456429E-011   2.7555966722052794E-008   1.5482284797853688E-004  0.40827203623870856       0.99797945129371624       0.99999731821637461     
   2.3238612925697536E-003   1.9044586542521391E-012   7.9731765734456429E-011   2.7555966722052794E-008   1.5482284797853688E-004  0.40827203623870856       0.99797945129371624       0.99999731821637461     
   1.3223790603223511E-003   1.9044586542521391E-012   7.9731765734456429E-011   2.7555966722052794E-008   1.5482284797853688E-004  0.40827203623870856       0.99797945129371624       0.99999731821637461     
   7.5249171917886250E-004   1.9044586542521391E-012   7.9731765734456429E-011   2.7555966722052794E-008   1.5482284797853688E-004  0.40827203623870856       0.99797945129371624       0.99999731821637461     
   4.2820081202338988E-004   1.9044586542521391E-012   7.9731765734456429E-011   2.7555966722052794E-008   1.5482284797853688E-004  0.40827203623870856       0.99797945129371624       0.99999731821637461     
   2.4366505403883166E-004   1.9044586542521391E-012   7.9731765734456429E-011   2.7555966722052794E-008   1.5482284797853688E-004  0.40827203623870856       0.99797945129371624       0.99999731821637461     
   1.3865610921939047E-004   1.9044586542521391E-012   7.9731765734456429E-011   2.7555966722052794E-008   1.5482284797853688E-004  0.40827203623870856       0.99797945129371624       0.99999731821637461     
   7.8901411200293158E-005   1.9044586542521391E-012   7.9731765734456429E-011   2.7555966722052794E-008   1.5482284797853688E-004  0.40827203623870856       0.99797945129371624       0.99999731821637461     
   4.4898365636002896E-005   1.9044586542521391E-012   7.9731765734456429E-011   2.7555966722052794E-008   1.5482284797853688E-004  0.40827203623870856       0.99797945129371624       0.99999731821637461     
   2.5549140454115419E-005   1.9044586542521391E-012   7.9731765734456429E-011   2.7555966722052794E-008   1.5482284797853688E-004  0.40827203623870856       0.99797945129371624       0.99999731821637461     
   1.4538582166578601E-005   1.9044586542521391E-012   7.9731765734456429E-011   2.7555966722052794E-008   1.5482284797853688E-004  0.40827203623870856       0.99797945129371624       0.99999731821637461     
   8.2730912922086240E-006   1.9044586542521391E-012   7.9731765734456429E-011   2.7555966722052794E-008   1.5482284797853688E-004  0.40827203623870856       0.99797945129371624       0.99999731821637461     
   4.7077520177007224E-006   1.9044586542521391E-012   7.9731765734456429E-011   2.7555966722052794E-008   1.5482284797853688E-004  0.40827203623870856       0.99797945129371624       0.99999731821637461     
   2.6789175022204429E-006   1.9044586542521391E-012   7.9731765734456429E-011   2.7555966722052794E-008   1.5482284797853688E-004  0.40827203623870856       0.99797945129371624       0.99999731821637461     
   1.5244216255910786E-006   1.9044586542521391E-012   7.9731765734456429E-011   2.7555966722052794E-008   1.5482284797853688E-004  0.40827203623870856       0.99797945129371624       0.99999731821637461     
   8.6746280564578620E-007   1.9044586542521391E-012   7.9731765734456429E-011   2.7555966722052794E-008   1.5482284797853688E-004  0.40827203623870856       0.99797945129371624       0.99999731821637461     
   4.9362440583791298E-007   1.9044586542521391E-012   7.9731765734456429E-011   2.7555966722052794E-008   1.5482284797853688E-004  0.40827203623870856       0.99797945129371624       0.99999731821637461     
   2.8089395009557036E-007   1.9044586542521391E-012   7.9731765734456429E-011   2.7555966722052794E-008   1.5482284797853688E-004  0.40827203623870856       0.99797945129371624       0.99999731821637461     
   1.5984098490098053E-007   1.9044586542521391E-012   7.9731765734456429E-011   2.7555966722052794E-008   1.5482284797853688E-004  0.40827203623870856       0.99797945129371624       0.99999731821637461     
   9.0956535181418144E-008   1.9044586542521391E-012   7.9731765734456429E-011   2.7555966722052794E-008   1.5482284797853688E-004  0.40827203623870856       0.99797945129371624       0.99999731821637461     
   5.1758260231777691E-008   1.9044586542521391E-012   7.9731765734456429E-011   2.7555966722052794E-008   1.5482284797853688E-004  0.40827203623870856       0.99797945129371624       0.99999731821637461     
   2.9452721532072236E-008   1.9044586542521391E-012   7.9731765734456429E-011   2.7555966722052794E-008   1.5482284797853688E-004  0.40827203623870856       0.99797945129371624       0.99999731821637461     
   1.6759891112282563E-008   1.9044586542521391E-012   7.9731765734456429E-011   2.7555966722052794E-008   1.5482284797853688E-004  0.40827203623870856       0.99797945129371624       0.99999731821637461     
   9.5371135665576961E-009   1.9044586542521391E-012   7.9731765734456429E-011   2.7555966722052794E-008   1.5482284797853688E-004  0.40827203623870856       0.99797945129371624       0.99999731821637461     
   5.4270361646180561E-009   1.9044586542521391E-012   7.9731765734456429E-011   2.7555966722052794E-008   1.5482284797853688E-004  0.40827203623870856       0.99797945129371624       0.99999731821637461     
   3.0882217482812929E-009   1.9044586542521391E-012   7.9731765734456429E-011   2.7555966722052794E-008   1.5482284797853688E-004  0.40827203623870856       0.99797945129371624       0.99999731821637461     
   1.7573337043035729E-009   1.9044586542521391E-012   7.9731765734456429E-011   2.7555966722052794E-008   1.5482284797853688E-004  0.40827203623870856       0.99797945129371624       0.99999731821637461     
   1.0000000000000007E-009   1.9044586542521391E-012   7.9731765734456429E-011   2.7555966722052794E-008   1.5482284797853688E-004  0.40827203623870856       0.99797945129371624       0.99999731821637461     
