#    T [K]      P [bar]     H2O            CO2            CH4            NH3            N2             H2        
   230.707   1.921E-001    6.6604E-005    8.3047E-005    4.0467E-002    1.0668E-004    9.5926E-001    2.1608E-005
   234.843   1.302E-001    6.6604E-005    8.3047E-005    4.0467E-002    1.0668E-004    9.5926E-001    2.1608E-005
   238.661   8.821E-002    6.6604E-005    8.3047E-005    4.0467E-002    1.0668E-004    9.5926E-001    2.1608E-005
   242.164   5.977E-002    6.6604E-005    8.3047E-005    4.0467E-002    1.0668E-004    9.5926E-001    2.1608E-005
   245.355   4.050E-002    6.6604E-005    8.3047E-005    4.0467E-002    1.0668E-004    9.5926E-001    2.1608E-005
   248.241   2.744E-002    6.6604E-005    8.3047E-005    4.0467E-002    1.0668E-004    9.5926E-001    2.1608E-005
   250.828   1.859E-002    6.6604E-005    8.3047E-005    4.0467E-002    1.0668E-004    9.5926E-001    2.1608E-005
   253.128   1.260E-002    6.6604E-005    8.3047E-005    4.0467E-002    1.0668E-004    9.5926E-001    2.1608E-005
   255.152   8.535E-003    6.6604E-005    8.3047E-005    4.0467E-002    1.0668E-004    9.5926E-001    2.1608E-005
   256.914   5.783E-003    6.6604E-005    8.3047E-005    4.0467E-002    1.0668E-004    9.5926E-001    2.1608E-005
   258.428   3.918E-003    6.6604E-005    8.3047E-005    4.0467E-002    1.0668E-004    9.5926E-001    2.1608E-005
   259.711   2.655E-003    6.6604E-005    8.3047E-005    4.0467E-002    1.0668E-004    9.5926E-001    2.1608E-005
   260.779   1.799E-003    6.6604E-005    8.3047E-005    4.0467E-002    1.0668E-004    9.5926E-001    2.1608E-005
   261.651   1.219E-003    6.6604E-005    8.3047E-005    4.0467E-002    1.0668E-004    9.5926E-001    2.1608E-005
   262.346   8.258E-004    6.6604E-005    8.3047E-005    4.0467E-002    1.0668E-004    9.5926E-001    2.1608E-005
   262.882   5.595E-004    6.6604E-005    8.3047E-005    4.0467E-002    1.0668E-004    9.5926E-001    2.1608E-005
   263.281   3.791E-004    6.6604E-005    8.3047E-005    4.0467E-002    1.0668E-004    9.5926E-001    2.1608E-005
   263.561   2.569E-004    6.6604E-005    8.3047E-005    4.0467E-002    1.0668E-004    9.5926E-001    2.1608E-005
   263.744   1.740E-004    6.6604E-005    8.3047E-005    4.0467E-002    1.0668E-004    9.5926E-001    2.1608E-005
   263.850   1.179E-004    6.6604E-005    8.3047E-005    4.0467E-002    1.0668E-004    9.5926E-001    2.1608E-005
   263.901   7.990E-005    6.6604E-005    8.3047E-005    4.0467E-002    1.0668E-004    9.5926E-001    2.1608E-005
   263.916   5.414E-005    6.6604E-005    8.3047E-005    4.0467E-002    1.0668E-004    9.5926E-001    2.1608E-005
   262.275   3.668E-005    6.6604E-005    8.3047E-005    4.0467E-002    1.0668E-004    9.5926E-001    2.1608E-005
   239.156   2.485E-005    6.6604E-005    8.3047E-005    4.0467E-002    1.0668E-004    9.5926E-001    2.1608E-005
   198.176   1.684E-005    6.6604E-005    8.3047E-005    4.0467E-002    1.0668E-004    9.5926E-001    2.1608E-005
   152.073   1.141E-005    6.6604E-005    8.3047E-005    4.0467E-002    1.0668E-004    9.5926E-001    2.1608E-005
   110.120   7.731E-006    6.6604E-005    8.3047E-005    4.0467E-002    1.0668E-004    9.5926E-001    2.1608E-005
    76.679   5.238E-006    6.6604E-005    8.3047E-005    4.0467E-002    1.0668E-004    9.5926E-001    2.1608E-005
    52.321   3.549E-006    6.6604E-005    8.3047E-005    4.0467E-002    1.0668E-004    9.5926E-001    2.1608E-005
    35.649   2.405E-006    6.6604E-005    8.3047E-005    4.0467E-002    1.0668E-004    9.5926E-001    2.1608E-005
    24.716   1.629E-006    6.6604E-005    8.3047E-005    4.0467E-002    1.0668E-004    9.5926E-001    2.1608E-005
    17.770   1.104E-006    6.6604E-005    8.3047E-005    4.0467E-002    1.0668E-004    9.5926E-001    2.1608E-005
    13.501   7.480E-007    6.6604E-005    8.3047E-005    4.0467E-002    1.0668E-004    9.5926E-001    2.1608E-005
    11.048   5.068E-007    6.6604E-005    8.3047E-005    4.0467E-002    1.0668E-004    9.5926E-001    2.1608E-005
     9.919   3.434E-007    6.6604E-005    8.3047E-005    4.0467E-002    1.0668E-004    9.5926E-001    2.1608E-005
    13.586   2.327E-007    6.6604E-005    8.3047E-005    4.0467E-002    1.0668E-004    9.5926E-001    2.1608E-005
    70.430   1.577E-007    6.6604E-005    8.3047E-005    4.0467E-002    1.0668E-004    9.5926E-001    2.1608E-005
   229.334   1.068E-007    6.6604E-005    8.3047E-005    4.0467E-002    1.0668E-004    9.5926E-001    2.1608E-005
   219.052   7.238E-008    6.6604E-005    8.3047E-005    4.0467E-002    1.0668E-004    9.5926E-001    2.1608E-005
   183.987   4.904E-008    6.6604E-005    8.3047E-005    4.0467E-002    1.0668E-004    9.5926E-001    2.1608E-005
   140.822   3.323E-008    6.6604E-005    8.3047E-005    4.0467E-002    1.0668E-004    9.5926E-001    2.1608E-005
   100.801   2.251E-008    6.6604E-005    8.3047E-005    4.0467E-002    1.0668E-004    9.5926E-001    2.1608E-005
    69.251   1.525E-008    6.6604E-005    8.3047E-005    4.0467E-002    1.0668E-004    9.5926E-001    2.1608E-005
    46.861   1.034E-008    6.6604E-005    8.3047E-005    4.0467E-002    1.0668E-004    9.5926E-001    2.1608E-005
    32.054   7.003E-009    6.6604E-005    8.3047E-005    4.0467E-002    1.0668E-004    9.5926E-001    2.1608E-005
    22.747   4.745E-009    6.6604E-005    8.3047E-005    4.0467E-002    1.0668E-004    9.5926E-001    2.1608E-005
    17.187   3.215E-009    6.6604E-005    8.3047E-005    4.0467E-002    1.0668E-004    9.5926E-001    2.1608E-005
    14.189   2.178E-009    6.6604E-005    8.3047E-005    4.0467E-002    1.0668E-004    9.5926E-001    2.1608E-005
    13.135   1.476E-009    6.6604E-005    8.3047E-005    4.0467E-002    1.0668E-004    9.5926E-001    2.1608E-005
    50.385   1.000E-009    6.6604E-005    8.3047E-005    4.0467E-002    1.0668E-004    9.5926E-001    2.1608E-005
