   995.07929250809411        1.0000000000000000E-050   1.0000000000000000E-050   1.0000000000000000E-050   1.0000000000000000E-050   1.0000000000000000E-050   1.0000000000000000E-050  0.34883901106051324     
   566.24378743275872        1.0000000000000000E-050   1.0000000000000000E-050   1.0000000000000000E-050   1.0000000000000000E-050   1.0000000000000000E-050   9.8257937660102090E-004  0.99452347658440354     
   322.21756519326544        1.0000000000000000E-050   1.0000000000000000E-050   1.0000000000000000E-050   1.0000000000000000E-050   1.3396445101816868E-011  0.18577181327129041       0.99714953413896001     
   183.35593541749088        1.0000000000000000E-050   1.0000000000000000E-050   1.0000000000000000E-050   1.0000000000000000E-050   1.4469850515432661E-008  0.39611558408778152       0.99714953413896001     
   104.33757400115108        1.0000000000000000E-050   1.0000000000000000E-050   1.0000000000000000E-050   1.0000000000000000E-050   8.1977567616462693E-007  0.71833430495836670       0.99880902456152476     
   59.372658559746903        1.0000000000000000E-050   1.0000000000000000E-050   1.0000000000000000E-050   1.0000000000000000E-050   2.9471413238405767E-005  0.82453926499122565       0.99923567220492449     
   33.785648345756940        1.0000000000000000E-050   1.0000000000000000E-050   1.0000000000000000E-050   1.0000000000000000E-050   4.5342733870722813E-004  0.89553816575650713       0.99930991867466668     
   19.225516623859523        1.0000000000000000E-050   1.0000000000000000E-050   1.0000000000000000E-050   4.2806558928755500E-012   1.7050620195987359E-003  0.89903088797651720       0.99930991867466668     
   10.940162688951876        1.0000000000000000E-050   1.0000000000000000E-050   1.0000000000000000E-050   1.2467737422993226E-009   6.6329058923112775E-003  0.91175963490665446       0.99930991867466668     
   6.2254326893977394        1.0000000000000000E-050   1.0000000000000000E-050   1.0000000000000000E-050   1.0496400402567538E-008   1.8037908843666024E-002  0.92108288007308436       0.99930991867466668     
   3.5425444092673759        1.0000000000000000E-050   1.0000000000000000E-050   1.0000000000000000E-050   7.1293605803496962E-008   3.8962636401276229E-002  0.94207933282280554       0.99930991867466668     
   2.0158632367842038        1.0000000000000000E-050   1.0000000000000000E-050   1.0000000000000000E-050   3.3534299110130131E-007   6.2666388999095157E-002  0.95843530399342414       0.99930991867466668     
   1.1471146497944673        1.0000000000000000E-050   1.0000000000000000E-050   1.0000000000000000E-050   1.0564298390148183E-006   8.0307672083197751E-002  0.96234668979704185       0.99930991867466668     
  0.65275857794411729        1.0000000000000000E-050   1.0000000000000000E-050   1.0000000000000000E-050   2.6874875351669484E-006   9.5478309149380644E-002  0.96494530505259146       0.99930991867466668     
  0.37144827777761480        1.0000000000000000E-050   1.0000000000000000E-050   3.2633032796271051E-011   6.8411818984368158E-006  0.12745236210974770       0.97370454394911965       0.99930991867466668     
  0.21137037141435761        1.0000000000000000E-050   1.0000000000000000E-050   3.3139709488032604E-010   1.3901737595264515E-005  0.15844253755414009       0.97430311438862238       0.99930991867466668     
  0.12027901752338116        1.0000000000000000E-050   1.0000000000000000E-050   1.2808412089957838E-009   2.4708328450614862E-005  0.18577181327129041       0.97430311438862238       0.99930991867466668     
   6.8444039529218237E-002   1.0000000000000000E-050   1.0000000000000000E-050   3.2831931504801567E-009   3.4041016970421611E-005  0.19245207129794389       0.97540023841071399       0.99930991867466668     
   3.8947662223517469E-002   1.0000000000000000E-050   1.0000000000000000E-050   4.5655989226970722E-009   4.3019775165956864E-005  0.19919551272910399       0.97540023841071399       0.99930991867466668     
   2.2162929060165284E-002   1.0000000000000000E-050   9.1474279155756901E-012   1.0496400402567538E-008   5.8803344242666402E-005  0.21199688415197238       0.97540023841071399       0.99930991867466668     
   1.2611679276332102E-002   1.0000000000000000E-050   2.7075555182968747E-011   1.3441389922883008E-008   6.4061215219767066E-005  0.22011020922955896       0.97540023841071399       0.99930991867466668     
   7.1765989837030229E-003   1.0000000000000000E-050   3.2906797798036440E-011   1.4469850515432661E-008   6.6775930734362719E-005  0.22123222702273990       0.97540023841071399       0.99930991867466668     
   4.0837997735592843E-003   1.9410836281677404E-012   4.2280156446041475E-011   1.4928054192994780E-008   6.8160510178799419E-005  0.23341712181375962       0.97540023841071399       0.99930991867466668     
   2.3238612925697536E-003   1.9410836281677404E-012   4.2280156446041475E-011   1.4928054192994780E-008   6.8160510178799419E-005  0.23341712181375962       0.97540023841071399       0.99930991867466668     
   1.3223790603223511E-003   1.9410836281677404E-012   4.2280156446041475E-011   1.4928054192994780E-008   6.8160510178799419E-005  0.23341712181375962       0.97540023841071399       0.99930991867466668     
   7.5249171917886250E-004   1.9410836281677404E-012   4.2280156446041475E-011   1.4928054192994780E-008   6.8160510178799419E-005  0.23341712181375962       0.97540023841071399       0.99930991867466668     
   4.2820081202338988E-004   1.9410836281677404E-012   4.2280156446041475E-011   1.4928054192994780E-008   6.8160510178799419E-005  0.23341712181375962       0.97540023841071399       0.99930991867466668     
   2.4366505403883166E-004   1.9410836281677404E-012   4.2280156446041475E-011   1.4928054192994780E-008   6.8160510178799419E-005  0.23341712181375962       0.97540023841071399       0.99930991867466668     
   1.3865610921939047E-004   1.9410836281677404E-012   4.2280156446041475E-011   1.4928054192994780E-008   6.8160510178799419E-005  0.23341712181375962       0.97540023841071399       0.99930991867466668     
   7.8901411200293158E-005   1.9410836281677404E-012   4.2280156446041475E-011   1.4928054192994780E-008   6.8160510178799419E-005  0.23341712181375962       0.97540023841071399       0.99930991867466668     
   4.4898365636002896E-005   1.9410836281677404E-012   4.2280156446041475E-011   1.4928054192994780E-008   6.8160510178799419E-005  0.23341712181375962       0.97540023841071399       0.99930991867466668     
   2.5549140454115419E-005   1.9410836281677404E-012   4.2280156446041475E-011   1.4928054192994780E-008   6.8160510178799419E-005  0.23341712181375962       0.97540023841071399       0.99930991867466668     
   1.4538582166578601E-005   1.9410836281677404E-012   4.2280156446041475E-011   1.4928054192994780E-008   6.8160510178799419E-005  0.23341712181375962       0.97540023841071399       0.99930991867466668     
   8.2730912922086240E-006   1.9410836281677404E-012   4.2280156446041475E-011   1.4928054192994780E-008   6.8160510178799419E-005  0.23341712181375962       0.97540023841071399       0.99930991867466668     
   4.7077520177007224E-006   1.9410836281677404E-012   4.2280156446041475E-011   1.4928054192994780E-008   6.8160510178799419E-005  0.23341712181375962       0.97540023841071399       0.99930991867466668     
   2.6789175022204429E-006   1.9410836281677404E-012   4.2280156446041475E-011   1.4928054192994780E-008   6.8160510178799419E-005  0.23341712181375962       0.97540023841071399       0.99930991867466668     
   1.5244216255910786E-006   1.9410836281677404E-012   4.2280156446041475E-011   1.4928054192994780E-008   6.8160510178799419E-005  0.23341712181375962       0.97540023841071399       0.99930991867466668     
   8.6746280564578620E-007   1.9410836281677404E-012   4.2280156446041475E-011   1.4928054192994780E-008   6.8160510178799419E-005  0.23341712181375962       0.97540023841071399       0.99930991867466668     
   4.9362440583791298E-007   1.9410836281677404E-012   4.2280156446041475E-011   1.4928054192994780E-008   6.8160510178799419E-005  0.23341712181375962       0.97540023841071399       0.99930991867466668     
   2.8089395009557036E-007   1.9410836281677404E-012   4.2280156446041475E-011   1.4928054192994780E-008   6.8160510178799419E-005  0.23341712181375962       0.97540023841071399       0.99930991867466668     
   1.5984098490098053E-007   1.9410836281677404E-012   4.2280156446041475E-011   1.4928054192994780E-008   6.8160510178799419E-005  0.23341712181375962       0.97540023841071399       0.99930991867466668     
   9.0956535181418144E-008   1.9410836281677404E-012   4.2280156446041475E-011   1.4928054192994780E-008   6.8160510178799419E-005  0.23341712181375962       0.97540023841071399       0.99930991867466668     
   5.1758260231777691E-008   1.9410836281677404E-012   4.2280156446041475E-011   1.4928054192994780E-008   6.8160510178799419E-005  0.23341712181375962       0.97540023841071399       0.99930991867466668     
   2.9452721532072236E-008   1.9410836281677404E-012   4.2280156446041475E-011   1.4928054192994780E-008   6.8160510178799419E-005  0.23341712181375962       0.97540023841071399       0.99930991867466668     
   1.6759891112282563E-008   1.9410836281677404E-012   4.2280156446041475E-011   1.4928054192994780E-008   6.8160510178799419E-005  0.23341712181375962       0.97540023841071399       0.99930991867466668     
   9.5371135665576961E-009   1.9410836281677404E-012   4.2280156446041475E-011   1.4928054192994780E-008   6.8160510178799419E-005  0.23341712181375962       0.97540023841071399       0.99930991867466668     
   5.4270361646180561E-009   1.9410836281677404E-012   4.2280156446041475E-011   1.4928054192994780E-008   6.8160510178799419E-005  0.23341712181375962       0.97540023841071399       0.99930991867466668     
   3.0882217482812929E-009   1.9410836281677404E-012   4.2280156446041475E-011   1.4928054192994780E-008   6.8160510178799419E-005  0.23341712181375962       0.97540023841071399       0.99930991867466668     
   1.7573337043035729E-009   1.9410836281677404E-012   4.2280156446041475E-011   1.4928054192994780E-008   6.8160510178799419E-005  0.23341712181375962       0.97540023841071399       0.99930991867466668     
   1.0000000000000007E-009   1.9410836281677404E-012   4.2280156446041475E-011   1.4928054192994780E-008   6.8160510178799419E-005  0.23341712181375962       0.97540023841071399       0.99930991867466668     
