   995.07929250809411        1.0000000000000000E-050   1.0000000000000000E-050   1.0000000000000000E-050   1.0000000000000000E-050   1.0000000000000000E-050   1.0000000000000000E-050  0.18844352538926284     
   566.24378743275872        1.0000000000000000E-050   1.0000000000000000E-050   1.0000000000000000E-050   1.0000000000000000E-050   1.0000000000000000E-050   4.3973536435327597E-003  0.24981987480288179     
   322.21756519326544        1.0000000000000000E-050   1.0000000000000000E-050   1.0000000000000000E-050   1.0000000000000000E-050   2.1123898526760504E-008   1.6263650846930364E-002  0.42775147378214240     
   183.35593541749088        1.0000000000000000E-050   1.0000000000000000E-050   1.0000000000000000E-050   1.0000000000000000E-050   3.7337805211522749E-005   2.3229419015475952E-002  0.42775147378214240     
   104.33757400115108        1.0000000000000000E-050   1.0000000000000000E-050   1.0000000000000000E-050   1.0000000000000000E-050   2.3808995899893119E-004   3.1280260479699021E-002  0.42775147378214240     
   59.372658559746903        1.0000000000000000E-050   1.0000000000000000E-050   1.0000000000000000E-050   1.0000000000000000E-050   5.6156894468961768E-004   4.6231473994665061E-002  0.42775147378214240     
   33.785648345756940        1.0000000000000000E-050   1.0000000000000000E-050   1.0000000000000000E-050   1.0000000000000000E-050   9.3432600736248863E-004   4.8553858438910143E-002  0.42775147378214240     
   19.225516623859523        1.0000000000000000E-050   1.0000000000000000E-050   1.0000000000000000E-050   7.7255745137053907E-011   1.4427403719339601E-003   5.5942055667958422E-002  0.52088336451671380     
   10.940162688951876        1.0000000000000000E-050   1.0000000000000000E-050   1.0000000000000000E-050   4.7612956883925563E-007   1.9237848116325773E-003   7.2497311321905580E-002  0.52088336451671380     
   6.2254326893977394        1.0000000000000000E-050   1.0000000000000000E-050   1.0000000000000000E-050   3.1452903526621671E-006   2.3998175082469556E-003   7.3102554708840528E-002  0.52088336451671380     
   3.5425444092673759        1.0000000000000000E-050   1.0000000000000000E-050   1.0000000000000000E-050   7.8573357314254107E-006   2.9176486618767701E-003   7.3102554708840528E-002  0.52088336451671380     
   2.0158632367842038        1.0000000000000000E-050   1.0000000000000000E-050   1.0000000000000000E-050   1.9692272859877830E-005   3.8674312347867137E-003   9.2517720357460906E-002  0.52088336451671380     
   1.1471146497944673        1.0000000000000000E-050   1.0000000000000000E-050   1.0000000000000000E-050   2.6887583675486204E-005   4.2057622394363189E-003   9.2517720357460906E-002  0.52088336451671380     
  0.65275857794411729        1.0000000000000000E-050   1.0000000000000000E-050   1.0000000000000000E-050   4.4757150171115288E-005   4.4810883510074092E-003   9.2517720357460906E-002  0.52088336451671380     
  0.37144827777761480        1.0000000000000000E-050   1.0000000000000000E-050   1.6123073428873055E-009   6.9457653586899496E-005   5.3906314871356139E-003  0.10670449858425111       0.52088336451671380     
  0.21137037141435761        1.0000000000000000E-050   1.0000000000000000E-050   3.1481816184186875E-008   9.1329207978339702E-005   5.7609351769616372E-003  0.10670449858425111       0.52088336451671380     
  0.12027901752338116        1.0000000000000000E-050   1.0000000000000000E-050   1.6603481468194565E-007   1.1847428331795582E-004   6.2464869325465329E-003  0.10787065467349456       0.52088336451671380     
   6.8444039529218237E-002   1.0000000000000000E-050   1.0000000000000000E-050   3.8189348438248887E-007   1.6545591551743677E-004   6.6814581344663750E-003  0.10787065467349456       0.52259344447108813     
   3.8947662223517469E-002   1.0000000000000000E-050   1.0000000000000000E-050   6.2002737415116815E-007   1.7387359864976096E-004   6.8229440082745244E-003  0.10787065467349456       0.52259344447108813     
   2.2162929060165284E-002   1.0000000000000000E-050   1.7500893140014020E-010   8.4956254660824066E-007   1.9945222259215161E-004   6.8846252119623072E-003  0.10787065467349456       0.52259344447108813     
   1.2611679276332102E-002   1.0000000000000000E-050   1.3490645875403037E-009   9.9464204373990373E-007   2.0961010621931372E-004   6.9306572851091175E-003  0.10976430166454046       0.52259344447108813     
   7.1765989837030229E-003   1.0000000000000000E-050   1.8309862318499577E-009   1.0350179393968557E-006   2.1083279746358040E-004   7.1730989932749520E-003  0.10976430166454046       0.52259344447108813     
   4.0837997735592843E-003   5.3189369798150065E-012   2.6936379322952052E-009   1.1338011111768162E-006   2.1508722659905496E-004   7.2911231836833776E-003  0.10976430166454046       0.52259344447108813     
   2.3238612925697536E-003   5.3189369798150065E-012   2.6936379322952052E-009   1.1338011111768162E-006   2.1508722659905496E-004   7.2911231836833776E-003  0.10976430166454046       0.52259344447108813     
   1.3223790603223511E-003   5.3189369798150065E-012   2.6936379322952052E-009   1.1338011111768162E-006   2.1508722659905496E-004   7.2911231836833776E-003  0.10976430166454046       0.52259344447108813     
   7.5249171917886250E-004   5.3189369798150065E-012   2.6936379322952052E-009   1.1338011111768162E-006   2.1508722659905496E-004   7.2911231836833776E-003  0.10976430166454046       0.52259344447108813     
   4.2820081202338988E-004   5.3189369798150065E-012   2.6936379322952052E-009   1.1338011111768162E-006   2.1508722659905496E-004   7.2911231836833776E-003  0.10976430166454046       0.52259344447108813     
   2.4366505403883166E-004   5.3189369798150065E-012   2.6936379322952052E-009   1.1338011111768162E-006   2.1508722659905496E-004   7.2911231836833776E-003  0.10976430166454046       0.52259344447108813     
   1.3865610921939047E-004   5.3189369798150065E-012   2.6936379322952052E-009   1.1338011111768162E-006   2.1508722659905496E-004   7.2911231836833776E-003  0.10976430166454046       0.52259344447108813     
   7.8901411200293158E-005   5.3189369798150065E-012   2.6936379322952052E-009   1.1338011111768162E-006   2.1508722659905496E-004   7.2911231836833776E-003  0.10976430166454046       0.52259344447108813     
   4.4898365636002896E-005   5.3189369798150065E-012   2.6936379322952052E-009   1.1338011111768162E-006   2.1508722659905496E-004   7.2911231836833776E-003  0.10976430166454046       0.52259344447108813     
   2.5549140454115419E-005   5.3189369798150065E-012   2.6936379322952052E-009   1.1338011111768162E-006   2.1508722659905496E-004   7.2911231836833776E-003  0.10976430166454046       0.52259344447108813     
   1.4538582166578601E-005   5.3189369798150065E-012   2.6936379322952052E-009   1.1338011111768162E-006   2.1508722659905496E-004   7.2911231836833776E-003  0.10976430166454046       0.52259344447108813     
   8.2730912922086240E-006   5.3189369798150065E-012   2.6936379322952052E-009   1.1338011111768162E-006   2.1508722659905496E-004   7.2911231836833776E-003  0.10976430166454046       0.52259344447108813     
   4.7077520177007224E-006   5.3189369798150065E-012   2.6936379322952052E-009   1.1338011111768162E-006   2.1508722659905496E-004   7.2911231836833776E-003  0.10976430166454046       0.52259344447108813     
   2.6789175022204429E-006   5.3189369798150065E-012   2.6936379322952052E-009   1.1338011111768162E-006   2.1508722659905496E-004   7.2911231836833776E-003  0.10976430166454046       0.52259344447108813     
   1.5244216255910786E-006   5.3189369798150065E-012   2.6936379322952052E-009   1.1338011111768162E-006   2.1508722659905496E-004   7.2911231836833776E-003  0.10976430166454046       0.52259344447108813     
   8.6746280564578620E-007   5.3189369798150065E-012   2.6936379322952052E-009   1.1338011111768162E-006   2.1508722659905496E-004   7.2911231836833776E-003  0.10976430166454046       0.52259344447108813     
   4.9362440583791298E-007   5.3189369798150065E-012   2.6936379322952052E-009   1.1338011111768162E-006   2.1508722659905496E-004   7.2911231836833776E-003  0.10976430166454046       0.52259344447108813     
   2.8089395009557036E-007   5.3189369798150065E-012   2.6936379322952052E-009   1.1338011111768162E-006   2.1508722659905496E-004   7.2911231836833776E-003  0.10976430166454046       0.52259344447108813     
   1.5984098490098053E-007   5.3189369798150065E-012   2.6936379322952052E-009   1.1338011111768162E-006   2.1508722659905496E-004   7.2911231836833776E-003  0.10976430166454046       0.52259344447108813     
   9.0956535181418144E-008   5.3189369798150065E-012   2.6936379322952052E-009   1.1338011111768162E-006   2.1508722659905496E-004   7.2911231836833776E-003  0.10976430166454046       0.52259344447108813     
   5.1758260231777691E-008   5.3189369798150065E-012   2.6936379322952052E-009   1.1338011111768162E-006   2.1508722659905496E-004   7.2911231836833776E-003  0.10976430166454046       0.52259344447108813     
   2.9452721532072236E-008   5.3189369798150065E-012   2.6936379322952052E-009   1.1338011111768162E-006   2.1508722659905496E-004   7.2911231836833776E-003  0.10976430166454046       0.52259344447108813     
   1.6759891112282563E-008   5.3189369798150065E-012   2.6936379322952052E-009   1.1338011111768162E-006   2.1508722659905496E-004   7.2911231836833776E-003  0.10976430166454046       0.52259344447108813     
   9.5371135665576961E-009   5.3189369798150065E-012   2.6936379322952052E-009   1.1338011111768162E-006   2.1508722659905496E-004   7.2911231836833776E-003  0.10976430166454046       0.52259344447108813     
   5.4270361646180561E-009   5.3189369798150065E-012   2.6936379322952052E-009   1.1338011111768162E-006   2.1508722659905496E-004   7.2911231836833776E-003  0.10976430166454046       0.52259344447108813     
   3.0882217482812929E-009   5.3189369798150065E-012   2.6936379322952052E-009   1.1338011111768162E-006   2.1508722659905496E-004   7.2911231836833776E-003  0.10976430166454046       0.52259344447108813     
   1.7573337043035729E-009   5.3189369798150065E-012   2.6936379322952052E-009   1.1338011111768162E-006   2.1508722659905496E-004   7.2911231836833776E-003  0.10976430166454046       0.52259344447108813     
   1.0000000000000007E-009   5.3189369798150065E-012   2.6936379322952052E-009   1.1338011111768162E-006   2.1508722659905496E-004   7.2911231836833776E-003  0.10976430166454046       0.52259344447108813     
