   6.0301510000000009        1.4829935176957799E-008   1.3565149999999999E-008   4.4574979999999999E-007
   6.0907549999999997        1.6435456380740093E-008   1.5842560000000000E-008  -4.4644829999999999E-008
   6.1519690000000002        1.8419941105935171E-008   1.9338370000000000E-008  -2.4858789999999998E-007
   6.2137979999999997        1.8436959946212043E-008   1.8490090000000001E-008  -3.5219599999999999E-008
   6.2762479999999998        1.7826141498765308E-008   1.8948479999999999E-008  -1.2650290000000001E-007
   6.3393259999999998        1.9363680943842025E-008   1.9154890000000000E-008   1.3270280000000001E-007
   6.4030379999999996        2.3018360889086340E-008   2.0068350000000000E-008  -1.1661250000000000E-007
   6.4673900000000000        2.9681340043167958E-008   2.0542579999999999E-008   1.3659790000000000E-007
   6.5323890000000011        2.7415899767906037E-008   2.1693820000000001E-008   2.3845410000000002E-007
   6.5980410000000012        2.4397329045147930E-008   2.3212280000000000E-008  -7.3542579999999997E-008
   6.6643530000000002        2.5849064035462867E-008   2.4099760000000000E-008  -7.1222249999999994E-008
   6.7313310000000008        2.8753800724427830E-008   2.4815999999999999E-008  -1.9739279999999999E-007
   6.7989830000000007        3.1400018742725110E-008   2.6708949999999998E-008  -4.7544349999999998E-008
   6.8673140000000004        3.2925648958363715E-008   2.9632540000000000E-008  -1.5745420000000001E-007
   6.9363330000000003        3.5206120221731662E-008   3.2800899999999998E-008  -2.2309069999999999E-007
   7.0060440000000010        3.7925789637218797E-008   3.6233939999999999E-008   8.6746540000000001E-008
   7.0764570000000004        4.0723664350900915E-008   3.8493400000000001E-008   2.4763210000000000E-007
   7.1475770000000001        4.5249313028356639E-008   5.1769679999999997E-008   2.5574749999999998E-007
   7.2194120000000011        5.2356216217400295E-008   6.1233920000000005E-008   2.4619989999999998E-007
   7.2919690000000008        6.1407449841794064E-008   7.3642179999999996E-008   6.0684580000000002E-008
   7.3652550000000012        6.9456988938196106E-008   7.2432790000000003E-008  -5.3128650000000000E-008
   7.4392779999999998        7.3454372009323096E-008   8.3244690000000002E-008  -8.9629690000000003E-008
   7.5140440000000002        7.4315711328732652E-008   1.0721240000000000E-007   1.4056350000000000E-007
   7.5895620000000008        7.2150623375540280E-008   1.3197270000000001E-007  -2.1533890000000000E-007
   7.6658390000000001        8.3966225367230772E-008   7.8100280000000001E-008  -2.9607420000000000E-008
   7.7428830000000000        8.8492204235771166E-008   9.0171149999999995E-008  -1.2320680000000001E-008
   7.8207009999999997        8.9224351044350614E-008   1.1023400000000001E-007  -2.5437929999999998E-007
   7.8993010000000004        9.3050261335343848E-008   1.0977559999999999E-007  -1.1878500000000000E-007
   7.9786910000000013        9.3837600606144560E-008   1.1504810000000000E-007  -3.2905429999999998E-007
   8.0588790000000010        9.6279480865894802E-008   1.0574330000000000E-007   1.3495270000000000E-007
   8.1398720000000022        9.3142202970043022E-008   1.0677910000000000E-007  -1.4117969999999999E-007
   8.2216799999999992        9.4193303468055004E-008   9.7015119999999997E-008  -2.2178439999999999E-007
   8.3043099999999992        8.9260079621341179E-008   1.0396450000000000E-007  -1.0814769999999999E-007
   8.3877710000000008        8.8697305478415959E-008   8.5229760000000006E-008  -1.6970639999999999E-007
   8.4720700000000004        8.4767781000307494E-008   8.6015120000000005E-008   1.8429509999999999E-007
   8.5572160000000004        8.2725602193667447E-008   8.1089000000000006E-008  -2.2981549999999999E-008
   8.6432179999999992        8.6490150249946324E-008   7.7798860000000002E-008  -1.8137530000000000E-007
   8.7300850000000008        8.4958555010603701E-008   7.8829159999999995E-008   8.7284000000000003E-008
   8.8178239999999999        8.7096119052154078E-008   7.9645860000000006E-008   1.1365840000000001E-007
   8.9064460000000008        9.2180590482615092E-008   8.5178929999999995E-008   7.3656240000000005E-008
   8.9959579999999999        9.2707675609580215E-008   8.6702489999999995E-008   1.4205149999999999E-007
   9.0863689999999995        9.8436798924429026E-008   9.2105319999999999E-008   2.0060880000000001E-007
   9.1776900000000001        1.0242052553190984E-007   9.7424150000000001E-008  -8.3912660000000003E-008
   9.2699280000000002        1.0311467639386685E-007   1.0252269999999999E-007  -1.0810200000000000E-007
   9.3630929999999992        1.0828685158422271E-007   1.0630010000000000E-007   1.7916510000000000E-007
   9.4571939999999994        1.0906423719450058E-007   1.0866650000000000E-007   4.7356809999999997E-008
   9.5522419999999997        1.1518056964165040E-007   1.1524370000000001E-007   6.3560510000000005E-008
   9.6482440000000000        1.2005895107118114E-007   1.1814530000000001E-007   1.9856209999999999E-007
   9.7452110000000012        1.1785466782820106E-007   1.1870090000000001E-007   2.7343370000000001E-008
   9.8431530000000009        1.2299587488686683E-007   1.2196220000000000E-007   6.6739960000000001E-008
   9.9420790000000014        1.2305529910206399E-007   1.2672560000000000E-007  -9.9575160000000001E-008
   10.042000000000000        1.3074135808654712E-007   1.2735669999999999E-007   8.6024230000000007E-009
   10.142920000000000        1.2123597511520188E-007   1.8874380000000000E-007   5.0924659999999999E-007
   10.244860000000001        1.2926115961286519E-007   1.7342249999999999E-007  -2.4004620000000002E-007
   10.347830000000000        1.8942330133092904E-007   1.9261789999999999E-007   1.6297559999999999E-007
   10.451820000000000        1.5914090500130669E-007   1.7457720000000000E-007  -7.5088730000000005E-008
   10.556870000000000        1.5447075366103768E-007   1.6436840000000000E-007   5.6130150000000002E-008
   10.662970000000000        1.7325744151886479E-007   1.7874579999999999E-007  -1.3524450000000000E-007
   10.770130000000002        2.1077186093201497E-007   2.1552059999999999E-007  -3.5889800000000002E-008
   10.878380000000000        1.6692925176083992E-007   1.7656099999999999E-007  -7.4934890000000000E-008
   10.987710000000002        1.7045272966621428E-007   1.7405740000000000E-007   1.1452040000000000E-007
   11.098140000000003        1.5724933961338070E-007   1.7216470000000000E-007  -2.8017860000000002E-007
   11.209670000000001        1.8092446506572704E-007   1.8205709999999999E-007   3.0332740000000000E-007
   11.322330000000001        1.6515257781470948E-007   1.8063440000000000E-007   1.0308049999999999E-007
   11.436130000000002        1.8156161481764524E-007   1.8210000000000000E-007   1.1424140000000001E-007
   11.551060000000000        1.9045803129562795E-007   1.8988349999999999E-007   4.1010799999999998E-008
   11.667149999999999        1.9022766997045512E-007   1.9550120000000001E-007   2.6955990000000000E-008
   11.784409999999999        2.0743736071201985E-007   2.0216820000000000E-007  -1.8580939999999999E-007
   11.902850000000001        1.8702017053169195E-007   1.9739320000000001E-007  -1.3485360000000000E-007
   12.022470000000000        2.1609820154322435E-007   2.1905679999999999E-007  -6.9114500000000007E-008
   12.143300000000000        1.9989639318920000E-007   2.0098220000000000E-007  -5.3392160000000001E-009
   12.265350000000000        2.2752032580140191E-007   2.1814790000000001E-007  -2.5457999999999999E-007
   12.388620000000001        2.2844866570124250E-007   2.2302709999999999E-007  -3.6598810000000001E-008
   12.513130000000000        2.2320996261127942E-007   2.1967599999999999E-007   2.1372210000000001E-007
   12.638890000000000        2.2425324715873931E-007   2.2334610000000001E-007  -9.3511929999999995E-008
   12.765910000000002        2.2816498625661232E-007   2.2625260000000001E-007   8.1748260000000002E-008
   12.894209999999999        2.3218321373320203E-007   2.2997950000000001E-007  -1.7712190000000000E-007
   13.023800000000001        2.3844013030012961E-007   2.3320270000000000E-007  -2.3852759999999998E-007
   13.154690000000000        2.3950774952213540E-007   2.3522560000000000E-007   2.1266290000000001E-007
   13.286899999999999        2.3961216920388490E-007   2.4256630000000001E-007  -2.4390699999999999E-007
   13.420439999999999        2.5472540558558322E-007   2.4534660000000001E-007  -2.3672160000000000E-007
   13.555320000000000        2.5242732955699440E-007   2.5640720000000001E-007  -3.3018480000000000E-007
   13.691549999999999        2.5540378025064798E-007   2.6588400000000000E-007  -2.3395249999999999E-007
   13.829150000000002        2.6634182163445809E-007   2.7279540000000000E-007  -2.0460930000000001E-007
   13.968140000000002        2.6233857790950859E-007   2.9998200000000002E-007  -9.8331229999999996E-008
   14.108520000000002        2.7689800133420564E-007   2.7544320000000000E-007  -4.2373640000000002E-007
   14.250320000000002        2.8602311193358513E-007   3.0701279999999999E-007  -3.5642730000000002E-007
   14.393540000000002        3.0021292563479135E-007   3.0959200000000001E-007  -3.8661970000000003E-008
   14.538200000000000        3.1219282276930228E-007   3.0387119999999999E-007  -1.9525650000000000E-007
   14.684310000000000        3.2305422240518402E-007   3.2325570000000002E-007  -9.0121720000000001E-009
   14.831890000000000        3.2625091949288365E-007   3.4025470000000000E-007  -3.3894110000000001E-008
   14.980950000000000        3.6564123768165990E-007   3.5138950000000001E-007  -3.1639079999999998E-007
   15.131520000000000        3.2422459237172561E-007   3.5997509999999998E-007   2.4199130000000002E-007
   15.283590000000002        3.2929183830833291E-007   3.5626409999999999E-007   3.1393129999999997E-008
   15.437190000000001        3.3224840248585545E-007   3.3345490000000000E-007  -2.8567269999999999E-007
   15.592340000000000        3.2310412768594276E-007   3.2305510000000000E-007  -2.8576360000000002E-007
   15.749050000000002        3.2037890150476673E-007   3.0595950000000001E-007   1.4194010000000000E-007
   15.907330000000000        3.2305950667782985E-007   3.0323670000000000E-007   1.0236550000000000E-007
   15.993430000000000        3.1754810235470530E-007   3.0373329999999999E-007  -5.7391299999999997E-008
