#  lambda [mu]   flux(180.0) [Jy]         fstar [Jy]
      6.030151     1.4829935E-008     4.4253895E+000     8.6684861E-009
      6.090755     1.6435456E-008     4.3440735E+000     8.5111357E-009
      6.151969     1.8419941E-008     4.2642464E+000     8.3578598E-009
      6.213798     1.8436960E-008     4.1858824E+000     8.2002046E-009
      6.276248     1.7826141E-008     4.1089552E+000     8.0434964E-009
      6.339326     1.9363681E-008     4.0334376E+000     7.8976257E-009
      6.403038     2.3018361E-008     3.9593042E+000     7.7608729E-009
      6.467390     2.9681340E-008     3.8865302E+000     7.6353266E-009
      6.532389     2.7415900E-008     3.8144979E+000     7.4807732E-009
      6.598041     2.4397329E-008     3.7427667E+000     7.3247675E-009
      6.664353     2.5849064E-008     3.6723811E+000     7.1865096E-009
      6.731331     2.8753801E-008     3.6033164E+000     7.0562696E-009
      6.798983     3.1400019E-008     3.5355468E+000     6.9259452E-009
      6.867314     3.2925649E-008     3.4690497E+000     6.7960098E-009
      6.936333     3.5206120E-008     3.4037993E+000     6.6690076E-009
      7.006044     3.7925790E-008     3.3397750E+000     6.5448614E-009
      7.076457     4.0723664E-008     3.2769510E+000     6.4238771E-009
      7.147577     4.5249313E-008     3.2153068E+000     6.3059076E-009
      7.219412     5.2356216E-008     3.1548196E+000     6.1935832E-009
      7.291969     6.1407450E-008     3.0954677E+000     6.0857925E-009
      7.365255     6.9456989E-008     3.0372303E+000     5.9781531E-009
      7.439278     7.3454372E-008     2.9794989E+000     5.8655195E-009
      7.514044     7.4315711E-008     2.9227118E+000     5.7483764E-009
      7.589562     7.2150623E-008     2.8670044E+000     5.6295940E-009
      7.665839     8.3966225E-008     2.8123568E+000     5.5408608E-009
      7.742883     8.8492204E-008     2.7587485E+000     5.4339972E-009
      7.820701     8.9224351E-008     2.7061603E+000     5.3234565E-009
      7.899301     9.3050261E-008     2.6545727E+000     5.2212734E-009
      7.978691     9.3837601E-008     2.6039667E+000     5.1193795E-009
      8.058879     9.6279481E-008     2.5543235E+000     5.0206685E-009
      8.139872     9.3142203E-008     2.5056256E+000     4.9201318E-009
      8.221680     9.4193303E-008     2.4577750E+000     4.8244521E-009
      8.304310     8.9260080E-008     2.4108154E+000     4.7266377E-009
      8.387771     8.8697305E-008     2.3647511E+000     4.6331844E-009
      8.472070     8.4767781E-008     2.3195658E+000     4.5398632E-009
      8.557216     8.2725602E-008     2.2752426E+000     4.4491609E-009
      8.643218     8.6490150E-008     2.2317648E+000     4.3643423E-009
      8.730085     8.4958555E-008     2.1891161E+000     4.2775628E-009
      8.817824     8.7096119E-008     2.1472815E+000     4.1949969E-009
      8.906446     9.2180590E-008     2.1062446E+000     4.1153850E-009
      8.995958     9.2707676E-008     2.0659909E+000     4.0348327E-009
      9.086369     9.8436799E-008     2.0265056E+000     3.9586324E-009
      9.177690     1.0242053E-007     1.9869229E+000     3.8827835E-009
      9.269928     1.0311468E-007     1.9476853E+000     3.8040937E-009
      9.363093     1.0828685E-007     1.9092214E+000     3.7294811E-009
      9.457194     1.0906424E-007     1.8715161E+000     3.6538751E-009
      9.552242     1.1518057E-007     1.8345539E+000     3.5825603E-009
      9.648244     1.2005895E-007     1.7983212E+000     3.5118006E-009
      9.745211     1.1785467E-007     1.7628031E+000     3.4399205E-009
      9.843153     1.2299587E-007     1.7279853E+000     3.3708772E-009
      9.942079     1.2305530E-007     1.6938545E+000     3.3035756E-009
     10.042000     1.3074136E-007     1.6603966E+000     3.2393237E-009
     10.142920     1.2123598E-007     1.6276004E+000     3.1681124E-009
     10.244860     1.2926116E-007     1.5954494E+000     3.1083287E-009
     10.347830     1.8942330E-007     1.5639309E+000     3.0655430E-009
     10.451820     1.5914091E-007     1.5330388E+000     2.9970649E-009
     10.556870     1.5447075E-007     1.5027518E+000     2.9344153E-009
     10.662970     1.7325744E-007     1.4730640E+000     2.8799324E-009
     10.770130     2.1077186E-007     1.4439637E+000     2.8301398E-009
     10.878380     1.6692925E-007     1.4154342E+000     2.7636230E-009
     10.987710     1.7045273E-007     1.3874697E+000     2.7089061E-009
     11.098140     1.5724934E-007     1.3600568E+000     2.6480994E-009
     11.209670     1.8092447E-007     1.3331871E+000     2.6025876E-009
     11.322330     1.6515258E-007     1.3068456E+000     2.5441068E-009
     11.436130     1.8156161E-007     1.2810222E+000     2.4978388E-009
     11.551060     1.9045803E-007     1.2557115E+000     2.4497324E-009
     11.667150     1.9022767E-007     1.2308993E+000     2.4000984E-009
     11.784410     2.0743736E-007     1.2065761E+000     2.3562933E-009
     11.902850     1.8702017E-007     1.1827328E+000     2.3028179E-009
     12.022470     2.1609820E-007     1.1593621E+000     2.2643379E-009
     12.143300     1.9989639E-007     1.1364512E+000     2.2143203E-009
     12.265350     2.2752033E-007     1.1139916E+000     2.1760604E-009
     12.388620     2.2844867E-007     1.0919766E+000     2.1321445E-009
     12.513130     2.2320996E-007     1.0703960E+000     2.0882409E-009
     12.638890     2.2425325E-007     1.0492417E+000     2.0468001E-009
     12.765910     2.2816499E-007     1.0285057E+000     2.0056556E-009
     12.894210     2.3218321E-007     1.0081785E+000     1.9666485E-009
     13.023800     2.3844013E-007     9.8825261E-001     1.9280409E-009
     13.154690     2.3950775E-007     9.6872048E-001     1.8891307E-009
     13.286900     2.3961217E-007     9.4957337E-001     1.8511900E-009
     13.420440     2.5472541E-007     9.3080417E-001     1.8165954E-009
     13.555320     2.5242733E-007     9.1240589E-001     1.7796203E-009
     13.691550     2.5540378E-007     8.9437167E-001     1.7442492E-009
     13.829150     2.6634182E-007     8.7669345E-001     1.7106389E-009
     13.968140     2.6233858E-007     8.5936347E-001     1.6760580E-009
     14.108520     2.7689800E-007     8.4237657E-001     1.6448826E-009
     14.250320     2.8602311E-007     8.2572408E-001     1.6130776E-009
     14.393540     3.0021293E-007     8.0940108E-001     1.5822737E-009
     14.538200     3.1219282E-007     7.9340040E-001     1.5521129E-009
     14.684310     3.2305422E-007     7.7771617E-001     1.5217844E-009
     14.831890     3.2625092E-007     7.6234156E-001     1.4915920E-009
     14.980950     3.6564124E-007     7.4727095E-001     1.4662376E-009
     15.131520     3.2422459E-007     7.3249687E-001     1.4325460E-009
     15.283590     3.2929184E-007     7.1801588E-001     1.4044789E-009
     15.437190     3.3224840E-007     7.0382078E-001     1.3768664E-009
     15.592340     3.2310413E-007     6.8990554E-001     1.3483152E-009
     15.749050     3.2037890E-007     6.7626513E-001     1.3210834E-009
     15.907330     3.2305951E-007     6.6289461E-001     1.2949791E-009
     15.993430     3.1754810E-007     6.5578728E-001     1.2801751E-009
