   995.07929250809411        19.207045005208556        56.660323159728456        133.94821642324283        195.97323574136522        237.55749376627716        256.72659092553016        286.01636841899204     
   566.24378743275872        19.528181052994647        61.503998487150909        134.98369719870041        196.03259892347583        237.55749376627716        256.72659092553016        286.01636841899204     
   322.21756519326544        21.232017009935472        69.304906720442190        137.49645809325105        196.33119610923103        237.55749376627716        257.25001981214882        286.01636841899204     
   183.35593541749088        21.685331289278821        77.208199400161476        142.47413019014243        196.96377661746672        237.55749376627716        257.25001981214882        286.01636841899204     
   104.33757400115108        25.701053935463463        83.987271540871362        147.79252784995049        198.32131707595005        237.55749376627716        257.25001981214882        286.01636841899204     
   59.372658559746903        33.045297780770383        91.477390872564300        154.32888188744067        201.68109717415399        237.78912602071486        257.25001981214882        286.01636841899204     
   33.785648345756940        41.722377775089321        101.67272173187772        160.28910703581974        205.52037956976383        238.03922135764623        257.48328199610336        286.01636841899204     
   19.225516623859523        52.499461184603426        109.62390651073876        168.65993378268391        209.62575600061996        238.64037846921070        257.35247679296106        286.01636841899204     
   10.940162688951876        65.442426528882834        121.68806040632789        176.72357663987546        213.52602279583962        239.42668444877623        257.51397333309978        286.01636841899204     
   6.2254326893977394        79.829445823607443        133.88609730402555        184.54464414282467        217.47976855386403        240.51659088665374        257.81094186882825        286.01636841899204     
   3.5425444092673759        95.404256495728490        146.32482242768083        191.98008211164645        222.56488409025894        242.26343186203113        258.76712048046033        286.01636841899204     
   2.0158632367842038        111.83283212422373        159.81589407663569        199.24646073280655        226.97881057460413        245.59664573466563        261.23259044240456        286.01636841899204     
   1.1471146497944673        128.72390289031151        170.29482470037226        206.98913155574357        231.35020154723657        248.83753492461474        263.87084688352445        286.01636841899204     
  0.65275857794411729        145.65487916357000        182.36491481255658        212.85117679232854        235.92545634575947        252.60093916692216        267.21961288143825        283.15918403882557     
  0.37144827777761480        162.20027770024046        192.11675347840367        219.91450476396585        240.41973034640591        256.13100733481019        270.84365800006685        286.33942376779697     
  0.21137037141435761        175.40819025613757        200.68512803336094        224.91106451382339        243.96004078656532        259.88696184999168        274.19489654566667        289.92816047473150     
  0.12027901752338116        184.84326659107714        207.38344009712054        229.13953676309029        247.77141276111092        263.58802254716943        277.71308115004842        293.34545437218435     
   6.8444039529218237E-002   193.23132399354387        214.44686257501152        233.74918515109525        251.13881510402089        266.69104329435356        281.33831050791559        301.90726412603505     
   3.8947662223517469E-002   203.84465937616667        220.92639912889229        237.28005763977870        254.38830660971630        269.60301809001248        284.86208732258387        306.64736503247445     
   2.2162929060165284E-002   40.478902785828204        226.24193733423303        240.81182301697160        257.36313008206025        272.10925813795433        287.50516645686554        310.55829051224299     
   1.2611679276332102E-002   6.1703704466098284        228.80591097803230        243.84455159797776        259.74482673733445        274.36174943537054        289.76413366051389        313.70049024199619     
   7.1765989837030229E-003   16.753563150243387        230.75259478815565        246.18879252549613        261.74966591698700        276.09542116237674        291.92435857682710        316.14435167138845     
   4.0837997735592843E-003   15.401410239650499        231.21709306801907        247.69575721171219        262.99669701391093        277.39008592597543        293.54100093490115        312.08494274755037     
   2.3238612925697536E-003   8.8504125610739823        227.82435926220089        249.36720227242819        263.98910184773678        278.51576967357136        294.22389860579790        313.51209693040477     
   1.3223790603223511E-003   5.5084834553266084        205.35050816108844        250.13124758751647        264.66328447539001        279.39831063737239        294.85127904358785        314.84664314756441     
   7.5249171917886250E-004   4.4499450324267755        140.36046782415798        249.93543272823891        265.13818762579456        279.77324325285701        295.17065558470347        316.12111232907131     
   4.2820081202338988E-004   4.7337513676775718        70.762386605244288        247.34222999381251        264.90534407396984        280.09418695977837        295.66955862938846        317.10339883909251     
   2.4366505403883166E-004   3.8767080435199350        36.800502142389817        243.35230064372800        264.70748874181305        279.98138434724842        296.44344075596081        317.35084932913708     
   1.3865610921939047E-004   3.2825957990433694        19.023283218217241        227.06511217401322        263.42699462155150        279.67556592419783        295.36064443943803        318.06596596832821     
   7.8901411200293158E-005   3.8826996271369998        12.483167390684857        158.89029593075568        260.14882065072652        278.37748263319781        294.93574090495360        318.59977098431574     
   4.4898365636002896E-005   4.0927376252188044        9.1931222914561719        94.283819432035031        255.47112284549954        276.54030921361510        294.19847221984082        318.97842973711624     
   2.5549140454115419E-005   3.4013347693793872        7.2437689399114298        53.318075982925336        245.40875053002338        274.22070797614538        291.22630247335957        339.71009281191664     
   1.4538582166578601E-005   3.4206912438168571        6.2205208709578450        33.193353220249634        210.37899685152914        271.04633419189116        290.62832322634728        361.37188318580485     
   8.2730912922086240E-006   3.3557250171021575        5.0181053310539978        22.754415092410600        151.30556231536579        267.72912925730537        288.75215366010707        344.50459041755687     
   4.7077520177007224E-006   3.3857707174759355        4.4942424998526169        19.107858166501359        106.30721730450196        264.44312149411650        286.76298460722285        352.45158068816482     
   2.6789175022204429E-006   3.4891731071677774        4.2026513004085011        15.568662913557876        81.083836362266112        258.77061299707049        285.96056773833635        358.35219815523811     
   1.5244216255910786E-006   3.3914191444838391        4.1889705718825629        11.897375546600328        58.745956217854769        246.65461836795450        285.61906709133348        363.88611193985315     
   8.6746280564578620E-007   3.3559055314607091        4.3786259755278936        10.579360760858009        51.005816222162927        221.97965182934655        286.98806017322545        484.17706908770413     
   4.9362440583791298E-007   3.2874517338241676        4.2839948144156770        9.8822134727096067        45.407234836249486        194.10731282050432        294.88073199860264        732.55395134052014     
   2.8089395009557036E-007   3.2760155802057951        4.3441692776351779        9.7798099177686879        41.663454719422823        168.09886890546846        326.65060588578791        773.99486063821666     
   1.5984098490098053E-007   3.3471804191373935        4.2916182456050374        10.151566556792574        38.095853433472925        161.39059977141923        360.73317480277922        1070.5748287971164     
   9.0956535181418144E-008   3.2672209893815656        4.1125897511033171        10.514448601267786        39.115110266422370        164.01369549704572        357.89841620564289        1349.5220775341190     
   5.1758260231777691E-008   3.3152179237291026        4.1009074314238774        9.9488218995542343        44.334379932141161        173.28778832173492        420.94036759456299        1035.3516032259402     
   2.9452721532072236E-008   3.2955878940483654        4.1012334315083612        10.375032385203282        44.961738022560780        181.71456558520666        489.22595160387652        1082.5891899782300     
   1.6759891112282563E-008   3.2910150798101090        4.2147763063347927        10.793560295918253        48.691869676481325        199.03463138499811        573.81358864978858        1733.5516688629718     
   9.5371135665576961E-009   3.2761148440679366        4.2927440009402407        10.229163157440802        54.669917988116509        227.83186120317015        692.47220637357009        2436.9697632385082     
   5.4270361646180561E-009   3.2811930063746764        4.5306793745778187        10.919585063157484        59.052723454033114        282.21036212057351        901.80792990867894        4116.3460803312164     
   3.0882217482812929E-009   3.4280887963555013        4.4012009192448183        12.703828395208554        63.983226811294962        302.67963716288097        1100.9624843830777        4913.7633847133375     
   1.7573337043035729E-009   3.2528509996432282        4.9446840369122063        14.493242005576718        71.158324731878338        339.18558285052427        1414.5470553766825        4915.4983920045670     
   1.0000000000000007E-009   3.2143553973233452        3.4825546382506438        9.9922505656253993        72.612168703010568        648.95229004861255        3232.5494000003910        8510.4929000000211     
