#      par      median  1sig lower  1sig upper  (  3sig lower  3sig upper)
      pmax  1.9177E-01  1.3182E-03  2.3558E+01  (  1.0148E-04  9.1108E+02)
        H2  8.5082E-03  1.1315E-06  1.4525E+01  (  1.4627E-09  9.6515E+02)
       H2O  1.7472E-03  2.8549E-07  4.8379E+00  (  1.0266E-09  9.5850E+02)
       CO2  1.2167E-01  4.4642E-04  1.8410E+01  (  8.4970E-09  9.6601E+02)
       CH4  4.7448E-01  4.5046E-03  4.2573E+01  (  1.5664E-09  9.2621E+02)
       NH3  1.8308E-03  4.6214E-06  3.2947E-01  (  1.3453E-09  2.9291E+02)
        N2  6.9675E-04  2.9107E-07  2.0935E+00  (  1.0628E-09  9.3249E+02)
        Rp  7.9523E-02  7.1590E-02  9.0415E-02  (  5.5535E-02  1.1569E-01)
        Mp  3.6706E-03  2.1693E-03  5.1631E-03  (  1.0142E-03  5.9838E-03)
 Tpoint001  7.2612E+01  9.9789E+00  6.4895E+02  (  2.7059E+00  8.5105E+03)
 Tpoint002  6.0092E+01  8.0215E+00  3.6660E+02  (  2.7211E+00  6.1969E+03)
 Tpoint003  4.4298E+01  8.3250E+00  2.4938E+02  (  2.7285E+00  5.6752E+03)
 Tpoint004  2.9877E+01  7.1793E+00  1.1367E+02  (  2.7073E+00  3.5818E+02)
 Tpoint005  2.6895E+02  2.5510E+02  2.8291E+02  (  2.2187E+02  3.2089E+02)
 Tpoint006  1.2375E+02  6.6870E+01  1.7020E+02  (  5.5123E+00  4.4045E+02)
 Ppoint002  6.1213E-09  1.6891E-09  4.7883E-08  (  1.0037E-09  1.0923E-05)
 Ppoint003  7.5063E-08  8.2297E-09  1.3500E-06  (  1.2795E-09  3.8618E-04)
 Ppoint004  1.6371E-06  1.2217E-07  2.0920E-05  (  2.4047E-09  8.0037E-03)
 Ppoint005  4.0086E-05  2.7225E-06  3.7255E-04  (  1.2717E-08  5.9754E-02)
       C/O  1.1218E+00  1.7836E-01  5.4731E+01  (  4.6402E-08  5.0577E+04)
       [Z]  2.7461E+00  2.0498E+00  3.7916E+00  ( -1.5701E+00  6.7586E+00)
   hotspot  0.0000E+00  0.0000E+00  0.0000E+00  (  0.0000E+00  0.0000E+00)
       MMW  1.7901E+01  5.0451E+00  3.1116E+01  (  2.0021E+00  4.3684E+01)
