   6.0301510000000009        3.3527974226492318E-005   4.2448529842918913E-005   5.3878207119512677E-005   6.6645209609746968E-005   8.6566657713030331E-005   1.1397101432640292E-004   1.6555806550811730E-004
   6.0907549999999997        3.3529655742127316E-005   4.2524319563490932E-005   5.3861161919254770E-005   6.6644668797181882E-005   8.6618169885051681E-005   1.1394685099222741E-004   1.6686167677242101E-004
   6.1519690000000002        3.3517455312355938E-005   4.2514464780048561E-005   5.3867361528126817E-005   6.6684036573618687E-005   8.6701074682076043E-005   1.1432839074276980E-004   1.6948464670695567E-004
   6.2137979999999997        3.3548124754042205E-005   4.2471564400294134E-005   5.3845690069419227E-005   6.6638435153056730E-005   8.6586702437353754E-005   1.1378757569296915E-004   1.6708705202650388E-004
   6.2762479999999998        3.3500010370228271E-005   4.2431091212992374E-005   5.3737949036804279E-005   6.6516878822146347E-005   8.6264293561515550E-005   1.1332321845067644E-004   1.6268383310348797E-004
   6.3393259999999998        3.3569899089821097E-005   4.2443767115549942E-005   5.3823290049176439E-005   6.6589687941060667E-005   8.6442833809886895E-005   1.1363250370303414E-004   1.6414000319785315E-004
   6.4030379999999996        3.3635336079591151E-005   4.2522879215191060E-005   5.3900064915669156E-005   6.6714577884740872E-005   8.6685048058736909E-005   1.1484513444094795E-004   1.7052744068127331E-004
   6.4673900000000000        3.3657661927268883E-005   4.2539662217372396E-005   5.4036851975700874E-005   6.7002351335792510E-005   8.7107603195981531E-005   1.1587364778132567E-004   1.8693942671414284E-004
   6.5323890000000011        3.3646118442735860E-005   4.2555239082447594E-005   5.3964152615226019E-005   6.6757490199846086E-005   8.6726561889052765E-005   1.1502007754270551E-004   1.7388736825840908E-004
   6.5980410000000012        3.3501530866216759E-005   4.2447472772153019E-005   5.3864317485549248E-005   6.6479056103716790E-005   8.6360017780852060E-005   1.1397410970418778E-004   1.5678881453443720E-004
   6.6643530000000002        3.3570993455403126E-005   4.2450086762142144E-005   5.3798785750388110E-005   6.6445247165120082E-005   8.6364625699936757E-005   1.1365129872921605E-004   1.5840493326909992E-004
   6.7313310000000008        3.3629030613735403E-005   4.2454716389846984E-005   5.3808395709738404E-005   6.6498856823938351E-005   8.6470646984306669E-005   1.1391363491893854E-004   1.6550096018329841E-004
   6.7989830000000007        3.3630203295568234E-005   4.2498227685877143E-005   5.3824895353708558E-005   6.6599815851038478E-005   8.6555699414463954E-005   1.1446040848272548E-004   1.6848062376972081E-004
   6.8673140000000004        3.3633149230836586E-005   4.2503629295736007E-005   5.3801138382177525E-005   6.6603079847689562E-005   8.6554526142111011E-005   1.1449744650701043E-004   1.6899803891712661E-004
   6.9363330000000003        3.3633118764932521E-005   4.2466739939583532E-005   5.3833279947819379E-005   6.6622586394329036E-005   8.6494060722988421E-005   1.1417129230407105E-004   1.7045473332733902E-004
   7.0060440000000010        3.3635805612709442E-005   4.2490646768278455E-005   5.3847651537597116E-005   6.6639104703681133E-005   8.6536154428527108E-005   1.1457791135027680E-004   1.7118242756685673E-004
   7.0764570000000004        3.3635593791265980E-005   4.2476674740577841E-005   5.3864563945058686E-005   6.6669043901115688E-005   8.6689123609563892E-005   1.1454396605658890E-004   1.7313454435694074E-004
   7.1475770000000001        3.3639009468358959E-005   4.2482408170321724E-005   5.3886100421553050E-005   6.6688395331727867E-005   8.6713371625180642E-005   1.1460094610998365E-004   1.7638012895302612E-004
   7.2194120000000011        3.3648679034594890E-005   4.2490906320756557E-005   5.3921865454558212E-005   6.6885997447467185E-005   8.6872499444042511E-005   1.1491812030956663E-004   1.8326294428099637E-004
   7.2919690000000008        3.3667815592483457E-005   4.2500383391635249E-005   5.4015629088191875E-005   6.7165054495159834E-005   8.7132767034155828E-005   1.1553072691003715E-004   1.8825440037957336E-004
   7.3652550000000012        3.3687455165978399E-005   4.2512560051017127E-005   5.4085319213970288E-005   6.7232781332669092E-005   8.7347274220720772E-005   1.1636859685876399E-004   1.9006276918938424E-004
   7.4392779999999998        3.3691860427372139E-005   4.2514963526737339E-005   5.4097039096336188E-005   6.7232935823326976E-005   8.7477047828519062E-005   1.1642122724468585E-004   1.9065970247706399E-004
   7.5140440000000002        3.3673930469056914E-005   4.2504212989231488E-005   5.4011912865866870E-005   6.7169354824863468E-005   8.7197877988078425E-005   1.1593402455927629E-004   1.8964278479302124E-004
   7.5895620000000008        3.3646214885733728E-005   4.2485290098160030E-005   5.3918672575237340E-005   6.6880350969111273E-005   8.6898161741433771E-005   1.1478991281864885E-004   1.8606667662200406E-004
   7.6658390000000001        3.3716457052753833E-005   4.3024255002001408E-005   5.4155214224977708E-005   6.7268243791029919E-005   8.7668530109231524E-005   1.1684242772562665E-004   1.9211032918632604E-004
   7.7428830000000000        3.3698778736774943E-005   4.2521466081495679E-005   5.4148302030904942E-005   6.7263809780210141E-005   8.7627277752439761E-005   1.1665507116130516E-004   1.9122406920577835E-004
   7.8207009999999997        3.3676135027797795E-005   4.2507958587988641E-005   5.3986324951603916E-005   6.7178442956793342E-005   8.7233889606465407E-005   1.1604301488310274E-004   1.8963333638722808E-004
   7.8993010000000004        3.3676548821132489E-005   4.2506929850842031E-005   5.4011453759581228E-005   6.7171862681823829E-005   8.7201632025076461E-005   1.1589237350880699E-004   1.8956626461177326E-004
   7.9786910000000013        3.3667384621337622E-005   4.2500030507795776E-005   5.3926860745307168E-005   6.7160638419586687E-005   8.7065420437275009E-005   1.1555673725567966E-004   1.8854642255100674E-004
   8.0588790000000010        3.3662590694203007E-005   4.2495622080565017E-005   5.3904930696140413E-005   6.7115820684121840E-005   8.7021347103776391E-005   1.1548268822724233E-004   1.8794926676402710E-004
   8.1398720000000022        3.3648037897524508E-005   4.2481408096759011E-005   5.3833186421229383E-005   6.6831901731727683E-005   8.6888839421833027E-005   1.1473971157042346E-004   1.8525149130272536E-004
   8.2216799999999992        3.3644736486720139E-005   4.2477247924517362E-005   5.3842944304211239E-005   6.6736183480506307E-005   8.6839246642629944E-005   1.1459892996261748E-004   1.8303021354850236E-004
   8.3043099999999992        3.3632192059015013E-005   4.2460042588383202E-005   5.3641156426756941E-005   6.6549823128060046E-005   8.6564828821449616E-005   1.1355650982943913E-004   1.7508916297600437E-004
   8.3877710000000008        3.3628269807629435E-005   4.2454627061663198E-005   5.3693714368545345E-005   6.6532018087209416E-005   8.6463320451244820E-005   1.1348062002743599E-004   1.7061614629124597E-004
   8.4720700000000004        3.3623151962522426E-005   4.2394821995830941E-005   5.3622995325715737E-005   6.6471595677812965E-005   8.6218553940886427E-005   1.1291087235879744E-004   1.6462892708096681E-004
   8.5572160000000004        3.3619081998211733E-005   4.2357336346497022E-005   5.3531470660181794E-005   6.6224885711174320E-005   8.6081426357763037E-005   1.1221989141146349E-004   1.6002551382157025E-004
   8.6432179999999992        3.3620350916439089E-005   4.2363623312740392E-005   5.3513537060062716E-005   6.6305972651023264E-005   8.6089664721006803E-005   1.1230905468390103E-004   1.6004115717843366E-004
   8.7300850000000008        3.3617783142762452E-005   4.2351759421467539E-005   5.3459850850770337E-005   6.6156152443023206E-005   8.5830461154443445E-005   1.1205336925276619E-004   1.5625993595867066E-004
   8.8178239999999999        3.3616049972375953E-005   4.2352794728231531E-005   5.3520820705751571E-005   6.6091539033211825E-005   8.5807993342290354E-005   1.1184249967404933E-004   1.5476107554148629E-004
   8.9064460000000008        3.3618213523754683E-005   4.2355535882557184E-005   5.3494363271928197E-005   6.6146635432574912E-005   8.5843838743401431E-005   1.1169649712904428E-004   1.5578375069335169E-004
   8.9959579999999999        3.3619963759596439E-005   4.2352501100866622E-005   5.3523424093553375E-005   6.6119482680167979E-005   8.5791528885712399E-005   1.1125965779788771E-004   1.5289820688350674E-004
   9.0863689999999995        3.3645083679951132E-005   4.2364618936831599E-005   5.3551298945473258E-005   6.6167122746531206E-005   8.5751843675295342E-005   1.1134253467266845E-004   1.5421205395220905E-004
   9.1776900000000001        3.3677170243761630E-005   4.2377263928425235E-005   5.3593885079689118E-005   6.6223222962559446E-005   8.5818963762806822E-005   1.1141314812594117E-004   1.5556712009910439E-004
   9.2699280000000002        3.3686319862509183E-005   4.2376962771118507E-005   5.3621229166160509E-005   6.6176408220445197E-005   8.5717735510868390E-005   1.1135846751808641E-004   1.5339329156721315E-004
   9.3630929999999992        3.3667317667473186E-005   4.2370670959259678E-005   5.3573335293703192E-005   6.6158474408741674E-005   8.5719828526060731E-005   1.1137324382481557E-004   1.5376617384839573E-004
   9.4571939999999994        3.3668113402359453E-005   4.2367965873527219E-005   5.3592267932929415E-005   6.6073532890173668E-005   8.5674999725679038E-005   1.1128586856828684E-004   1.5246347004769069E-004
   9.5522419999999997        3.3667362803522096E-005   4.2365557395027458E-005   5.3629515765135059E-005   6.6083947233021035E-005   8.5689859600928387E-005   1.1122838631775863E-004   1.5291257122634130E-004
   9.6482440000000000        3.3655368163037771E-005   4.2364607125162545E-005   5.3601564309889511E-005   6.6089148254627457E-005   8.5691400021290577E-005   1.1132458236917782E-004   1.5353096513215646E-004
   9.7452110000000012        3.3639877453061681E-005   4.2346709192843385E-005   5.3534695377961321E-005   6.5993787918228197E-005   8.5609292350916004E-005   1.1116439747210722E-004   1.5129540078589427E-004
   9.8431530000000009        3.3627550506755397E-005   4.2338156111914262E-005   5.3517047406809533E-005   6.5958156288860252E-005   8.5546960510183716E-005   1.1101305638561074E-004   1.5125781713610787E-004
   9.9420790000000014        3.3622143986608739E-005   4.2327264079535498E-005   5.3357111984469052E-005   6.5860744953570141E-005   8.5512802010938215E-005   1.1097146936074044E-004   1.5020690236426296E-004
   10.042000000000000        3.3628798009049463E-005   4.2338270846603731E-005   5.3453063122784517E-005   6.5960276468144031E-005   8.5555594733645690E-005   1.1103721967741471E-004   1.5161507828167695E-004
   10.142920000000000        3.3642107715389513E-005   4.2322496325311185E-005   5.3338394860266930E-005   6.5684211099015360E-005   8.5228535457730311E-005   1.1005096233095768E-004   1.4624175200532414E-004
   10.244860000000001        3.3654288706253138E-005   4.2340557009949332E-005   5.3475917037137469E-005   6.5788916066827498E-005   8.5400580209815132E-005   1.1062010164299627E-004   1.4817253521068574E-004
   10.347830000000000        3.3666028932103159E-005   4.2524596052190591E-005   5.3818752590481727E-005   6.6614307806518863E-005   8.6381009459750676E-005   1.1337922884503475E-004   1.7118211221633936E-004
   10.451820000000000        3.3649810009092958E-005   4.2386402268507083E-005   5.3644450596299690E-005   6.6218544846937324E-005   8.6099247396741077E-005   1.1173576144316239E-004   1.5568297212580597E-004
   10.556870000000000        3.3661389621022452E-005   4.2371717800949713E-005   5.3570726675649718E-005   6.6141048481518485E-005   8.5711225126047774E-005   1.1117828100546156E-004   1.5270497974038776E-004
   10.662970000000000        3.3659142516598543E-005   4.2405092320338424E-005   5.3688335148828366E-005   6.6189562960627875E-005   8.6031433757092408E-005   1.1162421522244994E-004   1.5772267275094193E-004
   10.770130000000002        3.3659527916514300E-005   4.2518762899824316E-005   5.3815978963106278E-005   6.6603911989060726E-005   8.6368033203718716E-005   1.1313184950973605E-004   1.6981988796473970E-004
   10.878380000000000        3.3642520977760987E-005   4.2366023939808049E-005   5.3552501797593730E-005   6.6098830974419120E-005   8.5687603826841116E-005   1.1114268810213036E-004   1.5190744122152840E-004
   10.987710000000002        3.3639391245538247E-005   4.2361967478436269E-005   5.3567948629081067E-005   6.6087884351967381E-005   8.5682165009090414E-005   1.1116404782094521E-004   1.5289229127305308E-004
   11.098140000000003        3.3631941443748192E-005   4.2320584557400574E-005   5.3271656792928121E-005   6.5735256333160705E-005   8.5201732990684045E-005   1.1025747216518984E-004   1.4795635980041744E-004
   11.209670000000001        3.3631148219729835E-005   4.2350202735289012E-005   5.3470599460299313E-005   6.6068674321106689E-005   8.5620606618100339E-005   1.1118150417316974E-004   1.5337527799781124E-004
   11.322330000000001        3.3627569262875413E-005   4.2312472999636933E-005   5.3385219021078425E-005   6.5725796748510631E-005   8.5141051542700328E-005   1.1021740462515561E-004   1.4829897267343753E-004
   11.436130000000002        3.3627310236838994E-005   4.2332636612941766E-005   5.3420941135093780E-005   6.5935468268546875E-005   8.5507089932977006E-005   1.1094477860234059E-004   1.5167243517060348E-004
   11.551060000000000        3.3639654472623903E-005   4.2347826998193369E-005   5.3492850625768304E-005   6.6020188191172655E-005   8.5562246359949766E-005   1.1103914357819269E-004   1.5355338349283470E-004
   11.667149999999999        3.3633649386691123E-005   4.2337974723640029E-005   5.3502794838583423E-005   6.5959759320017856E-005   8.5513196959313055E-005   1.1093467202815354E-004   1.5236730726508288E-004
   11.784409999999999        3.3631337024460339E-005   4.2357853298323291E-005   5.3538208813379112E-005   6.6089801271218616E-005   8.5708268881242629E-005   1.1124323333272641E-004   1.5533401040447378E-004
   11.902850000000001        3.3630543689366736E-005   4.2319289708925285E-005   5.3423610111178904E-005   6.5756833083507668E-005   8.5167630337714079E-005   1.1044076064456810E-004   1.4966298119321105E-004
   12.022470000000000        3.3657828235183012E-005   4.2370243059857454E-005   5.3566081315751389E-005   6.6111510285347049E-005   8.5766857132276700E-005   1.1126069787979752E-004   1.5464669655524793E-004
   12.143300000000000        3.3637561414008195E-005   4.2332609076024209E-005   5.3364177138522972E-005   6.5936386759070164E-005   8.5349148447151095E-005   1.1077468134068333E-004   1.5087331540567534E-004
   12.265350000000000        3.3650419630264040E-005   4.2387021232641905E-005   5.3596367889108059E-005   6.6130199616086592E-005   8.5819083781059292E-005   1.1128607932201747E-004   1.5545072188842427E-004
   12.388620000000001        3.3659233051271766E-005   4.2411868996000386E-005   5.3672542295908426E-005   6.6119918177070814E-005   8.5670243627337974E-005   1.1121441136026750E-004   1.5521432359093021E-004
   12.513130000000000        3.3667750604290624E-005   4.2473292102681810E-005   5.3612005344925004E-005   6.6043757898569591E-005   8.5579177729269739E-005   1.1100450463144710E-004   1.5317770823109278E-004
   12.638890000000000        3.3726726420138867E-005   4.2548225526540707E-005   5.3694996297803417E-005   6.6090699167003982E-005   8.5625324864191315E-005   1.1109035514558037E-004   1.5275219238514509E-004
   12.765910000000002        3.3700603259496874E-005   4.2449272660184727E-005   5.3624888897971763E-005   6.6040008936875773E-005   8.5560298879807731E-005   1.1092539935681341E-004   1.5272052360935345E-004
   12.894209999999999        3.3717668268889216E-005   4.2541625010639779E-005   5.3650104174323657E-005   6.6072935194887703E-005   8.5604958479079663E-005   1.1097707704939194E-004   1.5283129225875271E-004
   13.023800000000001        3.3768826711383411E-005   4.2567647681095009E-005   5.3724439179863262E-005   6.6158561431498702E-005   8.5641810854218163E-005   1.1111200316312860E-004   1.5322120486868906E-004
   13.154690000000000        3.3767826130161340E-005   4.2570505020124739E-005   5.3691049519973034E-005   6.6139300902759047E-005   8.5613386518492825E-005   1.1111301171581279E-004   1.5249980639770765E-004
   13.286899999999999        3.3822548629343265E-005   4.2594057241124654E-005   5.3828668986891837E-005   6.6210909211655296E-005   8.5589016367772870E-005   1.1109108397068842E-004   1.5176760893912054E-004
   13.420439999999999        3.3807655727280624E-005   4.2589553351854485E-005   5.3873782330187730E-005   6.6261862161487244E-005   8.5705953372980340E-005   1.1119902620882568E-004   1.5376756881376607E-004
   13.555320000000000        3.3878267981438198E-005   4.2937564825821828E-005   5.3960969506917583E-005   6.6344722972742085E-005   8.5657133853341453E-005   1.1112914063920961E-004   1.5220894783048958E-004
   13.691549999999999        3.3851165946924542E-005   4.2901656369981195E-005   5.3940998428581031E-005   6.6312020652745069E-005   8.5627056920802909E-005   1.1109867133644653E-004   1.5262386976894023E-004
   13.829150000000002        3.3899060682603773E-005   4.2949259304516198E-005   5.3976808619785917E-005   6.6360558755213588E-005   8.5689254922240068E-005   1.1121128871762879E-004   1.5278843805790207E-004
   13.968140000000002        3.3914547568593624E-005   4.2947360230681331E-005   5.4018418798343129E-005   6.6349160155312228E-005   8.5613278541913230E-005   1.1072041794859411E-004   1.5192980703538009E-004
   14.108520000000002        3.3923355565041291E-005   4.2977511172365340E-005   5.4100964777445305E-005   6.6587654080532430E-005   8.5858425468944002E-005   1.1145525810368595E-004   1.5351567598135269E-004
   14.250320000000002        3.3941758468915284E-005   4.3001415213595145E-005   5.4158568442349349E-005   6.6745432152231140E-005   8.5935300278281498E-005   1.1167801815996872E-004   1.5298300724889922E-004
   14.393540000000002        3.3973215569472972E-005   4.3022924958131154E-005   5.4223920483114622E-005   6.6819793121976039E-005   8.6111157678999268E-005   1.1183937609981939E-004   1.5350616513106670E-004
   14.538200000000000        3.3989052301174123E-005   4.3045237045533808E-005   5.4315647948663424E-005   6.6958100847019447E-005   8.6229859342931819E-005   1.1239671830956337E-004   1.5403187095531441E-004
   14.684310000000000        3.4030131826860820E-005   4.3057343337672540E-005   5.4329618018293687E-005   6.6978182805144443E-005   8.6243852785470001E-005   1.1223815250407949E-004   1.5446679534647498E-004
   14.831890000000000        3.4039576217034859E-005   4.3062337348026489E-005   5.4338117117636173E-005   6.6982944544030179E-005   8.6232446932557109E-005   1.1223041487305133E-004   1.5432455599669498E-004
   14.980950000000000        3.4120258620357435E-005   4.3640314314736181E-005   5.4598527782492157E-005   6.7441025971026091E-005   8.6719285563058491E-005   1.1399425646052454E-004   1.6018209740518421E-004
   15.131520000000000        3.4002165880241791E-005   4.3041859720362965E-005   5.4244168673394192E-005   6.6885056414795166E-005   8.6184265267999719E-005   1.1210274006083036E-004   1.5444400174692322E-004
   15.283590000000002        3.4039078934957749E-005   4.3052054938549506E-005   5.4327328434128394E-005   6.6988536963377872E-005   8.6189912209244242E-005   1.1215582027777782E-004   1.5468450891653856E-004
   15.437190000000001        3.3981142108755209E-005   4.3042699425573223E-005   5.4311405794887766E-005   6.6962262734004014E-005   8.6215769354290291E-005   1.1214569685371055E-004   1.5528214676154351E-004
   15.592340000000000        3.3959411304548279E-005   4.3010643473649761E-005   5.4203836720898841E-005   6.6782798876747779E-005   8.6071301710816429E-005   1.1181891968987876E-004   1.5509844704124587E-004
   15.749050000000002        3.3928171177006392E-005   4.2992717420697784E-005   5.4178241560650099E-005   6.6724204170942841E-005   8.6006742872820106E-005   1.1177909381688691E-004   1.5558908928227008E-004
   15.907330000000000        3.3885575132336631E-005   4.2977158468223805E-005   5.4041754447852790E-005   6.6622322671096426E-005   8.5856114195879409E-005   1.1146060327469397E-004   1.5702988376323953E-004
   15.993430000000000        3.3879961654702991E-005   4.2955697300016825E-005   5.4044572672812545E-005   6.6510587145273697E-005   8.5784331778094395E-005   1.1174263780332841E-004   1.5597716132857768E-004
