#  lambda [mu]       Rp^2/Rstar^2
      6.030151     9.0625217E-005     0.0000000E+000
      6.090755     9.0645794E-005     0.0000000E+000
      6.151969     9.0679706E-005     0.0000000E+000
      6.213798     9.0634798E-005     0.0000000E+000
      6.276248     9.0567164E-005     0.0000000E+000
      6.339326     9.0589635E-005     0.0000000E+000
      6.403038     9.0687830E-005     0.0000000E+000
      6.467390     9.0891418E-005     0.0000000E+000
      6.532389     9.0733239E-005     0.0000000E+000
      6.598041     9.0543732E-005     0.0000000E+000
      6.664353     9.0537308E-005     0.0000000E+000
      6.731331     9.0600390E-005     0.0000000E+000
      6.798983     9.0631625E-005     0.0000000E+000
      6.867314     9.0636010E-005     0.0000000E+000
      6.936333     9.0647237E-005     0.0000000E+000
      7.006044     9.0665185E-005     0.0000000E+000
      7.076457     9.0695258E-005     0.0000000E+000
      7.147577     9.0736596E-005     0.0000000E+000
      7.219412     9.0829046E-005     0.0000000E+000
      7.291969     9.0959521E-005     0.0000000E+000
      7.365255     9.1063977E-005     0.0000000E+000
      7.439278     9.1079485E-005     0.0000000E+000
      7.514044     9.0994788E-005     0.0000000E+000
      7.589562     9.0846044E-005     0.0000000E+000
      7.665839     9.1151565E-005     0.0000000E+000
      7.742883     9.1130681E-005     0.0000000E+000
      7.820701     9.1011757E-005     0.0000000E+000
      7.899301     9.0999523E-005     0.0000000E+000
      7.978691     9.0957646E-005     0.0000000E+000
      8.058879     9.0937486E-005     0.0000000E+000
      8.139872     9.0848520E-005     0.0000000E+000
      8.221680     9.0816170E-005     0.0000000E+000
      8.304310     9.0708015E-005     0.0000000E+000
      8.387771     9.0646589E-005     0.0000000E+000
      8.472070     9.0551024E-005     0.0000000E+000
      8.557216     9.0470647E-005     0.0000000E+000
      8.643218     9.0474811E-005     0.0000000E+000
      8.730085     9.0403431E-005     0.0000000E+000
      8.817824     9.0385748E-005     0.0000000E+000
      8.906446     9.0398032E-005     0.0000000E+000
      8.995958     9.0355465E-005     0.0000000E+000
      9.086369     9.0376324E-005     0.0000000E+000
      9.177690     9.0410623E-005     0.0000000E+000
      9.269928     9.0362811E-005     0.0000000E+000
      9.363093     9.0375234E-005     0.0000000E+000
      9.457194     9.0326969E-005     0.0000000E+000
      9.552242     9.0348370E-005     0.0000000E+000
      9.648244     9.0348279E-005     0.0000000E+000
      9.745211     9.0282153E-005     0.0000000E+000
      9.843153     9.0252695E-005     0.0000000E+000
      9.942079     9.0233014E-005     0.0000000E+000
     10.042000     9.0260934E-005     0.0000000E+000
     10.142920     9.0055470E-005     0.0000000E+000
     10.244860     9.0136610E-005     0.0000000E+000
     10.347830     9.0687439E-005     0.0000000E+000
     10.451820     9.0448280E-005     0.0000000E+000
     10.556870     9.0342401E-005     0.0000000E+000
     10.662970     9.0451960E-005     0.0000000E+000
     10.770130     9.0679458E-005     0.0000000E+000
     10.878380     9.0332996E-005     0.0000000E+000
     10.987710     9.0329112E-005     0.0000000E+000
     11.098140     9.0081281E-005     0.0000000E+000
     11.209670     9.0317423E-005     0.0000000E+000
     11.322330     9.0067553E-005     0.0000000E+000
     11.436130     9.0212153E-005     0.0000000E+000
     11.551060     9.0258076E-005     0.0000000E+000
     11.667150     9.0211899E-005     0.0000000E+000
     11.784410     9.0350783E-005     0.0000000E+000
     11.902850     9.0080393E-005     0.0000000E+000
     12.022470     9.0360672E-005     0.0000000E+000
     12.143300     9.0146101E-005     0.0000000E+000
     12.265350     9.0374586E-005     0.0000000E+000
     12.388620     9.0335948E-005     0.0000000E+000
     12.513130     9.0259600E-005     0.0000000E+000
     12.638890     9.0252069E-005     0.0000000E+000
     12.765910     9.0220858E-005     0.0000000E+000
     12.894210     9.0249875E-005     0.0000000E+000
     13.023800     9.0262130E-005     0.0000000E+000
     13.154690     9.0223742E-005     0.0000000E+000
     13.286900     9.0194442E-005     0.0000000E+000
     13.420440     9.0293646E-005     0.0000000E+000
     13.555320     9.0239477E-005     0.0000000E+000
     13.691550     9.0229347E-005     0.0000000E+000
     13.829150     9.0275081E-005     0.0000000E+000
     13.968140     9.0233847E-005     0.0000000E+000
     14.108520     9.0341216E-005     0.0000000E+000
     14.250320     9.0381096E-005     0.0000000E+000
     14.393540     9.0443038E-005     0.0000000E+000
     14.538200     9.0508254E-005     0.0000000E+000
     14.684310     9.0529330E-005     0.0000000E+000
     14.831890     9.0522751E-005     0.0000000E+000
     14.980950     9.0778615E-005     0.0000000E+000
     15.131520     9.0481570E-005     0.0000000E+000
     15.283590     9.0497894E-005     0.0000000E+000
     15.437190     9.0508009E-005     0.0000000E+000
     15.592340     9.0418879E-005     0.0000000E+000
     15.749050     9.0379628E-005     0.0000000E+000
     15.907330     9.0380674E-005     0.0000000E+000
     15.993430     9.0315791E-005     0.0000000E+000
