   6.0301510000000009        6.2631514479739251E-005   1.7992651317603766E-005   6.9987544846556319E-005
   6.0907549999999997        6.2621294760896147E-005   1.8032897841218401E-005   7.0023473508582364E-005
   6.1519690000000002        6.2615341041167050E-005   1.8096673075868038E-005   7.0067198639539650E-005
   6.2137979999999997        6.2615314603935144E-005   1.8019916097006483E-005   6.9935935806620455E-005
   6.2762479999999998        6.2587813718690413E-005   1.7922775566737902E-005   6.9767319612417110E-005
   6.3393259999999998        6.2639110921048193E-005   1.7947567353762616E-005   6.9861230913043299E-005
   6.4030379999999996        6.2729242150384964E-005   1.8079414153897054E-005   7.0107137538561565E-005
   6.4673900000000000        6.2901476515261494E-005   1.8397344653127669E-005   7.0510462701304464E-005
   6.5323890000000011        6.2736965247581683E-005   1.8150110751910532E-005   7.0228515041464209E-005
   6.5980410000000012        6.2499728711684703E-005   1.7841926782034509E-005   6.9866902478651229E-005
   6.6643530000000002        6.2517387364004274E-005   1.7832733012806799E-005   6.9825847451816556E-005
   6.7313310000000008        6.2644326518054570E-005   1.7927714147931220E-005   6.9895943983389104E-005
   6.7989830000000007        6.2694961983684354E-005   1.7970204612367840E-005   6.9954485541223169E-005
   6.8673140000000004        6.2686630759665340E-005   1.7964508720281893E-005   6.9964412285445567E-005
   6.9363330000000003        6.2706895492060786E-005   1.7970713450190953E-005   6.9936073469096112E-005
   7.0060440000000010        6.2729071210872826E-005   1.7995659534755978E-005   7.0001820720508355E-005
   7.0764570000000004        6.2761641944646262E-005   1.8037974461465096E-005   7.0030863955343294E-005
   7.1475770000000001        6.2804770329987668E-005   1.8092096661278498E-005   7.0105962374593354E-005
   7.2194120000000011        6.2877615157485201E-005   1.8228272617552555E-005   7.0268874971338383E-005
   7.2919690000000008        6.2970787421435295E-005   1.8448735130511986E-005   7.0543562546249307E-005
   7.3652550000000012        6.3036369604149313E-005   1.8649923222586437E-005   7.0753580177943602E-005
   7.4392779999999998        6.3046909975350259E-005   1.8694984659844788E-005   7.0795931510011218E-005
   7.5140440000000002        6.2988782899324174E-005   1.8541209522797581E-005   7.0591341080951259E-005
   7.5895620000000008        6.2871932947886170E-005   1.8270172692973802E-005   7.0263368397877011E-005
   7.6658390000000001        6.3085082446423044E-005   1.8857273893334129E-005   7.0947519499538870E-005
   7.7428830000000000        6.3085260788018306E-005   1.8801962050253506E-005   7.0890835225192415E-005
   7.8207009999999997        6.3004067726294850E-005   1.8568935761092327E-005   7.0603150875571424E-005
   7.8993010000000004        6.2989499009186663E-005   1.8536072466188012E-005   7.0591840081753811E-005
   7.9786910000000013        6.2957376765324858E-005   1.8456231771056351E-005   7.0460436618134171E-005
   8.0588790000000010        6.2943239643769262E-005   1.8410700428462641E-005   7.0406888762505231E-005
   8.1398720000000022        6.2880309630925209E-005   1.8255317277884206E-005   7.0201338794775709E-005
   8.2216799999999992        6.2853519059279637E-005   1.8195670330893459E-005   7.0144917795559222E-005
   8.3043099999999992        6.2780098304515494E-005   1.8020341560554878E-005   6.9889907085356963E-005
   8.3877710000000008        6.2720357891513309E-005   1.7931088507071824E-005   6.9781133716860367E-005
   8.4720700000000004        6.2639735673767396E-005   1.7795807545413916E-005   6.9601700191555086E-005
   8.5572160000000004        6.2579576170992629E-005   1.7680185544077566E-005   6.9446367737749132E-005
   8.6432179999999992        6.2547275735378265E-005   1.7713166976572005E-005   6.9455920232549184E-005
   8.7300850000000008        6.2484098671759423E-005   1.7619883201223167E-005   6.9328901675920083E-005
   8.8178239999999999        6.2439118964413410E-005   1.7599802542553428E-005   6.9307258989341074E-005
   8.9064460000000008        6.2416629504263095E-005   1.7626545029281602E-005   6.9323214322422508E-005
   8.9959579999999999        6.2341138075775916E-005   1.7562029797713941E-005   6.9244291810995550E-005
   9.0863689999999995        6.2373956806600876E-005   1.7579581506330514E-005   6.9296218268358555E-005
   9.1776900000000001        6.2448126180048366E-005   1.7601001591181952E-005   6.9375889971126002E-005
   9.2699280000000002        6.2449412676795186E-005   1.7523829912227846E-005   6.9314026554299145E-005
   9.3630929999999992        6.2398314644160439E-005   1.7557564818297942E-005   6.9306800620847902E-005
   9.4571939999999994        6.2397971905239346E-005   1.7488821624147952E-005   6.9240975567828717E-005
   9.5522419999999997        6.2369937474219156E-005   1.7523958237828808E-005   6.9246900942313315E-005
   9.6482440000000000        6.2336840568920249E-005   1.7535540532887957E-005   6.9247507036979659E-005
   9.7452110000000012        6.2268132410813943E-005   1.7461071793654054E-005   6.9123989877546504E-005
   9.8431530000000009        6.2157740757709344E-005   1.7439970920727562E-005   6.9082042846299669E-005
   9.9420790000000014        6.2121391413390886E-005   1.7418229253029736E-005   6.9010953434586752E-005
   10.042000000000000        6.2176164979059543E-005   1.7453031896921384E-005   6.9072586463082313E-005
   10.142920000000000        6.2237093849422246E-005   1.7152224131628609E-005   6.8778189111164240E-005
   10.244860000000001        6.2309742926829826E-005   1.7248908030266705E-005   6.8946407643980068E-005
   10.347830000000000        6.2402359795852932E-005   1.8046381744728991E-005   6.9857872030146679E-005
   10.451820000000000        6.2293289060892038E-005   1.7652403057528393E-005   6.9422539224380859E-005
   10.556870000000000        6.2327209158825691E-005   1.7507317904392860E-005   6.9256953335852686E-005
   10.662970000000000        6.2329174172074989E-005   1.7653828012827565E-005   6.9414718419324068E-005
   10.770130000000002        6.2375947537024576E-005   1.8031088390357005E-005   6.9835514734934660E-005
   10.878380000000000        6.2229111537980976E-005   1.7493259177639352E-005   6.9209508081001622E-005
   10.987710000000002        6.2210195523679227E-005   1.7510836787945755E-005   6.9225169439159090E-005
   11.098140000000003        6.2123452151708898E-005   1.7223423372496587E-005   6.8826422186993679E-005
   11.209670000000001        6.2146772352073923E-005   1.7513594607058781E-005   6.9165787421617933E-005
   11.322330000000001        6.2066007172794773E-005   1.7215552397210311E-005   6.8828350184692346E-005
   11.436130000000002        6.2091528083630372E-005   1.7393030661863664E-005   6.9020297066467033E-005
   11.551060000000000        6.2174155817967054E-005   1.7436557948294239E-005   6.9114899871467478E-005
   11.667149999999999        6.2122619681134381E-005   1.7390628999515306E-005   6.9064213074806268E-005
   11.784409999999999        6.2160229537026364E-005   1.7547053463814949E-005   6.9243199582420294E-005
   11.902850000000001        6.2119264713772460E-005   1.7234204546183351E-005   6.8887460601950969E-005
   12.022470000000000        6.2280275706142805E-005   1.7535773941918989E-005   6.9263584340474300E-005
   12.143300000000000        6.2174715950489315E-005   1.7297149641668574E-005   6.8959915240963599E-005
   12.265350000000000        6.2260837035767308E-005   1.7561289561181226E-005   6.9307895516039557E-005
   12.388620000000001        6.2293253118642103E-005   1.7507476835908476E-005   6.9281583375987576E-005
   12.513130000000000        6.2304241731507565E-005   1.7411071746670887E-005   6.9215887271369055E-005
   12.638890000000000        6.2469127266371894E-005   1.7346977644038424E-005   6.9246421661208317E-005
   12.765910000000002        6.2385836728294161E-005   1.7344714681770973E-005   6.9166014826116349E-005
   12.894209999999999        6.2430932580305728E-005   1.7362385287639901E-005   6.9229952369035967E-005
   13.023800000000001        6.2539170171205054E-005   1.7344236466782280E-005   6.9294483741410973E-005
   13.154690000000000        6.2557583517394415E-005   1.7280157936295688E-005   6.9256723878881332E-005
   13.286899999999999        6.2656541554395842E-005   1.7224847693954649E-005   6.9339323236903682E-005
   13.420439999999999        6.2654186562024469E-005   1.7331257308782348E-005   6.9440225008004835E-005
   13.555320000000000        6.2767768940058535E-005   1.7195742777515808E-005   6.9459570042560762E-005
   13.691549999999999        6.2717892394886953E-005   1.7228123328522486E-005   6.9442031245540040E-005
   13.829150000000002        6.2793028783752759E-005   1.7210342736557145E-005   6.9540046756598527E-005
   13.968140000000002        6.2807850281313589E-005   1.7144637169532428E-005   6.9525374534114276E-005
   14.108520000000002        6.2856084037647266E-005   1.7247631114472144E-005   6.9686806489738839E-005
   14.250320000000002        6.2930935137000451E-005   1.7209881649784118E-005   6.9794231535691921E-005
   14.393540000000002        6.2980020426500494E-005   1.7261873333302536E-005   6.9939014136217705E-005
   14.538200000000000        6.3025309276373609E-005   1.7318373048651763E-005   7.0071788569764785E-005
   14.684310000000000        6.3059125758812198E-005   1.7327971635108934E-005   7.0105553192124101E-005
   14.831890000000000        6.3060044551285237E-005   1.7312903680405557E-005   7.0104041911268393E-005
   14.980950000000000        6.3201409518536358E-005   1.7623008343101438E-005   7.0687767927765305E-005
   15.131520000000000        6.3018888124684674E-005   1.7305570670039969E-005   7.0025850939860819E-005
   15.283590000000002        6.3053305543094102E-005   1.7288689197643577E-005   7.0069372384050715E-005
   15.437190000000001        6.3021295662958111E-005   1.7321076275504812E-005   7.0060841819684778E-005
   15.592340000000000        6.2955222162539920E-005   1.7277110584733669E-005   6.9895154234249742E-005
   15.749050000000002        6.2904926588894906E-005   1.7298129574164769E-005   6.9833869054330500E-005
   15.907330000000000        6.2835992022568913E-005   1.7354960001765453E-005   6.9711341325523533E-005
   15.993430000000000        6.2798221237517473E-005   1.7310889275781497E-005   6.9654962573697312E-005
