   998.14127661237228        1.0000000000000000E-050   1.0000000000000000E-050   1.0000000000000000E-050   1.0000000000000000E-050   1.0000000000000000E-050   1.0000000000000000E-050   3.1280891544599707E-006
   567.95057797685411        1.0000000000000000E-050   1.0000000000000000E-050   1.0000000000000000E-050   1.0000000000000000E-050   1.0000000000000000E-050   1.4457021440173364E-006   2.4529071964547212E-004
   323.16853994758878        1.0000000000000000E-050   1.0000000000000000E-050   1.0000000000000000E-050   1.0000000000000000E-050   1.0210482660983152E-009   7.4676594533098877E-006   3.1633707859822887E-004
   183.88555142224445        1.0000000000000000E-050   1.0000000000000000E-050   1.0000000000000000E-050   1.0000000000000000E-050   3.0923118671055681E-008   3.6753265430894216E-005   9.8143686605736929E-004
   104.63238787830910        1.0000000000000000E-050   1.0000000000000000E-050   1.0000000000000000E-050   1.0000000000000000E-050   2.0010961531968311E-007   6.2765463292438036E-005   9.8143686605736929E-004
   59.536687403883533        1.0000000000000000E-050   1.0000000000000000E-050   1.0000000000000000E-050   1.0593696028266138E-011   4.7512310489388231E-007   7.5992267113298128E-005   9.8143686605736929E-004
   33.876863740797432        1.0000000000000000E-050   1.0000000000000000E-050   1.0000000000000000E-050   1.0943923553733635E-010   7.9262929841566079E-007   9.4524335854596878E-005   2.1030550251618738E-003
   19.276213490468681        1.0000000000000000E-050   1.0000000000000000E-050   1.0000000000000000E-050   7.0690838978290258E-010   1.4717676619745257E-006   1.1865675679321399E-004   4.0983396878097383E-003
   10.968323672850719        1.0000000000000000E-050   1.0000000000000000E-050   1.0000000000000000E-050   2.0320564614903413E-009   2.5541774112429366E-006   1.5479076796670284E-004   5.3168869437237093E-003
   6.2410661851147822        1.0000000000000000E-050   1.0000000000000000E-050   1.0000000000000000E-050   5.2075646352223997E-009   3.4813150408937002E-006   1.7833287398051723E-004   5.3168869437237093E-003
   3.5512178787535449        1.0000000000000000E-050   1.0000000000000000E-050   1.0000000000000000E-050   1.1273335820392043E-008   4.8515282954085950E-006   1.8037778289289915E-004   5.3168869437237093E-003
   2.0206721172829347        1.0000000000000000E-050   1.0000000000000000E-050   1.7445566533708898E-011   1.6457381689024452E-008   5.5971800919501781E-006   1.8544269237209725E-004  0.38213025170643639     
   1.1497790180640348        1.0000000000000000E-050   1.0000000000000000E-050   4.8859451924131033E-011   2.4557150425800029E-008   6.0131284435158837E-006   1.9758914289337909E-004  0.38213025170643639     
  0.65423369732932912        1.0000000000000000E-050   1.0000000000000000E-050   9.0343202734965570E-011   3.1246016513997399E-008   7.5042293583298601E-006   2.1425843095860663E-004  0.38213025170643639     
  0.37226434297078648        1.0000000000000000E-050   1.0000000000000000E-050   1.5859134091027919E-010   4.0235016127045460E-008   8.0260701643254969E-006   2.1425843095860663E-004  0.38213025170643639     
  0.21182146626377793        1.0000000000000000E-050   1.0000000000000000E-050   2.3744014130969545E-010   4.6693190024391413E-008   9.0742557654030175E-006   2.2309143106504967E-004  0.91469285501648412     
  0.12052815268868751        1.0000000000000000E-050   4.8180740998358190E-012   3.0948860152335293E-010   5.7940645651834077E-008   9.7886767091418764E-006   2.3398058339197959E-004  0.91469285501648412     
   6.8581508034966043E-002   1.0000000000000000E-050   9.8658785845209332E-012   3.7763712033780065E-010   6.6253941722993485E-008   9.8393670900162537E-006   2.3398058339197959E-004  0.91469285501648412     
   3.9023440909266960E-002   1.3023106181254710E-012   1.1590320538873346E-011   4.3567484517152405E-010   7.4492913413142761E-008   1.0215240011679642E-005   2.3998756404219521E-004  0.91469285501648412     
   2.2204658136456310E-002   1.4149130699280407E-012   1.1967784869604925E-011   4.3789004438281104E-010   7.5542378170915602E-008   1.0215240011679642E-005   2.3998756404219521E-004  0.91469285501648412     
   1.2634632709690421E-002   1.9888357347094729E-012   1.2354989229984595E-011   4.3827394976302805E-010   7.5542378170915602E-008   1.0277930868695094E-005   2.4395040816064997E-004  0.92464391477368713     
   7.1892097022059846E-003   1.9888357347094729E-012   1.2354989229984595E-011   4.3827394976302805E-010   7.5542378170915602E-008   1.0277930868695094E-005   2.4395040816064997E-004  0.92464391477368713     
   4.0907193212393082E-003   1.9888357347094729E-012   1.2354989229984595E-011   4.3827394976302805E-010   7.5542378170915602E-008   1.0277930868695094E-005   2.4395040816064997E-004  0.92464391477368713     
   2.3276528656586259E-003   1.9888357347094729E-012   1.2354989229984595E-011   4.3827394976302805E-010   7.5542378170915602E-008   1.0277930868695094E-005   2.4395040816064997E-004  0.92464391477368713     
   1.3244535832312755E-003   1.9888357347094729E-012   1.2354989229984595E-011   4.3827394976302805E-010   7.5542378170915602E-008   1.0277930868695094E-005   2.4395040816064997E-004  0.92464391477368713     
   7.5362495843546450E-004   1.9888357347094729E-012   1.2354989229984595E-011   4.3827394976302805E-010   7.5542378170915602E-008   1.0277930868695094E-005   2.4395040816064997E-004  0.92464391477368713     
   4.2881878622822085E-004   1.9888357347094729E-012   1.2354989229984595E-011   4.3827394976302805E-010   7.5542378170915602E-008   1.0277930868695094E-005   2.4395040816064997E-004  0.92464391477368713     
   2.4400140861044904E-004   1.9888357347094729E-012   1.2354989229984595E-011   4.3827394976302805E-010   7.5542378170915602E-008   1.0277930868695094E-005   2.4395040816064997E-004  0.92464391477368713     
   1.3883880397953848E-004   1.9888357347094729E-012   1.2354989229984595E-011   4.3827394976302805E-010   7.5542378170915602E-008   1.0277930868695094E-005   2.4395040816064997E-004  0.92464391477368713     
   7.9000418892020960E-005   1.9888357347094729E-012   1.2354989229984595E-011   4.3827394976302805E-010   7.5542378170915602E-008   1.0277930868695094E-005   2.4395040816064997E-004  0.92464391477368713     
   4.4951886693251589E-005   1.9888357347094729E-012   1.2354989229984595E-011   4.3827394976302805E-010   7.5542378170915602E-008   1.0277930868695094E-005   2.4395040816064997E-004  0.92464391477368713     
   2.5577992441341655E-005   1.9888357347094729E-012   1.2354989229984595E-011   4.3827394976302805E-010   7.5542378170915602E-008   1.0277930868695094E-005   2.4395040816064997E-004  0.92464391477368713     
   1.4554087613580531E-005   1.9888357347094729E-012   1.2354989229984595E-011   4.3827394976302805E-010   7.5542378170915602E-008   1.0277930868695094E-005   2.4395040816064997E-004  0.92464391477368713     
   8.2813952951761638E-006   1.9888357347094729E-012   1.2354989229984595E-011   4.3827394976302805E-010   7.5542378170915602E-008   1.0277930868695094E-005   2.4395040816064997E-004  0.92464391477368713     
   4.7121818870302946E-006   1.9888357347094729E-012   1.2354989229984595E-011   4.3827394976302805E-010   7.5542378170915602E-008   1.0277930868695094E-005   2.4395040816064997E-004  0.92464391477368713     
   2.6812701658367056E-006   1.9888357347094729E-012   1.2354989229984595E-011   4.3827394976302805E-010   7.5542378170915602E-008   1.0277930868695094E-005   2.4395040816064997E-004  0.92464391477368713     
   1.5256647291127320E-006   1.9888357347094729E-012   1.2354989229984595E-011   4.3827394976302805E-010   7.5542378170915602E-008   1.0277930868695094E-005   2.4395040816064997E-004  0.92464391477368713     
   8.6811575174942369E-007   1.9888357347094729E-012   1.2354989229984595E-011   4.3827394976302805E-010   7.5542378170915602E-008   1.0277930868695094E-005   2.4395040816064997E-004  0.92464391477368713     
   4.9396498723133221E-007   1.9888357347094729E-012   1.2354989229984595E-011   4.3827394976302805E-010   7.5542378170915602E-008   1.0277930868695094E-005   2.4395040816064997E-004  0.92464391477368713     
   2.8107013162558128E-007   1.9888357347094729E-012   1.2354989229984595E-011   4.3827394976302805E-010   7.5542378170915602E-008   1.0277930868695094E-005   2.4395040816064997E-004  0.92464391477368713     
   1.5993121159217720E-007   1.9888357347094729E-012   1.2354989229984595E-011   4.3827394976302805E-010   7.5542378170915602E-008   1.0277930868695094E-005   2.4395040816064997E-004  0.92464391477368713     
   9.1002171925598570E-008   1.9888357347094729E-012   1.2354989229984595E-011   4.3827394976302805E-010   7.5542378170915602E-008   1.0277930868695094E-005   2.4395040816064997E-004  0.92464391477368713     
   5.1780982665807991E-008   1.9888357347094729E-012   1.2354989229984595E-011   4.3827394976302805E-010   7.5542378170915602E-008   1.0277930868695094E-005   2.4395040816064997E-004  0.92464391477368713     
   2.9463804095014973E-008   1.9888357347094729E-012   1.2354989229984595E-011   4.3827394976302805E-010   7.5542378170915602E-008   1.0277930868695094E-005   2.4395040816064997E-004  0.92464391477368713     
   1.6765146334750000E-008   1.9888357347094729E-012   1.2354989229984595E-011   4.3827394976302805E-010   7.5542378170915602E-008   1.0277930868695094E-005   2.4395040816064997E-004  0.92464391477368713     
   9.5395058533237773E-009   1.9888357347094729E-012   1.2354989229984595E-011   4.3827394976302805E-010   7.5542378170915602E-008   1.0277930868695094E-005   2.4395040816064997E-004  0.92464391477368713     
   5.4280571197266329E-009   1.9888357347094729E-012   1.2354989229984595E-011   4.3827394976302805E-010   7.5542378170915602E-008   1.0277930868695094E-005   2.4395040816064997E-004  0.92464391477368713     
   3.0886090483134559E-009   1.9888357347094729E-012   1.2354989229984595E-011   4.3827394976302805E-010   7.5542378170915602E-008   1.0277930868695094E-005   2.4395040816064997E-004  0.92464391477368713     
   1.7574438962064896E-009   1.9888357347094729E-012   1.2354989229984595E-011   4.3827394976302805E-010   7.5542378170915602E-008   1.0277930868695094E-005   2.4395040816064997E-004  0.92464391477368713     
   9.9999999999999717E-010   1.9888357347094729E-012   1.2354989229984595E-011   4.3827394976302805E-010   7.5542378170915602E-008   1.0277930868695094E-005   2.4395040816064997E-004  0.92464391477368713     
