   998.14127661237228        1.0000000000000000E-050   1.0000000000000000E-050   1.0000000000000000E-050   1.0000000000000000E-050   1.0000000000000000E-050   1.0000000000000000E-050   1.4409770148400196E-005
   567.95057797685411        1.0000000000000000E-050   1.0000000000000000E-050   1.0000000000000000E-050   1.0000000000000000E-050   1.0000000000000000E-050   4.3834228566748686E-006   5.1452469933641282E-004
   323.16853994758878        1.0000000000000000E-050   1.0000000000000000E-050   1.0000000000000000E-050   1.0000000000000000E-050   5.8701278767545223E-010   2.6891053542234584E-005   6.9257774790538822E-004
   183.88555142224445        1.0000000000000000E-050   1.0000000000000000E-050   1.0000000000000000E-050   1.0000000000000000E-050   1.6868820760058108E-008   6.0684700979791408E-005   6.9257774790538822E-004
   104.63238787830910        1.0000000000000000E-050   1.0000000000000000E-050   1.0000000000000000E-050   1.0000000000000000E-050   1.7137496668448128E-007   1.0414952622629052E-004   8.7847470590783703E-004
   59.536687403883533        1.0000000000000000E-050   1.0000000000000000E-050   1.0000000000000000E-050   8.9088712666422254E-012   5.0321058702533897E-007   1.3049611485766433E-004   8.7847470590783703E-004
   33.876863740797432        1.0000000000000000E-050   1.0000000000000000E-050   1.0000000000000000E-050   1.2533690770636906E-010   1.0188793770804094E-006   1.6122549108684963E-004   1.2216835152643662E-003
   19.276213490468681        1.0000000000000000E-050   1.0000000000000000E-050   1.0000000000000000E-050   5.9376677921098636E-010   1.5744856024304094E-006   1.9100301649744526E-004   2.7593362213310197E-003
   10.968323672850719        1.0000000000000000E-050   1.0000000000000000E-050   1.0000000000000000E-050   2.2473999522716418E-009   2.9693201985693200E-006   2.5058545125621810E-004   3.9557625824417292E-003
   6.2410661851147822        1.0000000000000000E-050   1.0000000000000000E-050   1.0000000000000000E-050   4.7113733978242055E-009   3.8803888806388276E-006   3.1669921880213259E-004   3.9557625824417292E-003
   3.5512178787535449        1.0000000000000000E-050   1.0000000000000000E-050   1.0000000000000000E-050   9.4219730277796726E-009   5.4378567655872122E-006   3.4408790616351882E-004   3.9557625824417292E-003
   2.0206721172829347        1.0000000000000000E-050   1.0000000000000000E-050   1.8792566310858315E-011   1.4394786055854480E-008   7.4506542514297971E-006   3.4629761259944331E-004   3.9557625824417292E-003
   1.1497790180640348        1.0000000000000000E-050   1.0000000000000000E-050   5.0699778550071725E-011   2.4482983958474382E-008   9.4478124544547661E-006   4.0308525603373335E-004   3.9557625824417292E-003
  0.65423369732932912        1.0000000000000000E-050   1.0000000000000000E-050   9.6310639268421442E-011   3.3476255319498637E-008   1.1316089892991618E-005   4.2085612155059906E-004   4.4346970383108844E-003
  0.37226434297078648        1.0000000000000000E-050   1.0000000000000000E-050   1.8487734668348351E-010   4.4947153706516161E-008   1.3297847252855081E-005   4.2988760978461668E-004   4.4346970383108844E-003
  0.21182146626377793        1.0000000000000000E-050   1.0000000000000000E-050   2.3657076907152405E-010   5.5702450905381741E-008   1.4250861749789263E-005   4.2988760978461668E-004   4.4346970383108844E-003
  0.12052815268868751        1.0000000000000000E-050   3.6174748993928942E-012   2.9578546100462094E-010   6.7479863707480033E-008   1.5688798102654219E-005   4.3574168401230813E-004   4.4346970383108844E-003
   6.8581508034966043E-002   1.0000000000000000E-050   7.5955457545319794E-012   3.8229572512952443E-010   7.5000458223355207E-008   1.6328069442744398E-005   4.3574168401230813E-004   4.4346970383108844E-003
   3.9023440909266960E-002   1.7073487550325221E-012   1.2420456032398164E-011   4.0729030295007068E-010   7.9989622398216111E-008   1.6498504779624153E-005   4.3574168401230813E-004   4.4346970383108844E-003
   2.2204658136456310E-002   1.7073487550325221E-012   1.2666609646818417E-011   4.1416484679829145E-010   7.9989622398216111E-008   1.6498504779624153E-005   4.3574168401230813E-004   4.4346970383108844E-003
   1.2634632709690421E-002   1.7853135418895266E-012   1.2757551607592915E-011   4.1416484679829145E-010   8.0011742845339721E-008   1.6498504779624153E-005   4.3983908419061420E-004   6.2727360825567905E-003
   7.1892097022059846E-003   1.7853135418895266E-012   1.2757551607592915E-011   4.1416484679829145E-010   8.0011742845339721E-008   1.6498504779624153E-005   4.3983908419061420E-004   6.2727360825567905E-003
   4.0907193212393082E-003   1.7853135418895266E-012   1.2757551607592915E-011   4.1416484679829145E-010   8.0011742845339721E-008   1.6498504779624153E-005   4.3983908419061420E-004   6.2727360825567905E-003
   2.3276528656586259E-003   1.7853135418895266E-012   1.2757551607592915E-011   4.1416484679829145E-010   8.0011742845339721E-008   1.6498504779624153E-005   4.3983908419061420E-004   6.2727360825567905E-003
   1.3244535832312755E-003   1.7853135418895266E-012   1.2757551607592915E-011   4.1416484679829145E-010   8.0011742845339721E-008   1.6498504779624153E-005   4.3983908419061420E-004   6.2727360825567905E-003
   7.5362495843546450E-004   1.7853135418895266E-012   1.2757551607592915E-011   4.1416484679829145E-010   8.0011742845339721E-008   1.6498504779624153E-005   4.3983908419061420E-004   6.2727360825567905E-003
   4.2881878622822085E-004   1.7853135418895266E-012   1.2757551607592915E-011   4.1416484679829145E-010   8.0011742845339721E-008   1.6498504779624153E-005   4.3983908419061420E-004   6.2727360825567905E-003
   2.4400140861044904E-004   1.7853135418895266E-012   1.2757551607592915E-011   4.1416484679829145E-010   8.0011742845339721E-008   1.6498504779624153E-005   4.3983908419061420E-004   6.2727360825567905E-003
   1.3883880397953848E-004   1.7853135418895266E-012   1.2757551607592915E-011   4.1416484679829145E-010   8.0011742845339721E-008   1.6498504779624153E-005   4.3983908419061420E-004   6.2727360825567905E-003
   7.9000418892020960E-005   1.7853135418895266E-012   1.2757551607592915E-011   4.1416484679829145E-010   8.0011742845339721E-008   1.6498504779624153E-005   4.3983908419061420E-004   6.2727360825567905E-003
   4.4951886693251589E-005   1.7853135418895266E-012   1.2757551607592915E-011   4.1416484679829145E-010   8.0011742845339721E-008   1.6498504779624153E-005   4.3983908419061420E-004   6.2727360825567905E-003
   2.5577992441341655E-005   1.7853135418895266E-012   1.2757551607592915E-011   4.1416484679829145E-010   8.0011742845339721E-008   1.6498504779624153E-005   4.3983908419061420E-004   6.2727360825567905E-003
   1.4554087613580531E-005   1.7853135418895266E-012   1.2757551607592915E-011   4.1416484679829145E-010   8.0011742845339721E-008   1.6498504779624153E-005   4.3983908419061420E-004   6.2727360825567905E-003
   8.2813952951761638E-006   1.7853135418895266E-012   1.2757551607592915E-011   4.1416484679829145E-010   8.0011742845339721E-008   1.6498504779624153E-005   4.3983908419061420E-004   6.2727360825567905E-003
   4.7121818870302946E-006   1.7853135418895266E-012   1.2757551607592915E-011   4.1416484679829145E-010   8.0011742845339721E-008   1.6498504779624153E-005   4.3983908419061420E-004   6.2727360825567905E-003
   2.6812701658367056E-006   1.7853135418895266E-012   1.2757551607592915E-011   4.1416484679829145E-010   8.0011742845339721E-008   1.6498504779624153E-005   4.3983908419061420E-004   6.2727360825567905E-003
   1.5256647291127320E-006   1.7853135418895266E-012   1.2757551607592915E-011   4.1416484679829145E-010   8.0011742845339721E-008   1.6498504779624153E-005   4.3983908419061420E-004   6.2727360825567905E-003
   8.6811575174942369E-007   1.7853135418895266E-012   1.2757551607592915E-011   4.1416484679829145E-010   8.0011742845339721E-008   1.6498504779624153E-005   4.3983908419061420E-004   6.2727360825567905E-003
   4.9396498723133221E-007   1.7853135418895266E-012   1.2757551607592915E-011   4.1416484679829145E-010   8.0011742845339721E-008   1.6498504779624153E-005   4.3983908419061420E-004   6.2727360825567905E-003
   2.8107013162558128E-007   1.7853135418895266E-012   1.2757551607592915E-011   4.1416484679829145E-010   8.0011742845339721E-008   1.6498504779624153E-005   4.3983908419061420E-004   6.2727360825567905E-003
   1.5993121159217720E-007   1.7853135418895266E-012   1.2757551607592915E-011   4.1416484679829145E-010   8.0011742845339721E-008   1.6498504779624153E-005   4.3983908419061420E-004   6.2727360825567905E-003
   9.1002171925598570E-008   1.7853135418895266E-012   1.2757551607592915E-011   4.1416484679829145E-010   8.0011742845339721E-008   1.6498504779624153E-005   4.3983908419061420E-004   6.2727360825567905E-003
   5.1780982665807991E-008   1.7853135418895266E-012   1.2757551607592915E-011   4.1416484679829145E-010   8.0011742845339721E-008   1.6498504779624153E-005   4.3983908419061420E-004   6.2727360825567905E-003
   2.9463804095014973E-008   1.7853135418895266E-012   1.2757551607592915E-011   4.1416484679829145E-010   8.0011742845339721E-008   1.6498504779624153E-005   4.3983908419061420E-004   6.2727360825567905E-003
   1.6765146334750000E-008   1.7853135418895266E-012   1.2757551607592915E-011   4.1416484679829145E-010   8.0011742845339721E-008   1.6498504779624153E-005   4.3983908419061420E-004   6.2727360825567905E-003
   9.5395058533237773E-009   1.7853135418895266E-012   1.2757551607592915E-011   4.1416484679829145E-010   8.0011742845339721E-008   1.6498504779624153E-005   4.3983908419061420E-004   6.2727360825567905E-003
   5.4280571197266329E-009   1.7853135418895266E-012   1.2757551607592915E-011   4.1416484679829145E-010   8.0011742845339721E-008   1.6498504779624153E-005   4.3983908419061420E-004   6.2727360825567905E-003
   3.0886090483134559E-009   1.7853135418895266E-012   1.2757551607592915E-011   4.1416484679829145E-010   8.0011742845339721E-008   1.6498504779624153E-005   4.3983908419061420E-004   6.2727360825567905E-003
   1.7574438962064896E-009   1.7853135418895266E-012   1.2757551607592915E-011   4.1416484679829145E-010   8.0011742845339721E-008   1.6498504779624153E-005   4.3983908419061420E-004   6.2727360825567905E-003
   9.9999999999999717E-010   1.7853135418895266E-012   1.2757551607592915E-011   4.1416484679829145E-010   8.0011742845339721E-008   1.6498504779624153E-005   4.3983908419061420E-004   6.2727360825567905E-003
