   998.14127661237228      -0.12932237547098083       -0.0000000000000000       -0.0000000000000000       -0.0000000000000000       -0.0000000000000000       0.36002924852022722       0.49607928778161925     
   567.95057797685411      -0.16121239687850725       -0.0000000000000000       -0.0000000000000000       -0.0000000000000000       0.10223558151029266       0.38155165351548781       0.48945919960156575     
   323.16853994758878      -0.18978514538720800       -0.0000000000000000       -0.0000000000000000       -0.0000000000000000       0.26549182878892458       0.43858807717583326       0.48989461438005233     
   183.88555142224445      -0.26879581880337100       -0.0000000000000000       -0.0000000000000000       -0.0000000000000000       0.33915246023775336       0.45115429308294031       0.49687302289245727     
   104.63238787830910      -0.35078393392080098       -0.0000000000000000       -0.0000000000000000        2.5248803642927517E-002  0.35930810714768596       0.43859277761835935       0.49361314190641464     
   59.536687403883533      -0.46187920495904844       -0.0000000000000000       -0.0000000000000000       0.16872562394047672       0.36076603518061046       0.42406273803625166       0.47521218478460142     
   33.876863740797432      -0.40986883566348425       -0.0000000000000000       -0.0000000000000000       0.21741017243057403       0.35731294885081938       0.40578458861472549       0.44966504875144514     
   19.276213490468681      -0.34561957032521606       -0.0000000000000000       -0.0000000000000000       0.23655148603408707       0.34648081357010846       0.38838094046636235       0.42236379981137356     
   10.968323672850719      -0.26909376231435805       -0.0000000000000000       -0.0000000000000000       0.24438033113811067       0.33382848033037488       0.37032602544609156       0.39954169918564125     
   6.2410661851147822      -0.18012661149644543       -0.0000000000000000       -0.0000000000000000       0.24513349151739344       0.31999385114808132       0.35192982543620632       0.37429037634285012     
   3.5512178787535449      -0.14111652754375034       -0.0000000000000000        6.0712287368048803E-002  0.23843071552608677       0.30372333997247081       0.33243879912391189       0.34967133526886540     
   2.0206721172829347      -0.10675350171758717       -0.0000000000000000       0.11682944842748781       0.22635985089829624       0.28606237663478229       0.31181741666150214       0.32701905966566214     
   1.1497790180640348       -7.7736806078647330E-002  -0.0000000000000000       0.13073588516211979       0.21258030908232975       0.26579716850085172       0.29111070408930895       0.30238265178569829     
  0.65423369732932912       -6.9105142922594495E-002  -0.0000000000000000       0.12880699145725244       0.19812419256650940       0.24584382461136237       0.26875789708793535       0.27953528913101683     
  0.37226434297078648       -6.0998436854807270E-002  -0.0000000000000000       0.12307235562535694       0.18218523064714956       0.22472204934351789       0.24640808453113486       0.25812641001929398     
  0.21182146626377793       -5.3408805967930753E-002  -0.0000000000000000       0.11388212804248619       0.16530492225189952       0.20294266021727211       0.22310289184657597       0.23510262332904275     
  0.12052815268868751       -4.6329891947984828E-002   2.7426113935070474E-002  0.10114807591279529       0.14717950561963475       0.18111008819967719       0.19977525076516234       0.21119883208914456     
   6.8581508034966043E-002  -3.5948943502084794E-002   3.0453981537592906E-002   8.8979044155453157E-002  0.12866409755894143       0.15755123409760971       0.17480827442124047       0.18528149138705144     
   3.9023440909266960E-002  -3.0604132194436626E-002   1.6191455676359868E-002   7.4252825171209902E-002  0.11082208258489758       0.13405843734421805       0.14954098296096222       0.16098663230766438     
   2.2204658136456310E-002  -2.7211167363098098E-002   4.3064981863887401E-003   6.0362974664220616E-002   9.2574779632485504E-002  0.11089113511553644       0.12490581782685090       0.13561250039781123     
   1.2634632709690421E-002  -3.1642841914832305E-002  -3.8217304640914469E-003   4.3885763739808313E-002   7.3104927820554361E-002   8.7957139605509424E-002  0.10073570012215559       0.11425539162348665     
   7.1892097022059846E-003  -4.2130547587169345E-002  -1.2294650545047166E-002   2.8988487751238384E-002   5.3843739271586630E-002   6.5737761587764912E-002   7.7271127579939092E-002   9.1675663065694329E-002
   4.0907193212393082E-003  -6.5476959603854440E-002  -2.0935962317941304E-002   1.1341332946863767E-002   3.4526223105066534E-002   4.7463410631199278E-002   5.8221299270887705E-002   7.2373301059250814E-002
   2.3276528656586259E-003  -9.1396562868695089E-002  -3.2401920352822557E-002  -8.3866386200086112E-004   1.4905107972815810E-002   3.2604194877062419E-002   4.3698945213787754E-002   6.2232669747160393E-002
   1.3244535832312755E-003  -8.3558551802455361E-002  -3.9546836417645607E-002  -1.1933745190117018E-002   3.5201738827898187E-004   1.9435034526069147E-002   3.4198179625644289E-002  0.11467671852285126     
   7.5362495843546450E-004 -0.10833628139613420       -5.1455492652847358E-002  -2.5647223712830382E-002  -8.1276625612892468E-003   1.0156531031205078E-002   2.8887149830077199E-002  0.74781092794109694     
   4.2881878622822085E-004 -0.15226212791782501       -7.7660649522902414E-002  -3.7425286120988562E-002  -1.4504444921298060E-002   3.9387451436287378E-003   3.0958233611701861E-002   1.4075054072959456     
   2.4400140861044904E-004 -0.20492338191529166       -9.0571578960841781E-002  -4.3694595818334632E-002  -1.9215037733179497E-002   2.1182691511117146E-003   7.8294789741333914E-002   1.5406076198916778     
   1.3883880397953848E-004 -0.16972041384485392       -8.9258235858133098E-002  -4.5528642931974075E-002  -2.1192257560932883E-002   3.6800925451293000E-003  0.28639061759498091        1.4888183831645059     
   7.9000418892020960E-005 -0.19089543839353013       -9.5778770931818358E-002  -4.5896631612553675E-002  -2.1424111167892300E-002   8.8736633469739205E-003  0.77124725114572545        2.0322074127075838     
   4.4951886693251589E-005 -0.24704084953417008       -8.6453006443978575E-002  -4.2418843732329216E-002  -1.7942770184375449E-002   5.8164601614472067E-002   1.3948992846883355        3.4529768621264600     
   2.5577992441341655E-005 -0.19599918445505818       -8.4214994558368964E-002  -3.6514846771038653E-002  -1.3223033087766544E-002  0.23538984420931028        1.6922989079001365        3.2112951932396800     
   1.4554087613580531E-005 -0.28354499213043161       -7.8792634054130797E-002  -3.1598373390283395E-002  -6.7877018310411614E-003  0.46775359736347144        1.7314986722553278        3.2090192502643538     
   8.2813952951761638E-006 -0.55025009079510878       -9.7883092380919023E-002  -2.7402656407144930E-002   2.6434991911638865E-003  0.58246164486601981        2.0039802869119683        3.4411786712660235     
   4.7121818870302946E-006  -1.1783248442553076      -0.15009478712280308       -2.3675365462861576E-002   4.1263229871707871E-002  0.72749564603399475        1.9555569705171854        3.6567358509851746     
   2.6812701658367056E-006  -1.6728786436648895      -0.29543916149872412       -1.9516116605388104E-002  0.11402925448381815       0.82190201264278728        2.0306284054876884        3.7865255591349078     
   1.5256647291127320E-006  -1.6833364997536904      -0.48813526741062596       -1.7852243225493971E-002  0.17641978378869022       0.88672684479993746        2.2991431789323240        3.6068889595151461     
   8.6811575174942369E-007  -1.4768896905825331      -0.61041974277945132       -1.9100679060694414E-002  0.22731732059153226       0.91542011990969363        2.2732752211215530        3.3301207851151067     
   4.9396498723133221E-007  -1.9302844279828704      -0.78898956949967125       -3.0334959060128792E-002  0.22106900332193338       0.93931527182139318        2.1944298500247714        3.4966979024239624     
   2.8107013162558128E-007  -1.9627776909102581      -0.90579682064047307      -0.13343018961833544       0.23288927968807505       0.86847361458797734        2.2078163932964570        3.2777724916059006     
   1.5993121159217720E-007  -2.1230421084636695       -1.0080380741542583      -0.21897495526487923       0.18864746856581338       0.85123224027727895        2.0984108166912452        3.4605651787979537     
   9.1002171925598570E-008  -2.4008863228657136      -0.99649216075876901      -0.28903557907725386       0.13422241602508381       0.79122729108061596        2.1343473289726944        3.3977206382541612     
   5.1780982665807991E-008  -2.7277427791573707       -1.2764497912922754      -0.35981761595939438        6.6012969515244033E-002  0.67957001127457617        1.8169835025913459        2.9963310338024458     
   2.9463804095014973E-008  -3.2779692010861772       -1.5659078919057288      -0.47017146580423869        2.4981656337109425E-002  0.58312451133307563        1.7074803444816005        3.3172972403819361     
   1.6765146334750000E-008  -2.9215708457358458       -1.6841673938693433      -0.52972851409411226       -1.3772186943882320E-002  0.52006292446355051        1.6671316440517556        2.9542065391881289     
   9.5395058533237773E-009  -3.4384095307829443       -1.5309819266041040      -0.57927990222099124       -5.3652227333058196E-002  0.43317449830623961        1.5051229910873332        2.7928190159904918     
   5.4280571197266329E-009  -2.8975769506924078       -1.5026989756226143      -0.69766551973522073       -7.8949162881379931E-002  0.45264698996512248        1.2200691608588685        2.6751626757202716     
   3.0886090483134559E-009  -2.7355097579764474       -1.8727765926699611      -0.92533687462762559       -8.9052185376089860E-002  0.66251717276307898        1.4614027234996718        2.2899564560914394     
   1.7574438962064896E-009  -4.2059001015024737       -2.9712842135874098       -1.4208233841980522       -4.8338496541361048E-002   1.2286093667425719        2.7161713997299164        3.9206195340365406     
   9.9999999999999717E-010  -7.2381614964257599       -4.9194894505226809       -1.7017368302568348       -3.5704625409339975E-002   1.6138066253132302        4.3926268130301906        7.3069804855766458     
