   6.0301510000000009        1.4697936750131240E-008   1.5522647257765880E-008   1.6592155817975360E-008   1.7846349720755487E-008   1.9459140291014925E-008   2.1350569384818455E-008   2.5063785111491340E-008
   6.0907549999999997        1.6240649558191460E-008   1.6928836289517462E-008   1.7765488577376631E-008   1.8546105025081314E-008   1.9504654216162398E-008   2.0611707185967896E-008   2.2863386821360029E-008
   6.1519690000000002        1.8533438557015740E-008   1.8962663726611961E-008   1.9508198124583706E-008   2.0064760563217824E-008   2.0643545390132093E-008   2.1215355133476652E-008   2.1546882085836297E-008
   6.2137979999999997        1.8776034620192557E-008   1.9929795212285936E-008   2.0776521044842411E-008   2.1554310383523745E-008   2.2381459029696477E-008   2.3344592052724592E-008   2.4514848872221364E-008
   6.2762479999999998        1.9429984354150389E-008   2.0691434032823909E-008   2.2124927999557126E-008   2.3276535845707378E-008   2.4716982665312762E-008   2.6270888236052996E-008   2.9431441144447260E-008
   6.3393259999999998        1.9770505269715751E-008   2.1624227321218606E-008   2.3211806560140672E-008   2.4679722604206429E-008   2.6725597480671049E-008   2.8822386020355934E-008   3.3096266141094195E-008
   6.4030379999999996        2.0618163441324622E-008   2.2101221592393279E-008   2.3710838721704723E-008   2.5422227318880803E-008   2.7606098691143654E-008   3.0275071229093948E-008   3.5069231298900628E-008
   6.4673900000000000        2.1102531095407475E-008   2.2805000356075153E-008   2.4324488688325191E-008   2.6133510698498994E-008   2.8586485027258286E-008   3.1597784283406511E-008   3.8580051956271628E-008
   6.5323890000000011        2.2267226241648057E-008   2.3878884632724186E-008   2.5441145613058438E-008   2.7200200564933633E-008   2.9600960091592461E-008   3.2502322562909813E-008   3.7595541678091482E-008
   6.5980410000000012        2.3094333118676187E-008   2.5646998769762649E-008   2.7359406974625538E-008   2.9296484584165522E-008   3.1816008063441776E-008   3.4829333968577765E-008   4.0031348319269126E-008
   6.6643530000000002        2.3472356386967450E-008   2.7229437361190428E-008   2.9121597300594028E-008   3.1259623663336421E-008   3.4022769081104757E-008   3.7270640698772847E-008   4.3284882509897855E-008
   6.7313310000000008        2.6020279136917291E-008   2.9535395549961499E-008   3.1817565450099661E-008   3.4257970927412111E-008   3.7539793371076182E-008   4.1205319142032480E-008   4.7940925514029532E-008
   6.7989830000000007        2.8980925494222495E-008   3.3425133395195341E-008   3.5954090333513586E-008   3.8933455344117231E-008   4.2675948693286463E-008   4.6965522590447224E-008   5.4071953921322261E-008
   6.8673140000000004        3.3142307434336772E-008   3.7155534256948777E-008   4.0274991998524302E-008   4.3275409692796668E-008   4.7348301899916875E-008   5.1582128646430246E-008   5.8359064152549734E-008
   6.9363330000000003        3.6750765610535939E-008   4.2253979016349204E-008   4.5410208959509256E-008   4.8888626372721776E-008   5.3329513838723675E-008   5.7681445979031635E-008   6.5178760745415351E-008
   7.0060440000000010        4.0150060052428002E-008   4.6003887760819068E-008   5.0286841743448042E-008   5.3979144839938712E-008   5.8810333538733447E-008   6.3341745807416992E-008   6.9901431134073920E-008
   7.0764570000000004        4.4896989763427276E-008   4.8564846375508395E-008   5.2084671527459318E-008   5.5630596366529428E-008   6.0376055251325910E-008   6.4937569691059791E-008   7.1946656302374813E-008
   7.1475770000000001        5.0257514259193825E-008   5.9599621544171247E-008   6.4847337265322724E-008   6.8763355285028184E-008   7.3510848595669720E-008   7.8271319078347827E-008   8.5616416628560178E-008
   7.2194120000000011        5.9882771411968183E-008   7.2064143819650521E-008   7.8986571689680825E-008   8.3754167583399323E-008   8.8512816408352520E-008   9.3848814471372825E-008   1.1374889946219958E-007
   7.2919690000000008        6.5770514936511414E-008   8.2874083710402921E-008   9.9879697364402022E-008   1.0640797331150579E-007   1.1287847437234267E-007   1.2269550854454596E-007   1.5972642193728211E-007
   7.3652550000000012        8.0526200313114623E-008   9.7989894454265032E-008   1.0980633251324362E-007   1.1757670664990787E-007   1.2532811782188520E-007   1.3727954780170821E-007   1.7780192550763001E-007
   7.4392779999999998        9.4087398797224725E-008   1.1266751337548488E-007   1.2826039217145766E-007   1.4110087477435528E-007   1.5251759743138661E-007   1.7327943871516151E-007   2.0017457249897640E-007
   7.5140440000000002        1.0042379183960019E-007   1.2276654826861120E-007   1.3629518943911060E-007   1.4944733471716021E-007   1.6119553635121419E-007   1.7952549254320533E-007   2.0478195033911818E-007
   7.5895620000000008        9.1749662269566054E-008   1.2319858880395593E-007   1.4496149971145869E-007   1.5933513878142724E-007   1.7187404658885932E-007   1.9151066484931851E-007   2.1754834699026277E-007
   7.6658390000000001        1.0959186107922384E-007   1.2416598816194834E-007   1.3812928021412571E-007   1.5179268755912848E-007   1.6268766703997918E-007   1.7566725936656605E-007   2.5113319696216706E-007
   7.7428830000000000        1.1559729267478100E-007   1.3000308841863423E-007   1.4167898082629100E-007   1.5280474684283678E-007   1.6242803106737359E-007   1.7296644726520252E-007   2.2272218369514287E-007
   7.8207009999999997        1.2847823321055777E-007   1.4038171410389906E-007   1.5146794980924765E-007   1.6171178505391749E-007   1.7123841705046913E-007   1.8144111998643149E-007   1.9612267617927635E-007
   7.8993010000000004        1.2007141469904365E-007   1.3916231968520808E-007   1.5274383670315008E-007   1.6431968810805458E-007   1.7418494413611793E-007   1.8418500970605383E-007   1.9686729141439280E-007
   7.9786910000000013        1.3208688314086138E-007   1.3915941756232232E-007   1.4650872904610501E-007   1.5401597705203166E-007   1.6141651298973616E-007   1.6884410921507363E-007   1.7486013717005217E-007
   8.0588790000000010        1.2101378043071961E-007   1.2650002860719120E-007   1.3118016372372181E-007   1.3663838658066650E-007   1.4231284171681843E-007   1.4750060497410810E-007   1.5288106102336150E-007
   8.1398720000000022        1.1410159882071023E-007   1.2409203765331686E-007   1.2910968496185008E-007   1.3441681339666290E-007   1.4005606194234120E-007   1.4524077101033720E-007   1.5048786359136341E-007
   8.2216799999999992        1.0914066522765204E-007   1.1330531906354347E-007   1.1815349443197957E-007   1.2362657985298995E-007   1.2956599600724282E-007   1.3537578522721902E-007   1.4262790708740240E-007
   8.3043099999999992        9.6518119435894708E-008   1.1803238090934535E-007   1.2347444531632494E-007   1.2949783709771187E-007   1.3612972588592772E-007   1.4262387973062648E-007   1.4936540541559635E-007
   8.3877710000000008        9.5062406097974963E-008   9.8965457212046244E-008   1.0410873849715492E-007   1.1008830354445250E-007   1.1705120608734032E-007   1.2383466132633936E-007   1.3313306935543373E-007
   8.4720700000000004        9.6481845437009811E-008   1.0317186559767326E-007   1.0834940244084825E-007   1.1463193297140920E-007   1.2156340996426846E-007   1.2865035036208123E-007   1.3811719291462999E-007
   8.5572160000000004        9.4583750595484625E-008   1.0126931883271943E-007   1.0760485085581189E-007   1.1491058707319896E-007   1.2321404602253909E-007   1.3139036073559289E-007   1.4395125656103113E-007
   8.6432179999999992        8.4624653161668193E-008   8.8917555055269392E-008   9.4028724351800053E-008   1.0006814610840867E-007   1.0713998319345670E-007   1.1481264327773486E-007   1.2660674014801663E-007
   8.7300850000000008        8.8889164477044200E-008   9.3546811131245558E-008   9.9004660570842876E-008   1.0561502296066129E-007   1.1339481697005154E-007   1.2158378208608903E-007   1.3426047238530285E-007
   8.8178239999999999        8.4621608643692903E-008   8.9876729805391141E-008   9.5248607441820060E-008   1.0196351692667226E-007   1.0984869274394893E-007   1.1826351583546882E-007   1.2939901370299629E-007
   8.9064460000000008        8.6847298118338224E-008   9.1319762015676935E-008   9.6918215001500896E-008   1.0332079429906259E-007   1.1070084691580979E-007   1.1822410914202642E-007   1.2947461391862821E-007
   8.9959579999999999        8.7287308399360773E-008   9.3059871928128606E-008   9.8845485813439444E-008   1.0524023232358393E-007   1.1258373100294302E-007   1.2020889633752490E-007   1.2939961002163695E-007
   9.0863689999999995        8.9678617662451053E-008   9.5188126216307729E-008   1.0144811860187772E-007   1.0755149608405586E-007   1.1438148716721353E-007   1.2076708441399955E-007   1.2859101022065491E-007
   9.1776900000000001        8.6561768066380698E-008   9.2480486878019869E-008   1.0109157977951088E-007   1.0800886555891323E-007   1.1557829146761590E-007   1.2173285503885075E-007   1.2730501228508610E-007
   9.2699280000000002        9.5096082682461764E-008   1.0109207753432666E-007   1.0787720252231379E-007   1.1430911025796318E-007   1.2109661676071698E-007   1.2732391169642229E-007   1.3469291307176990E-007
   9.3630929999999992        9.3202436489369814E-008   9.9639935515939984E-008   1.0795900851917768E-007   1.1516626422133539E-007   1.2280826381936176E-007   1.2941798482267723E-007   1.3612140308446624E-007
   9.4571939999999994        1.0641505356282192E-007   1.1142333079076406E-007   1.1809790394568600E-007   1.2428672805055408E-007   1.3105377349925583E-007   1.3792202416533651E-007   1.4574930088520660E-007
   9.5522419999999997        9.9415293575181744E-008   1.0659505403905359E-007   1.1488679278560629E-007   1.2243321089836750E-007   1.3071024907649103E-007   1.3766404783652716E-007   1.4504161883708431E-007
   9.6482440000000000        1.1030331902389552E-007   1.1636754195464831E-007   1.2403434173184187E-007   1.3023272799386763E-007   1.3649439893216968E-007   1.4225416082128534E-007   1.4771571578151217E-007
   9.7452110000000012        1.1425198226449766E-007   1.2075391771192284E-007   1.2811114588523993E-007   1.3576999989246875E-007   1.4437166580121680E-007   1.5315382883068808E-007   1.6310466585639478E-007
   9.8431530000000009        1.2237369252430344E-007   1.3272467383552457E-007   1.3978392466625557E-007   1.4660543619502738E-007   1.5375455912527896E-007   1.6058487464265176E-007   1.6919472989341300E-007
   9.9420790000000014        1.2484242679977940E-007   1.3214052737736943E-007   1.3976540180483383E-007   1.4870505938625627E-007   1.5833109046037283E-007   1.6803475501324433E-007   1.8051321130467145E-007
   10.042000000000000        1.3091628193756694E-007   1.3870083353672960E-007   1.4587949558311606E-007   1.5291884734964381E-007   1.6058463304166094E-007   1.6787841736597254E-007   1.7717380383428436E-007
   10.142920000000000        1.3177622839116734E-007   1.7283254701648580E-007   1.9682328946911239E-007   2.0578106444593876E-007   2.1347916274805906E-007   2.2069941448250486E-007   2.2943915229745612E-007
   10.244860000000001        1.3719393072399097E-007   1.6562280560115594E-007   1.8266415192047064E-007   1.9080494381615216E-007   1.9825246555351153E-007   2.0546206072225369E-007   2.1310425786659028E-007
   10.347830000000000        1.0041425632816672E-007   1.2546678212340253E-007   1.4448366264578319E-007   1.5702872641392810E-007   1.6784224965915204E-007   1.8043944469771204E-007   1.8929657997872149E-007
   10.451820000000000        1.3672038953325108E-007   1.5102230896034133E-007   1.5560178877657788E-007   1.6033598415802637E-007   1.6502422351197797E-007   1.6891871375720539E-007   1.7231761875930287E-007
   10.556870000000000        1.4975768682679774E-007   1.5506222371677154E-007   1.6002926737585549E-007   1.6436507520425110E-007   1.6810554421126703E-007   1.7208416773392895E-007   1.7472711952683955E-007
   10.662970000000000        1.4276055255368429E-007   1.5274797516120038E-007   1.5910044013798630E-007   1.6461964222309283E-007   1.6938437516441689E-007   1.7375609995054808E-007   1.7850660006647330E-007
   10.770130000000002        1.0083920357910159E-007   1.3656437633825611E-007   1.5851984601838698E-007   1.7334089927672815E-007   1.8678008675931080E-007   2.0144462753871164E-007   2.1198414513759407E-007
   10.878380000000000        1.5496564083209463E-007   1.6148338579728264E-007   1.6794468723931845E-007   1.7326809469275583E-007   1.7829215691817141E-007   1.8250884191841240E-007   1.8843524722660980E-007
   10.987710000000002        1.6065354125290223E-007   1.6663953816702604E-007   1.7273292357852282E-007   1.7760954546709243E-007   1.8240295185631995E-007   1.8677060243771940E-007   1.9073879569192882E-007
   11.098140000000003        1.7445601174084821E-007   1.9274443339845071E-007   2.0130620473444219E-007   2.0895098854572156E-007   2.1745020371711585E-007   2.2521262824302793E-007   2.3872490947988496E-007
   11.209670000000001        1.6037613381357360E-007   1.6711403002293641E-007   1.7635881158816049E-007   1.8365188666549896E-007   1.9093409958871661E-007   1.9715362790493614E-007   2.0201328796230252E-007
   11.322330000000001        1.8475286357666196E-007   2.0324471888193804E-007   2.1225387711260720E-007   2.2050581446861893E-007   2.2950096892563562E-007   2.3813431688989902E-007   2.5092243671025382E-007
   11.436130000000002        1.8308762664449768E-007   1.8960471759841884E-007   1.9673040583016191E-007   2.0375105718922701E-007   2.1118898572159814E-007   2.1849512719200692E-007   2.2709534502677579E-007
   11.551060000000000        1.8245629212756383E-007   1.8940460339631632E-007   1.9652337815157677E-007   2.0272828523406884E-007   2.0893175220551741E-007   2.1531683400143382E-007   2.2122138999083018E-007
   11.667149999999999        1.9562883898255158E-007   2.0206887858706839E-007   2.0787632237465078E-007   2.1403545169120826E-007   2.2002173798676923E-007   2.2615509107918799E-007   2.3262342734726881E-007
   11.784409999999999        1.7490152116020553E-007   1.8253841127945973E-007   1.9240613178496156E-007   1.9975658096175715E-007   2.0629119806416283E-007   2.1219050074350181E-007   2.2397572832111600E-007
   11.902850000000001        2.1010519574569539E-007   2.1882816589951156E-007   2.2612787905180399E-007   2.3390827767015540E-007   2.4255483505135622E-007   2.5114554065990044E-007   2.6356291432201138E-007
   12.022470000000000        1.7828628056804724E-007   1.8580843736836141E-007   1.9614938693350341E-007   2.0452022445179104E-007   2.1225273025962911E-007   2.1918531119077255E-007   2.3246563993889364E-007
   12.143300000000000        2.0800508981866697E-007   2.1399717960693198E-007   2.2040176729709765E-007   2.2741163084901199E-007   2.3550266130672940E-007   2.4355972332034775E-007   2.5357824375827465E-007
   12.265350000000000        1.8716152979719277E-007   1.9558120114216445E-007   2.0498165946157455E-007   2.1320268480450803E-007   2.2027218415685886E-007   2.2715483997076389E-007   2.4397225813664597E-007
   12.388620000000001        1.9613628014761194E-007   2.0305416233567470E-007   2.1261585794879378E-007   2.1952240453406315E-007   2.2558401394111262E-007   2.3214530833987340E-007   2.4787529623706139E-007
   12.513130000000000        2.0729937377772565E-007   2.1567199820860250E-007   2.2280654917948694E-007   2.2892108468823169E-007   2.3524132027492985E-007   2.4139153200538545E-007   2.4971178820138447E-007
   12.638890000000000        2.0862317191490799E-007   2.1776730692595015E-007   2.2427835283080146E-007   2.3100437526894874E-007   2.3759688162064457E-007   2.4510393347887338E-007   2.5539931636113533E-007
   12.765910000000002        2.1513473966784557E-007   2.2379546878198540E-007   2.3054700929263489E-007   2.3709566124986975E-007   2.4357498518880955E-007   2.5074881264286579E-007   2.5904586926563602E-007
   12.894209999999999        2.1758542178364337E-007   2.2452064124389361E-007   2.3083038016586418E-007   2.3681394398029574E-007   2.4269697623874059E-007   2.4954927400501456E-007   2.6266917121656517E-007
   13.023800000000001        2.1693144244193940E-007   2.2541787531271415E-007   2.3301614815520021E-007   2.3954498385340227E-007   2.4602438201066175E-007   2.5327187694560134E-007   2.6626909408098854E-007
   13.154690000000000        2.2750613612692581E-007   2.3543244957015993E-007   2.4174710840583381E-007   2.4827433256069185E-007   2.5473788386011756E-007   2.6231884541566615E-007   2.7179278113858513E-007
   13.286899999999999        2.4171897566982985E-007   2.4682426372588986E-007   2.5179810821260038E-007   2.5737914807448800E-007   2.6327965593099623E-007   2.6970962226451754E-007   2.7665227024723453E-007
   13.420439999999999        2.2579899530816983E-007   2.3245975530121666E-007   2.4009431903360839E-007   2.4699308549304341E-007   2.5361588506273467E-007   2.6120875192249889E-007   2.8037022586657303E-007
   13.555320000000000        2.5248511387447010E-007   2.5652229907213279E-007   2.6146804457157468E-007   2.6670805306608743E-007   2.7238462054571271E-007   2.7842790496915335E-007   2.8524643785898536E-007
   13.691549999999999        2.6439922413076934E-007   2.6775298723055293E-007   2.7234340632024593E-007   2.7662017274857663E-007   2.8124800371261979E-007   2.8616444226678455E-007   2.9280455126963581E-007
   13.829150000000002        2.7121574506768872E-007   2.7534916169135090E-007   2.7958394889787196E-007   2.8404951032069734E-007   2.8889803569329294E-007   2.9367196005475001E-007   2.9822129043169887E-007
   13.968140000000002        2.9154134612626428E-007   2.9993185237215574E-007   3.0476521826519152E-007   3.0897178320850717E-007   3.1381510612980528E-007   3.1804877237546997E-007   3.2560111272509262E-007
   14.108520000000002        2.6642021343221927E-007   2.6981282256378267E-007   2.7452300573724307E-007   2.7929496483090413E-007   2.8412760070459024E-007   2.9005283781009882E-007   3.0615099578047064E-007
   14.250320000000002        2.9209626007853977E-007   2.9578783927243965E-007   2.9980951014089314E-007   3.0438231092332308E-007   3.0882065029653883E-007   3.1305727613603142E-007   3.1801413813778473E-007
   14.393540000000002        2.9959691388898192E-007   3.0323638143126292E-007   3.0773830137879626E-007   3.1234169469716900E-007   3.1702760296227915E-007   3.2082580012659554E-007   3.2626569236115887E-007
   14.538200000000000        2.9641197875152783E-007   3.0102195196652639E-007   3.0642594082708306E-007   3.1170093019686513E-007   3.1675128251817518E-007   3.2119967316188835E-007   3.2646692656359752E-007
   14.684310000000000        3.0103320430735625E-007   3.0805847647530714E-007   3.1448175692116830E-007   3.2131974464141389E-007   3.2727322612149274E-007   3.3221394897797255E-007   3.3841629152560404E-007
   14.831890000000000        3.0593526184776321E-007   3.2091469363969051E-007   3.2970677809535248E-007   3.3830762302065370E-007   3.4558850676460891E-007   3.5191913932279265E-007   3.5810870002375024E-007
   14.980950000000000        2.9411991685559211E-007   3.0816727881643606E-007   3.2553899427965295E-007   3.4371769187103219E-007   3.5405030686347123E-007   3.6179526247120209E-007   3.7248437116651676E-007
   15.131520000000000        3.1897470533428094E-007   3.2918525679381460E-007   3.3900415182845304E-007   3.4817945184799651E-007   3.5684678604452477E-007   3.6397285687589790E-007   3.7057788809057560E-007
   15.283590000000002        3.1810148601043726E-007   3.2758011741816071E-007   3.3607013429032348E-007   3.4469661412226397E-007   3.5234348316806084E-007   3.5890494167819614E-007   3.6524888237801110E-007
   15.437190000000001        3.0534520928520897E-007   3.0899539858449705E-007   3.1489243927416110E-007   3.2098941537625660E-007   3.2677834321888220E-007   3.3248226772052645E-007   3.5269523331421968E-007
   15.592340000000000        3.0264732952897104E-007   3.0779253825302184E-007   3.1304313922250190E-007   3.1871802023338410E-007   3.2390685608558391E-007   3.2988068231394321E-007   3.5299730685936894E-007
   15.749050000000002        2.8819349181919214E-007   2.9364996510830726E-007   2.9883327275433302E-007   3.0434615030493351E-007   3.0999791435389307E-007   3.1605827424049221E-007   3.5543513662113974E-007
   15.907330000000000        2.6189769879088006E-007   2.6741385429034917E-007   2.7505648330975977E-007   2.8290366353236796E-007   2.9061029292869204E-007   2.9984385798382165E-007   3.5868618072389871E-007
   15.993430000000000        2.7831431206651022E-007   2.8219778713904146E-007   2.8852944298959520E-007   2.9463291353053762E-007   3.0139388886668437E-007   3.0804261825895715E-007   3.5979120983592481E-007
