#  lambda [mu]          flux [Jy]
      6.030151     1.5507051E-008     0.0000000E+000
      6.090755     1.7023280E-008     0.0000000E+000
      6.151969     1.9856067E-008     0.0000000E+000
      6.213798     2.0234402E-008     0.0000000E+000
      6.276248     2.0773093E-008     0.0000000E+000
      6.339326     2.1168951E-008     0.0000000E+000
      6.403038     2.1708749E-008     0.0000000E+000
      6.467390     2.2224644E-008     0.0000000E+000
      6.532389     2.3620636E-008     0.0000000E+000
      6.598041     2.5464170E-008     0.0000000E+000
      6.664353     2.6994651E-008     0.0000000E+000
      6.731331     2.9095021E-008     0.0000000E+000
      6.798983     3.2878528E-008     0.0000000E+000
      6.867314     3.7026350E-008     0.0000000E+000
      6.936333     4.1913433E-008     0.0000000E+000
      7.006044     4.6767432E-008     0.0000000E+000
      7.076457     4.8497972E-008     0.0000000E+000
      7.147577     6.3313610E-008     0.0000000E+000
      7.219412     8.1380885E-008     0.0000000E+000
      7.291969     1.1618784E-007     0.0000000E+000
      7.365255     1.3070062E-007     0.0000000E+000
      7.439278     1.7207604E-007     0.0000000E+000
      7.514044     1.7798712E-007     0.0000000E+000
      7.589562     1.8875419E-007     0.0000000E+000
      7.665839     1.7043447E-007     0.0000000E+000
      7.742883     1.6639911E-007     0.0000000E+000
      7.820701     1.7565033E-007     0.0000000E+000
      7.899301     1.7959434E-007     0.0000000E+000
      7.978691     1.6038901E-007     0.0000000E+000
      8.058879     1.3391261E-007     0.0000000E+000
      8.139872     1.2946891E-007     0.0000000E+000
      8.221680     1.1551625E-007     0.0000000E+000
      8.304310     1.1898283E-007     0.0000000E+000
      8.387771     9.7684183E-008     0.0000000E+000
      8.472070     1.0180396E-007     0.0000000E+000
      8.557216     9.8363064E-008     0.0000000E+000
      8.643218     8.7849484E-008     0.0000000E+000
      8.730085     9.2151645E-008     0.0000000E+000
      8.817824     9.0198598E-008     0.0000000E+000
      8.906446     9.2352350E-008     0.0000000E+000
      8.995958     9.5622911E-008     0.0000000E+000
      9.086369     9.8914251E-008     0.0000000E+000
      9.177690     1.0132927E-007     0.0000000E+000
      9.269928     1.0652172E-007     0.0000000E+000
      9.363093     1.0944083E-007     0.0000000E+000
      9.457194     1.1538140E-007     0.0000000E+000
      9.552242     1.1616797E-007     0.0000000E+000
      9.648244     1.2372393E-007     0.0000000E+000
      9.745211     1.2466338E-007     0.0000000E+000
      9.843153     1.3411141E-007     0.0000000E+000
      9.942079     1.3303399E-007     0.0000000E+000
     10.042000     1.4047446E-007     0.0000000E+000
     10.142920     1.7131649E-007     0.0000000E+000
     10.244860     1.6411148E-007     0.0000000E+000
     10.347830     1.7603232E-007     0.0000000E+000
     10.451820     1.6625865E-007     0.0000000E+000
     10.556870     1.6120655E-007     0.0000000E+000
     10.662970     1.7048478E-007     0.0000000E+000
     10.770130     1.9409761E-007     0.0000000E+000
     10.878380     1.6939107E-007     0.0000000E+000
     10.987710     1.7420419E-007     0.0000000E+000
     11.098140     1.8914532E-007     0.0000000E+000
     11.209670     1.7865421E-007     0.0000000E+000
     11.322330     1.9961122E-007     0.0000000E+000
     11.436130     1.9149594E-007     0.0000000E+000
     11.551060     1.9382276E-007     0.0000000E+000
     11.667150     2.0227692E-007     0.0000000E+000
     11.784410     1.9857468E-007     0.0000000E+000
     11.902850     2.1691563E-007     0.0000000E+000
     12.022470     2.0574114E-007     0.0000000E+000
     12.143300     2.1438168E-007     0.0000000E+000
     12.265350     2.1624400E-007     0.0000000E+000
     12.388620     2.2023978E-007     0.0000000E+000
     12.513130     2.2499653E-007     0.0000000E+000
     12.638890     2.2405518E-007     0.0000000E+000
     12.765910     2.3089226E-007     0.0000000E+000
     12.894210     2.3191363E-007     0.0000000E+000
     13.023800     2.3619700E-007     0.0000000E+000
     13.154690     2.4211772E-007     0.0000000E+000
     13.286900     2.4873733E-007     0.0000000E+000
     13.420440     2.4632054E-007     0.0000000E+000
     13.555320     2.5966641E-007     0.0000000E+000
     13.691550     2.7388015E-007     0.0000000E+000
     13.829150     2.8091866E-007     0.0000000E+000
     13.968140     3.0772630E-007     0.0000000E+000
     14.108520     2.7772985E-007     0.0000000E+000
     14.250320     3.0200411E-007     0.0000000E+000
     14.393540     3.1323213E-007     0.0000000E+000
     14.538200     3.1330878E-007     0.0000000E+000
     14.684310     3.2512326E-007     0.0000000E+000
     14.831890     3.4720078E-007     0.0000000E+000
     14.980950     3.5786621E-007     0.0000000E+000
     15.131520     3.5920935E-007     0.0000000E+000
     15.283590     3.5352710E-007     0.0000000E+000
     15.437190     3.2393990E-007     0.0000000E+000
     15.592340     3.2015302E-007     0.0000000E+000
     15.749050     3.0618317E-007     0.0000000E+000
     15.907330     2.9121806E-007     0.0000000E+000
     15.993430     2.9759490E-007     0.0000000E+000
