   6.0301510000000009        4.0211661754454737E-009   3.3505108148724675E-010   4.0695560792432047E-009
   6.0907549999999997        4.3272728881144723E-009   2.0823048223599015E-010   4.2852561819410944E-009
   6.1519690000000002        4.8195372562040101E-009   1.3091627461346408E-010   4.7086229886103756E-009
   6.2137979999999997        5.2502881533383768E-009   2.0164934752105933E-010   5.1530779036599507E-009
   6.2762479999999998        5.7911661221961059E-009   3.3534821673014699E-010   5.6907068619488948E-009
   6.3393259999999998        6.2540634876008030E-009   4.5736140256143243E-010   6.1723953976073438E-009
   6.4030379999999996        6.5142490986510922E-009   5.1578696662202535E-010   6.4800203402707709E-009
   6.4673900000000000        6.7967619873482757E-009   6.2359449350910371E-010   6.8106353563405554E-009
   6.5323890000000011        7.1548586820186228E-009   5.7837673192696380E-010   7.2064633376185197E-009
   6.5980410000000012        7.8106986900600795E-009   6.2399203796573945E-010   7.8960490372224550E-009
   6.6643530000000002        8.4936502420249912E-009   6.9429886437110759E-010   8.5899396571914562E-009
   6.7313310000000008        9.5281837794103265E-009   8.1912545444113906E-010   9.6087730811657681E-009
   6.7989830000000007        1.1040271710565532E-008   9.7695497747488051E-010   1.1105333902472239E-008
   6.8673140000000004        1.2603503747027053E-008   1.0478679060893934E-009   1.2578702371669604E-008
   6.9363330000000003        1.4534094165877939E-008   1.1810956884157585E-009   1.4469240793136976E-008
   7.0060440000000010        1.6508607542355335E-008   1.3119347393579237E-009   1.6274947878124312E-008
   7.0764570000000004        1.7264133267217141E-008   1.2790141624189820E-009   1.7111067257812846E-008
   7.1475770000000001        2.1914474176000783E-008   1.4448509169309701E-009   2.1465393927417790E-008
   7.2194120000000011        2.7030080469788441E-008   1.7764419712418771E-009   2.6534085822394130E-008
   7.2919690000000008        3.5200135404947425E-008   2.8737395617462310E-009   3.4262335052658368E-008
   7.3652550000000012        3.9916144089764083E-008   3.1444521189954406E-009   3.8726624308921213E-008
   7.4392779999999998        4.9119319218300002E-008   4.8217677314561481E-009   4.7310228746450794E-008
   7.5140440000000002        5.2870063849680633E-008   4.7702085741049134E-009   5.1099267222320621E-008
   7.5895620000000008        5.7282719852981306E-008   5.6719638235825167E-009   5.5285680236741083E-008
   7.6658390000000001        5.6381703903293262E-008   4.8712690812598965E-009   5.3758613268123625E-008
   7.7428830000000000        5.7419034249266692E-008   4.2344601594378391E-009   5.5287137457669687E-008
   7.8207009999999997        6.1705388266297286E-008   3.8467940596958945E-009   5.9653655198956199E-008
   7.8993010000000004        6.3874955376395319E-008   4.2179958757962813E-009   6.1630612548322120E-008
   7.9786910000000013        6.0525494419231373E-008   2.8738977571756693E-009   5.9175873698612230E-008
   8.0588790000000010        5.4128273503064538E-008   2.0950479454637844E-009   5.3498943779023745E-008
   8.1398720000000022        5.4082787375624606E-008   2.1637520655490619E-009   5.3672928987313545E-008
   8.2216799999999992        5.0392587460365878E-008   2.2820081121535074E-009   5.0394248691591517E-008
   8.3043099999999992        5.4015122797097043E-008   2.6249385931394151E-009   5.3774779902596074E-008
   8.3877710000000008        4.6478399538975851E-008   2.7201684987928875E-009   4.6711474885015492E-008
   8.4720700000000004        4.9404718258822115E-008   2.8504266604446717E-009   4.9551944835214768E-008
   8.5572160000000004        5.0649435511952770E-008   3.4482113245221630E-009   5.0658442115405815E-008
   8.6432179999999992        4.4475069900712362E-008   3.0075871478848792E-009   4.5039668040326476E-008
   8.7300850000000008        4.7860343813843192E-008   3.3259202010609945E-009   4.8455123426350569E-008
   8.8178239999999999        4.6752230265261967E-008   3.3868273298446359E-009   4.7733036625354042E-008
   8.9064460000000008        4.8559027778391426E-008   3.2761353045931197E-009   4.9273523987955478E-008
   8.9959579999999999        5.0177589943101729E-008   3.3647006274437454E-009   5.1129671761532409E-008
   9.0863689999999995        5.2723984911970038E-008   3.2242446618275543E-009   5.3215889201913457E-008
   9.1776900000000001        5.3798263512529218E-008   3.6066939966515010E-009   5.4415421862123335E-008
   9.2699280000000002        5.8198719813187222E-008   3.4220340205923855E-009   5.8759100744006148E-008
   9.3630929999999992        5.9298228319262956E-008   3.8827907050624920E-009   6.0399769558593328E-008
   9.4571939999999994        6.6124762637112946E-008   3.5615958155656818E-009   6.6584330934424316E-008
   9.5522419999999997        6.5560803099320225E-008   4.2670148196116831E-009   6.6861379438323328E-008
   9.6482440000000000        7.2401535693924340E-008   3.4917931040230084E-009   7.2393502765533806E-008
   9.7452110000000012        7.6221441577698205E-008   4.6434293060499015E-009   7.7295950036702133E-008
   9.8431530000000009        8.5365895323988502E-008   4.1147420965960522E-009   8.4899880999952240E-008
   9.9420790000000014        8.7495722426329763E-008   5.5067107971368191E-009   8.8014530562829703E-008
   10.042000000000000        9.2621953040516387E-008   4.4474362785365087E-009   9.2238014232519735E-008
   10.142920000000000        1.2813430700556607E-007   6.9088521326851990E-009   1.2544819089922921E-007
   10.244860000000001        1.2095980955949355E-007   5.8705537860066916E-009   1.1916530415706867E-007
   10.347830000000000        1.0614210511830693E-007   8.2914436636352464E-009   9.9885828701029134E-008
   10.451820000000000        1.0569155270007570E-007   3.0567800800072438E-009   1.0453450813904621E-007
   10.556870000000000        1.0983366521986661E-007   2.7609120574134329E-009   1.0920793982844258E-007
   10.662970000000000        1.1114323719227519E-007   3.6104231942155605E-009   1.1152910214782904E-007
   10.770130000000002        1.2819399277853687E-007   1.0778770575394340E-008   1.1952365148380638E-007
   10.878380000000000        1.2320371973134790E-007   3.7045025129848634E-009   1.2227711956105230E-007
   10.987710000000002        1.2862685960148937E-007   3.5310434953103770E-009   1.2794532732769412E-007
   11.098140000000003        1.5455990993568359E-007   6.1718360268384536E-009   1.5376868582399974E-007
   11.209670000000001        1.3725286607937345E-007   5.4903249710560174E-009   1.3763344153321146E-007
   11.322330000000001        1.6926160118334280E-007   6.9051792559269200E-009   1.6890588234956395E-007
   11.436130000000002        1.5952902494929431E-007   5.6268327884905140E-009   1.5919947183009690E-007
   11.551060000000000        1.6164364173742787E-007   5.1315363924949882E-009   1.6141802401200916E-007
   11.667149999999999        1.7511518280281427E-007   4.9522561758736165E-009   1.7386752774039686E-007
   11.784409999999999        1.6500263401767605E-007   6.1398844101379027E-009   1.6524098749348909E-007
   11.902850000000001        1.9743666860338030E-007   7.0350959590882141E-009   1.9811147365862692E-007
   12.022470000000000        1.7556328861380778E-007   7.1601545671590873E-009   1.7611647934781595E-007
   12.143300000000000        1.9949087219855575E-007   6.6284053919884688E-009   2.0049253285085671E-007
   12.265350000000000        1.9159578649717613E-007   7.1870737615740232E-009   1.9099456361570817E-007
   12.388620000000001        2.0002003180884920E-007   6.4332285049388635E-009   2.0066794698550825E-007
   12.513130000000000        2.1279312495441660E-007   5.9382492498579210E-009   2.1385923025570424E-007
   12.638890000000000        2.1926030065333853E-007   6.4735267637697227E-009   2.2014971695864219E-007
   12.765910000000002        2.2913193205431210E-007   6.4799974246444277E-009   2.3049195720328836E-007
   12.894209999999999        2.3420947252811540E-007   6.1359050975425827E-009   2.3495738067195987E-007
   13.023800000000001        2.4012813791196770E-007   6.9509311859784309E-009   2.4239986335195800E-007
   13.154690000000000        2.5464194587955020E-007   6.8101873262339566E-009   2.5631352094253475E-007
   13.286899999999999        2.7137687356407447E-007   6.0344000096278428E-009   2.7127753273041501E-007
   13.420439999999999        2.6180284590221320E-007   7.7936378953741898E-009   2.6541946769809065E-007
   13.555320000000000        2.9215498944143400E-007   6.0603985311574922E-009   2.9252700508903515E-007
   13.691549999999999        3.0935124840055894E-007   5.0700556872982219E-009   3.0945864822907650E-007
   13.829150000000002        3.2377433586905861E-007   5.2356381119103488E-009   3.2418238695374995E-007
   13.968140000000002        3.6143878089325586E-007   5.3996694461517441E-009   3.5975756913660445E-007
   14.108520000000002        3.3149843351016726E-007   6.0828438609649065E-009   3.3172376442598129E-007
   14.250320000000002        3.6980644404712433E-007   5.3845454923201357E-009   3.6859259746801598E-007
   14.393540000000002        3.8774337926280963E-007   5.6168240976020333E-009   3.8590313032363314E-007
   14.538200000000000        3.9651379375937614E-007   6.4868635822264777E-009   3.9276805347755667E-007
   14.684310000000000        4.1729019545671198E-007   8.0320191216024519E-009   4.1271414276003000E-007
   14.831890000000000        4.4899573836231205E-007   1.0370043252475253E-008   4.4314276872855540E-007
   14.980950000000000        4.6113451123286186E-007   1.9078645586378256E-008   4.5606550334982405E-007
   15.131520000000000        4.8276983665838125E-007   1.2096391889106925E-008   4.7492838275347015E-007
   15.283590000000002        4.8545038701907483E-007   1.1170386246005308E-008   4.7962608173930569E-007
   15.437190000000001        4.5927234109629899E-007   8.6932277587277525E-009   4.5604628321335894E-007
   15.592340000000000        4.6428188620454627E-007   8.3766826459430630E-009   4.6199165898741294E-007
   15.749050000000002        4.5088202353908528E-007   9.5470609484671200E-009   4.5041133348777307E-007
   15.907330000000000        4.2460549967793232E-007   1.4326895576490709E-008   4.2737253136354142E-007
   15.993430000000000        4.4917855071824417E-007   1.1817686158216959E-008   4.5004270911229307E-007
