   6.0301510000000009        1.7795226729779570E-008   1.4827315512428178E-009   1.8009370903867936E-008
   6.0907549999999997        1.8797991489995895E-008   9.0456852022925573E-010   1.8615467830058905E-008
   6.1519690000000002        2.0551694188092407E-008   5.5825924711688758E-010   2.0078728426546119E-008
   6.2137979999999997        2.1977088902941678E-008   8.4408045963584834E-010   2.1570178227362583E-008
   6.2762479999999998        2.3795642221762862E-008   1.3779308029918302E-009   2.3382859620769407E-008
   6.3393259999999998        2.5225374713713170E-008   1.8447386698383892E-009   2.4895971570249272E-008
   6.4030379999999996        2.5791893770031418E-008   2.0421574996014019E-009   2.5656371703457737E-008
   6.4673900000000000        2.6415820701370444E-008   2.4236188293133337E-009   2.6469739968884335E-008
   6.5323890000000011        2.7292193227249671E-008   2.2062168139765934E-009   2.7489039076294443E-008
   6.5980410000000012        2.9233623199314523E-008   2.3354566398108561E-009   2.9553069639112602E-008
   6.6643530000000002        3.1191920493277028E-008   2.5497300170053813E-009   3.1545531920241141E-008
   6.7313310000000008        3.4333061330613645E-008   2.9515682228512609E-009   3.4623450087150859E-008
   6.7989830000000007        3.9033397457833200E-008   3.4540700567805209E-009   3.9263427883057529E-008
   6.8673140000000004        4.3722181187576433E-008   3.6351058697859181E-009   4.3636143983252538E-008
   6.9363330000000003        4.9471139726127393E-008   4.0202126919419975E-009   4.9250391860593994E-008
   7.0060440000000010        5.5135034362875738E-008   4.3815668129953888E-009   5.4354663663315301E-008
   7.0764570000000004        5.6573719206729112E-008   4.1912667706013955E-009   5.6072129390310313E-008
   7.1475770000000001        7.0461758637399117E-008   4.6456390309974468E-009   6.9017827843972588E-008
   7.2194120000000011        8.5275026852729802E-008   5.6043538963668147E-009   8.3710253232368816E-008
   7.2919690000000008        1.0896088382560512E-007   8.8955681258108677E-009   1.0605795308224736E-007
   7.3652550000000012        1.2123452338229493E-007   9.5504253388697772E-009   1.1762167782887714E-007
   7.4392779999999998        1.4635095536377498E-007   1.4366451434406742E-008   1.4096077237451279E-007
   7.5140440000000002        1.5452395765572769E-007   1.3941944723382989E-008   1.4934842951865060E-007
   7.5895620000000008        1.6422981114714025E-007   1.6261545366056631E-008   1.5850428973561782E-007
   7.6658390000000001        1.5856546675075546E-007   1.3699746585583106E-008   1.5118840004116092E-007
   7.7428830000000000        1.5840467250639173E-007   1.1681810458274653E-008   1.5252330550839729E-007
   7.8207009999999997        1.6698467050641803E-007   1.0410041272120366E-008   1.6143235198378744E-007
   7.8993010000000004        1.6956071300686860E-007   1.1196976717174338E-008   1.6360294179720646E-007
   7.9786910000000013        1.5760637057372105E-007   7.4835339926524621E-009   1.5409200319070487E-007
   8.0588790000000010        1.3826112315373430E-007   5.3514302831836482E-009   1.3665361142559879E-007
   8.1398720000000022        1.3551121826841066E-007   5.4215526355340175E-009   1.3448426658539528E-007
   8.2216799999999992        1.2385364340154954E-007   5.6086625673745821E-009   1.2385772633418288E-007
   8.3043099999999992        1.3022048833462257E-007   6.3282423096774242E-009   1.2964106599012004E-007
   8.3877710000000008        1.0990984521835184E-007   6.4325213784405226E-009   1.1046101039317556E-007
   8.4720700000000004        1.1459749698015900E-007   6.6117523209262099E-009   1.1493899871801278E-007
   8.5572160000000004        1.1523975529207115E-007   7.8455174320651118E-009   1.1526024750027523E-007
   8.6432179999999992        9.9257895981101128E-008   6.7122271633365590E-009   1.0051794624157413E-007
   8.7300850000000008        1.0477184893011990E-007   7.2808254410910933E-009   1.0607389055252715E-007
   8.8178239999999999        1.0039020042796751E-007   7.2724717629279069E-009   1.0249626780725661E-007
   8.9064460000000008        1.0227718862380275E-007   6.9003421986565491E-009   1.0378209238608680E-007
   8.9959579999999999        1.0366644463100964E-007   6.9514409059969838E-009   1.0563343701200008E-007
   9.0863689999999995        1.0684545028606696E-007   6.5339498389697985E-009   1.0784229708064062E-007
   9.1776900000000001        1.0689300247004805E-007   7.1662229432923827E-009   1.0811924853600523E-007
   9.2699280000000002        1.1335278861423547E-007   6.6650452142598162E-009   1.1444423429205204E-007
   9.3630929999999992        1.1321344362287091E-007   7.4131069181404465E-009   1.1531652967673650E-007
   9.4571939999999994        1.2375355760333560E-007   6.6655838954048252E-009   1.2461364706885271E-007
   9.5522419999999997        1.2027482996854803E-007   7.8280688710384591E-009   1.2266080742214534E-007
   9.6482440000000000        1.3020121958699456E-007   6.2793657114016635E-009   1.3018677380123461E-007
   9.7452110000000012        1.3436339306118380E-007   8.1854515486250349E-009   1.3625753989751158E-007
   9.8431530000000009        1.4751101542256788E-007   7.1102140095554672E-009   1.4670574950367613E-007
   9.9420790000000014        1.4820502030027523E-007   9.3275666837835526E-009   1.4908380577995013E-007
   10.042000000000000        1.5378917508959414E-007   7.3845080360211117E-009   1.5315168440160538E-007
   10.142920000000000        2.0855144897462235E-007   1.1244850475215205E-008   2.0417952533307733E-007
   10.244860000000001        1.9298525022398991E-007   9.3661712553264659E-009   1.9012220773593997E-007
   10.347830000000000        1.6599892303932431E-007   1.2967245345949809E-008   1.5621453873352192E-007
   10.451820000000000        1.6202924803212034E-007   4.6861623763692095E-009   1.6025545386055329E-007
   10.556870000000000        1.6505273668636010E-007   4.1489655281396416E-009   1.6411242673620132E-007
   10.662970000000000        1.6372110424499342E-007   5.3183845196637112E-009   1.6428950802923223E-007
   10.770130000000002        1.8510747659017756E-007   1.5564153816494262E-008   1.7258781819233184E-007
   10.878380000000000        1.7438676171300467E-007   5.2434796482264553E-009   1.7307522011788963E-007
   10.987710000000002        1.7846587524193246E-007   4.8992159947019462E-009   1.7752026983630211E-007
   11.098140000000003        2.1021025441602166E-007   8.3940474729543679E-009   2.0913414469334887E-007
   11.209670000000001        1.8298375711376209E-007   7.3196306909784424E-009   1.8349113541774836E-007
   11.322330000000001        2.2119878211964756E-007   9.0240032650666205E-009   2.2073391251981549E-007
   11.436130000000002        2.0436022680230581E-007   7.2080978693379786E-009   2.0393806193165606E-007
   11.551060000000000        2.0297778296397041E-007   6.4437293601656546E-009   2.0269447218718625E-007
   11.667149999999999        2.1554915488861641E-007   6.0957286308148394E-009   2.1401341715307421E-007
   11.784409999999999        1.9908823973006202E-007   7.4082379753371582E-009   1.9937583134467837E-007
   11.902850000000001        2.3351482030437398E-007   8.3206386145556453E-009   2.3431293436459907E-007
   12.022470000000000        2.0354142165068566E-007   8.3012117814907840E-009   2.0418277001760834E-007
   12.143300000000000        2.2671164943012221E-007   7.5328595386235528E-009   2.2784998792225336E-007
   12.265350000000000        2.1343610566574740E-007   8.0063401332964118E-009   2.1276634839809691E-007
   12.388620000000001        2.1841720041946101E-007   7.0249351877428138E-009   2.1912470865108863E-007
   12.513130000000000        2.2777291851653838E-007   6.3562784878906394E-009   2.2891407341039255E-007
   12.638890000000000        2.3005705808033057E-007   6.7922944474648644E-009   2.3099027078685820E-007
   12.765910000000002        2.3566349960027303E-007   6.6647143276847503E-009   2.3706229322662860E-007
   12.894209999999999        2.3612496175183044E-007   6.1860877821505771E-009   2.3687898668495120E-007
   13.023800000000001        2.3730725951372880E-007   6.8692759005934322E-009   2.3955229811361689E-007
   13.154690000000000        2.4667686869345259E-007   6.5971679530200282E-009   2.4829615769510880E-007
   13.286899999999999        2.5769225182305047E-007   5.7301055409015298E-009   2.5759792041305414E-007
   13.420439999999999        2.4368718019257688E-007   7.2543506378655914E-009   2.4705354683470833E-007
   13.555320000000000        2.6656393439269554E-007   5.5295433411617254E-009   2.6690336366231000E-007
   13.691549999999999        2.7667499189616324E-007   4.5345141597101040E-009   2.7677104725989146E-007
   13.829150000000002        2.8385084035873891E-007   4.5900496526105772E-009   2.8420857607299179E-007
   13.968140000000002        3.1060728506195823E-007   4.6402786739050019E-009   3.0916251309239537E-007
   14.108520000000002        2.7924651363197691E-007   5.1240451520565749E-009   2.7943632711612577E-007
   14.250320000000002        3.0535808744597060E-007   4.4461488969921166E-009   3.0435578509073657E-007
   14.393540000000002        3.1383991045833445E-007   4.5462634983042047E-009   3.1235041097702764E-007
   14.538200000000000        3.1459420424202613E-007   5.1466801881690221E-009   3.1162233238837929E-007
   14.684310000000000        3.2453333357289950E-007   6.2466311675547631E-009   3.2097446338513057E-007
   14.831890000000000        3.4228811286677602E-007   7.9055149792364686E-009   3.3782615084924769E-007
   14.980950000000000        3.4459242576816539E-007   1.4256917673336520E-008   3.4080450341556650E-007
   15.131520000000000        3.5362739234027991E-007   8.8605691483950925E-009   3.4788355193023337E-007
   15.283590000000002        3.4856108762109317E-007   8.0205147285263577E-009   3.4437914393078220E-007
   15.437190000000001        3.2324541963393602E-007   6.1184743852322085E-009   3.2097485304234712E-007
   15.592340000000000        3.2031064391825597E-007   5.7791197372684158E-009   3.1873060348067554E-007
   15.749050000000002        3.0491578895948629E-007   6.4563443858253733E-009   3.0459747769210736E-007
   15.907330000000000        2.8146869680374615E-007   9.4972218452585835E-009   2.8330294719182189E-007
   15.993430000000000        2.9456558131720974E-007   7.7498882959865452E-009   2.9513228540244664E-007
