#  lambda [mu]     flux/flux_star
      6.030151     3.5041099E-009     0.0000000E+000
      6.090755     3.9187366E-009     0.0000000E+000
      6.151969     4.6564071E-009     0.0000000E+000
      6.213798     4.8339632E-009     0.0000000E+000
      6.276248     5.0555657E-009     0.0000000E+000
      6.339326     5.2483646E-009     0.0000000E+000
      6.403038     5.4829707E-009     0.0000000E+000
      6.467390     5.7183768E-009     0.0000000E+000
      6.532389     6.1923316E-009     0.0000000E+000
      6.598041     6.8035684E-009     0.0000000E+000
      6.664353     7.3507217E-009     0.0000000E+000
      6.731331     8.0745116E-009     0.0000000E+000
      6.798983     9.2994181E-009     0.0000000E+000
      6.867314     1.0673341E-008     0.0000000E+000
      6.936333     1.2313720E-008     0.0000000E+000
      7.006044     1.4003169E-008     0.0000000E+000
      7.076457     1.4799725E-008     0.0000000E+000
      7.147577     1.9691312E-008     0.0000000E+000
      7.219412     2.5795733E-008     0.0000000E+000
      7.291969     3.7534825E-008     0.0000000E+000
      7.365255     4.3032833E-008     0.0000000E+000
      7.439278     5.7753351E-008     0.0000000E+000
      7.514044     6.0897937E-008     0.0000000E+000
      7.589562     6.5836728E-008     0.0000000E+000
      7.665839     6.0602010E-008     0.0000000E+000
      7.742883     6.0316884E-008     0.0000000E+000
      7.820701     6.4907587E-008     0.0000000E+000
      7.899301     6.7654707E-008     0.0000000E+000
      7.978691     6.1594109E-008     0.0000000E+000
      8.058879     5.2425859E-008     0.0000000E+000
      8.139872     5.1671292E-008     0.0000000E+000
      8.221680     4.7000334E-008     0.0000000E+000
      8.304310     4.9353770E-008     0.0000000E+000
      8.387771     4.1308442E-008     0.0000000E+000
      8.472070     4.3889231E-008     0.0000000E+000
      8.557216     4.3231901E-008     0.0000000E+000
      8.643218     3.9363235E-008     0.0000000E+000
      8.730085     4.2095367E-008     0.0000000E+000
      8.817824     4.2005949E-008     0.0000000E+000
      8.906446     4.3846926E-008     0.0000000E+000
      8.995958     4.6284284E-008     0.0000000E+000
      9.086369     4.8810253E-008     0.0000000E+000
      9.177690     5.0998090E-008     0.0000000E+000
      9.269928     5.4691443E-008     0.0000000E+000
      9.363093     5.7322232E-008     0.0000000E+000
      9.457194     6.1651299E-008     0.0000000E+000
      9.552242     6.3322187E-008     0.0000000E+000
      9.648244     6.8799681E-008     0.0000000E+000
      9.745211     7.0718836E-008     0.0000000E+000
      9.843153     7.7611427E-008     0.0000000E+000
      9.942079     7.8539211E-008     0.0000000E+000
     10.042000     8.4602955E-008     0.0000000E+000
     10.142920     1.0525710E-007     0.0000000E+000
     10.244860     1.0286223E-007     0.0000000E+000
     10.347830     1.1255760E-007     0.0000000E+000
     10.451820     1.0845039E-007     0.0000000E+000
     10.556870     1.0727423E-007     0.0000000E+000
     10.662970     1.1573481E-007     0.0000000E+000
     10.770130     1.3442000E-007     0.0000000E+000
     10.878380     1.1967428E-007     0.0000000E+000
     10.987710     1.2555531E-007     0.0000000E+000
     11.098140     1.3907163E-007     0.0000000E+000
     11.209670     1.3400535E-007     0.0000000E+000
     11.322330     1.5274277E-007     0.0000000E+000
     11.436130     1.4948682E-007     0.0000000E+000
     11.551060     1.5435293E-007     0.0000000E+000
     11.667150     1.6433263E-007     0.0000000E+000
     11.784410     1.6457700E-007     0.0000000E+000
     11.902850     1.8340206E-007     0.0000000E+000
     12.022470     1.7746064E-007     0.0000000E+000
     12.143300     1.8864133E-007     0.0000000E+000
     12.265350     1.9411636E-007     0.0000000E+000
     12.388620     2.0168910E-007     0.0000000E+000
     12.513130     2.1019933E-007     0.0000000E+000
     12.638890     2.1354010E-007     0.0000000E+000
     12.765910     2.2449293E-007     0.0000000E+000
     12.894210     2.3003230E-007     0.0000000E+000
     13.023800     2.3900468E-007     0.0000000E+000
     13.154690     2.4993558E-007     0.0000000E+000
     13.286900     2.6194641E-007     0.0000000E+000
     13.420440     2.6463197E-007     0.0000000E+000
     13.555320     2.8459528E-007     0.0000000E+000
     13.691550     3.0622633E-007     0.0000000E+000
     13.829150     3.2042974E-007     0.0000000E+000
     13.968140     3.5808632E-007     0.0000000E+000
     14.108520     3.2969798E-007     0.0000000E+000
     14.250320     3.6574458E-007     0.0000000E+000
     14.393540     3.8699247E-007     0.0000000E+000
     14.538200     3.9489364E-007     0.0000000E+000
     14.684310     4.1804874E-007     0.0000000E+000
     14.831890     4.5543992E-007     0.0000000E+000
     14.980950     4.7889752E-007     0.0000000E+000
     15.131520     4.9039029E-007     0.0000000E+000
     15.283590     4.9236669E-007     0.0000000E+000
     15.437190     4.6025907E-007     0.0000000E+000
     15.592340     4.6405342E-007     0.0000000E+000
     15.749050     4.5275611E-007     0.0000000E+000
     15.907330     4.3931276E-007     0.0000000E+000
     15.993430     4.5379792E-007     0.0000000E+000
