   6.0301510000000009        3.3212752501522538E-009   3.5076341006571022E-009   3.7493096753474076E-009   4.0327183767869686E-009   4.3971587397946391E-009   4.8245627178809836E-009   5.6636336501575599E-009
   6.0907549999999997        3.7385761428784184E-009   3.8969958222368214E-009   4.0895920772121829E-009   4.2692889555710436E-009   4.4899457171562752E-009   4.7447878530565604E-009   5.2631215401495317E-009
   6.1519690000000002        4.3462401101150343E-009   4.4468968577892987E-009   4.5748290531354626E-009   4.7053474125393820E-009   4.8410771003748070E-009   4.9751710751239202E-009   5.0529168066295422E-009
   6.2137979999999997        4.4855618762079601E-009   4.7611932664802957E-009   4.9634745889716379E-009   5.1492871034819151E-009   5.3468914703400420E-009   5.5769822673161892E-009   5.8565545775025917E-009
   6.2762479999999998        4.7286921738824190E-009   5.0356922781833677E-009   5.3845629503489416E-009   5.6648307524333557E-009   6.0153935464433692E-009   6.3935688952949528E-009   7.1627554026362651E-009
   6.3393259999999998        4.9016514736461518E-009   5.3612401033509091E-009   5.7548446172381894E-009   6.1187813372372126E-009   6.6260099318690082E-009   7.1458614225243378E-009   8.2054737342083125E-009
   6.4030379999999996        5.2075219373597092E-009   5.5820973876925438E-009   5.9886377924911193E-009   6.4208825793997020E-009   6.9724621665823719E-009   7.6465635763000665E-009   8.8574228172688299E-009
   6.4673900000000000        5.4296583402634712E-009   5.8677018326973322E-009   6.2586645309079731E-009   6.7241239301076274E-009   7.3552715617535128E-009   8.1300755910546571E-009   9.9266054827781527E-009
   6.5323890000000011        5.8375248802085233E-009   6.2600335417816060E-009   6.6695922916281781E-009   7.1307420969873858E-009   7.7601196995760813E-009   8.5207342201731835E-009   9.8559608434881718E-009
   6.5980410000000012        6.1703907246805065E-009   6.8524171064657761E-009   7.3099418009375962E-009   7.8274941222568858E-009   8.5006655114133310E-009   9.3057720334308163E-009   1.0695656769838429E-008
   6.6643530000000002        6.3915905899424636E-009   7.4146546149002894E-009   7.9298952436627702E-009   8.5120860112135148E-009   9.2644985069890388E-009   1.0148903350141241E-008   1.1786598804823774E-008
   6.7313310000000008        7.2212028872309419E-009   8.1967254270646538E-009   8.8300780435109381E-009   9.5073445319315036E-009   1.0418122836071325E-008   1.1435387298960749E-008   1.3304667022086681E-008
   6.7989830000000007        8.1970136528728735E-009   9.4540208815668722E-009   1.0169315310485468E-008   1.1012003915225799E-008   1.2070537021252443E-008   1.3283807308533073E-008   1.5293802284504389E-008
   6.8673140000000004        9.5537135748496748E-009   1.0710579904995900E-008   1.1609805338557099E-008   1.2474715885681252E-008   1.3648781561257906E-008   1.4869238771181071E-008   1.6822781108840280E-008
   6.9363330000000003        1.0796983675909551E-008   1.2413769185558310E-008   1.3341035940620044E-008   1.4362957944271804E-008   1.5667643402667473E-008   1.6946194733421256E-008   1.9148825992961433E-008
   7.0060440000000010        1.2021785999898324E-008   1.3774547114045074E-008   1.5056955064602150E-008   1.6162509517442590E-008   1.7609070657978798E-008   1.8965872329017221E-008   2.0929982298485970E-008
   7.0764570000000004        1.3700842466098601E-008   1.4820131886060938E-008   1.5894247771540070E-008   1.6976328282343052E-008   1.8424460661652515E-008   1.9816460238348793E-008   2.1955365140411815E-008
   7.1475770000000001        1.5630705501558679E-008   1.8536215849371698E-008   2.0168320027270092E-008   2.1386249829550667E-008   2.2862778681068282E-008   2.4343343592811650E-008   2.6627759334017690E-008
   7.2194120000000011        1.8981361715837813E-008   2.2842556353521749E-008   2.5036795268232050E-008   2.6548005588660329E-008   2.8056379908941548E-008   2.9747759699172092E-008   3.6055595867745016E-008
   7.2919690000000008        2.1247359145174976E-008   2.6772717563820017E-008   3.2266431291611237E-008   3.4375410121727092E-008   3.6465724604159652E-008   3.9637146494327422E-008   5.1600092460142736E-008
   7.3652550000000012        2.6513037087329404E-008   3.2262911893861042E-008   3.6153442668685238E-008   3.8711817667961739E-008   4.1263949161595674E-008   4.5198925667000984E-008   5.8540810653580946E-008
   7.4392779999999998        3.1578263117264897E-008   3.7814249597938392E-008   4.3047639357560199E-008   4.7357250882275062E-008   5.1189010252916837E-008   5.8157242930609649E-008   6.7183973630538389E-008
   7.5140440000000002        3.4359800040947869E-008   4.2004329581224558E-008   4.6633127169215983E-008   5.1133107438683177E-008   5.5152731191106092E-008   6.1424289135483526E-008   7.0065735785857877E-008
   7.5895620000000008        3.2001925616807960E-008   4.2971188966519936E-008   5.0562007710036345E-008   5.5575477154844951E-008   5.9948999465918982E-008   6.6798175597930907E-008   7.5880017933877949E-008
   7.6658390000000001        3.8967979524143199E-008   4.4150155281988182E-008   4.9115134190280786E-008   5.3973481994641899E-008   5.7847449761452976E-008   6.2462650954619402E-008   8.9296350848353121E-008
   7.7428830000000000        4.1902077774555099E-008   4.7123936865680535E-008   5.1356251831130470E-008   5.5389155216146410E-008   5.8877434177468157E-008   6.2697433114505505E-008   8.0733052196720096E-008
   7.8207009999999997        4.7476209881916403E-008   5.1874870597397142E-008   5.5971536935304670E-008   5.9756913336571624E-008   6.3277263584499062E-008   6.7047440476305737E-008   7.2472675753804665E-008
   7.8993010000000004        4.5231917935915914E-008   5.2423623387383659E-008   5.7539895771952232E-008   6.1900616948573526E-008   6.5616942372044332E-008   6.9384051690668198E-008   7.4161574524971290E-008
   7.9786910000000013        5.0725258625610900E-008   5.3441320426270950E-008   5.6263672781557348E-008   5.9146677419202766E-008   6.1988701475504074E-008   6.4841117480317053E-008   6.7151449639413847E-008
   8.0588790000000010        4.7376058109338989E-008   4.9523886327626703E-008   5.1356126858012004E-008   5.3492983357527577E-008   5.5714493298893952E-008   5.7745466735638667E-008   5.9851878067777042E-008
   8.1398720000000022        4.5538167150238152E-008   4.9525370468732714E-008   5.1527923142827716E-008   5.3646008290188702E-008   5.5896643211425448E-008   5.7965870554459869E-008   6.0059995277313232E-008
   8.2216799999999992        4.4406287670808712E-008   4.6100768970699820E-008   4.8073356086970720E-008   5.0300201645822231E-008   5.2716784152372484E-008   5.5080625080690938E-008   5.8031310866555751E-008
   8.3043099999999992        4.0035467077023704E-008   4.8959527263244924E-008   5.1216881547290857E-008   5.3715368927330393E-008   5.6466259296837076E-008   5.9160017566912452E-008   6.1956385038501892E-008
   8.3877710000000008        4.0199751741805885E-008   4.1850264202636465E-008   4.4025242085970830E-008   4.6553865548095281E-008   4.9498320302775031E-008   5.2366890831890036E-008   5.6298978285876445E-008
   8.4720700000000004        4.1594786243297913E-008   4.4478955356002376E-008   4.6711069981123894E-008   4.9419564136703496E-008   5.2407828950279745E-008   5.5463116394573790E-008   5.9544415737353301E-008
   8.5572160000000004        4.1570841278888345E-008   4.4509239199244587E-008   4.7293791455748826E-008   5.0504761615066266E-008   5.4154244447747063E-008   5.7747845664051823E-008   6.3268529749769101E-008
   8.6432179999999992        3.7918266627426243E-008   3.9841812456275632E-008   4.2132004178462230E-008   4.4838123446154485E-008   4.8006843129108938E-008   5.1444777111083024E-008   5.6729427541527657E-008
   8.7300850000000008        4.0605048175050126E-008   4.2732686204824255E-008   4.5225861168621472E-008   4.8245510243649447E-008   5.1799361969017383E-008   5.5540125255484986E-008   6.1330905530314763E-008
   8.8178239999999999        3.9408716347423978E-008   4.1856053174885087E-008   4.4357764090337841E-008   4.7484931812962912E-008   5.1157098557523899E-008   5.5075924749114825E-008   6.0261783111799621E-008
   8.9064460000000008        4.1233244856958871E-008   4.3356675326166932E-008   4.6014701399356982E-008   4.9054509494857338E-008   5.2558401074638352E-008   5.6130285522603667E-008   6.1471785238414096E-008
   8.9959579999999999        4.2249609154532911E-008   4.5043698666312816E-008   4.7844104932193410E-008   5.0939349196798278E-008   5.4493817248559426E-008   5.8184620196117574E-008   6.2633194314457492E-008
   9.0863689999999995        4.4252835023879112E-008   4.6971558610968428E-008   5.0060616153448360E-008   5.3072390463171882E-008   5.6442719717746177E-008   5.9593758269149682E-008   6.3454554822283430E-008
   9.1776900000000001        4.3565740515619479E-008   4.6544577174027967E-008   5.0878460911413779E-008   5.4359867126530939E-008   5.8169489461623053E-008   6.1267024615083480E-008   6.4071440029929882E-008
   9.2699280000000002        4.8825179680433805E-008   5.1903703187893190E-008   5.5387389764120273E-008   5.8689724014098489E-008   6.2174633331400851E-008   6.5371913235917271E-008   6.9155379453112637E-008
   9.3630929999999992        4.8816988354038261E-008   5.2188781268969745E-008   5.6546093215012784E-008   6.0321064459642609E-008   6.4323743138766703E-008   6.7785741401860338E-008   7.1296815828067268E-008
   9.4571939999999994        5.6860346434740360E-008   5.9536399950551414E-008   6.3102798962593746E-008   6.6409649552287128E-008   7.0025458929535267E-008   7.3695344901480334E-008   7.7877663577565482E-008
   9.5522419999999997        5.4190444408426946E-008   5.8104071741720846E-008   6.2623829129496006E-008   6.6737318478225564E-008   7.1249062709195731E-008   7.5039520209058698E-008   7.9060972410198905E-008
   9.6482440000000000        6.1336827065056216E-008   6.4708984824941503E-008   6.8972294181700371E-008   7.2419056705264447E-008   7.5901010202944034E-008   7.9103865040449468E-008   8.2140894706158444E-008
   9.7452110000000012        6.4812673994799557E-008   6.8501081094062177E-008   7.2674677224750293E-008   7.7019379155567760E-008   8.1898917849830778E-008   8.6880848649776060E-008   9.2525742885654164E-008
   9.8431530000000009        7.0818710023206943E-008   7.6808912074104618E-008   8.0894161340104624E-008   8.4841828824111545E-008   8.8979087848286176E-008   9.2931850276336386E-008   9.7914447677524971E-008
   9.9420790000000014        7.3703159988586462E-008   7.8011735913224471E-008   8.2513229149346695E-008   8.7790930247095001E-008   9.3473845314490748E-008   9.9202592819238296E-008   1.0656949271083236E-007
   10.042000000000000        7.8846392867353330E-008   8.3534761682902731E-008   8.7858223971888866E-008   9.2097784450545235E-008   9.6714624627827096E-008   1.0110742112199175E-007   1.0670571403473970E-007
   10.142920000000000        8.0963502232794793E-008   1.0618856281674235E-007   1.2092850911694950E-007   1.2643217880906042E-007   1.3116190135979149E-007   1.3559803429939778E-007   1.4096774164899954E-007
   10.244860000000001        8.5990777605186053E-008   1.0380950358109006E-007   1.1449072405275407E-007   1.1959323129733466E-007   1.2426120882409174E-007   1.2878005810195065E-007   1.3357005479922231E-007
   10.347830000000000        6.4206323483412112E-008   8.0225269737702449E-008   9.2384937369706548E-008   1.0040643204457778E-007   1.0732075474004439E-007   1.1537558290095903E-007   1.2103896292072735E-007
   10.451820000000000        8.9182603949775226E-008   9.8511734888782556E-008   1.0149892601763819E-007   1.0458703798956826E-007   1.0764517288044003E-007   1.1018554584391752E-007   1.1240264893804853E-007
   10.556870000000000        9.9655637157305145E-008   1.0318551942776351E-007   1.0649081821490790E-007   1.0937606371305804E-007   1.1186514343951267E-007   1.1451270210952924E-007   1.1627144351692802E-007
   10.662970000000000        9.6914017452698730E-008   1.0369405039301893E-007   1.0800646646745503E-007   1.1175321609564692E-007   1.1498778897430879E-007   1.1795556546888484E-007   1.2118047629269730E-007
   10.770130000000002        6.9834997340667697E-008   9.4576043045906681E-008   1.0978104380260454E-007   1.2004518887858424E-007   1.2935233916136768E-007   1.3950809337186417E-007   1.4680711158468165E-007
   10.878380000000000        1.0948275656662028E-007   1.1408752367212439E-007   1.1865241359923043E-007   1.2241338486486152E-007   1.2596286963224104E-007   1.2894194483188292E-007   1.3312893225818291E-007
   10.987710000000002        1.1578886141233472E-007   1.2010318751867956E-007   1.2449491242832887E-007   1.2800967152801815E-007   1.3146445418495033E-007   1.3461237911659592E-007   1.3747240059627006E-007
   11.098140000000003        1.2827112329658522E-007   1.4171793069481367E-007   1.4801308794228952E-007   1.5363401780906321E-007   1.5988317979720728E-007   1.6559060657779192E-007   1.7552569265052480E-007
   11.209670000000001        1.2029528939531527E-007   1.2534926566439713E-007   1.3228361211196676E-007   1.3775401818890851E-007   1.4321627675697624E-007   1.4788143447658866E-007   1.5152657916902335E-007
   11.322330000000001        1.4137313602060677E-007   1.5552312820333367E-007   1.6241694801926885E-007   1.6873134141854028E-007   1.7561444552832052E-007   1.8222069483042451E-007   1.9200618106220171E-007
   11.436130000000002        1.4292306783908698E-007   1.4801048226239677E-007   1.5357298389732745E-007   1.5905349095755917E-007   1.6485973567052655E-007   1.7056310390001790E-007   1.7727666253615820E-007
   11.551060000000000        1.4530112156482934E-007   1.5083448743869804E-007   1.5650360382841162E-007   1.6144495141241990E-007   1.6638515214779199E-007   1.7146998389248834E-007   1.7617214350341475E-007
   11.667149999999999        1.5893163634825761E-007   1.6416361563012990E-007   1.6888166512099926E-007   1.7388542891089896E-007   1.7874877258533291E-007   1.8373159540608637E-007   1.8898656329775064E-007
   11.784409999999999        1.4495688808269933E-007   1.5128627743833907E-007   1.5946455997961657E-007   1.6555654952670781E-007   1.7097238441306689E-007   1.7586167612752614E-007   1.8562917216566838E-007
   11.902850000000001        1.7764384226329207E-007   1.8501910934591811E-007   1.9119101331616860E-007   1.9776933661749645E-007   2.0507999673751402E-007   2.1234343421052985E-007   2.2284231768805367E-007
   12.022470000000000        1.5377963599452411E-007   1.6026782191079568E-007   1.6918733862794610E-007   1.7640754840757783E-007   1.8307716945001711E-007   1.8905682065311077E-007   2.0051167917765218E-007
   12.143300000000000        1.8303036872595539E-007   1.8830300125788658E-007   1.9393860396112168E-007   2.0010680836296598E-007   2.0722636629945668E-007   2.1431603430943685E-007   2.2313165267454916E-007
   12.265350000000000        1.6800981442036582E-007   1.7556792436786415E-007   1.8400646010446488E-007   1.9138625093919495E-007   1.9773234821420863E-007   2.0391072112698861E-007   2.1900725997309242E-007
   12.388620000000001        1.7961582200784951E-007   1.8595101453228812E-007   1.9470733343487308E-007   2.0103214514851957E-007   2.0658318830850151E-007   2.1259182824998490E-007   2.2699688734563300E-007
   12.513130000000000        1.9366605053204760E-007   2.0148803801115441E-007   2.0815337560321251E-007   2.1386578042738859E-007   2.1977035718612190E-007   2.2551609193711221E-007   2.3328915524902401E-007
   12.638890000000000        1.9883232350708207E-007   2.0754731711982203E-007   2.1375279455475861E-007   2.2016315950637128E-007   2.2644627438575546E-007   2.3360101443672450E-007   2.4341322695887961E-007
   12.765910000000002        2.0917214008833214E-007   2.1759283144820701E-007   2.2415724861154390E-007   2.3052440041000911E-007   2.3682414566140869E-007   2.4379914581018126E-007   2.5186624409890229E-007
   12.894209999999999        2.1582032872625580E-007   2.2269928840760908E-007   2.2895784156412808E-007   2.3489286560571683E-007   2.4072817362183585E-007   2.4752488428528257E-007   2.6053835047175847E-007
   13.023800000000001        2.1951011290123003E-007   2.2809742425002659E-007   2.3578601798606314E-007   2.4239246214691588E-007   2.4894888110131767E-007   2.5628252722246709E-007   2.6943424266157062E-007
   13.154690000000000        2.3485219959919126E-007   2.4303444988283917E-007   2.4955300600850385E-007   2.5629099108504769E-007   2.6296324734034916E-007   2.7078899449032578E-007   2.8056883903107949E-007
   13.286899999999999        2.5455534434707198E-007   2.5993174624311710E-007   2.6516972432297132E-007   2.7104714259317812E-007   2.7726099405053202E-007   2.8403242061989378E-007   2.9134375454816179E-007
   13.420439999999999        2.4258485623586403E-007   2.4974077605353028E-007   2.5794289202361306E-007   2.6535451167002824E-007   2.7246964909258335E-007   2.8062696845124622E-007   3.0121290328079013E-007
   13.555320000000000        2.7672455370292729E-007   2.8114932257304259E-007   2.8656987666060659E-007   2.9231294400343820E-007   2.9853448149631728E-007   3.0515794202162926E-007   3.1263107753402860E-007
   13.691549999999999        2.9562567075700682E-007   2.9937552467277793E-007   3.0450808785221860E-007   3.0928995492540258E-007   3.1446434844865532E-007   3.1996143509892369E-007   3.2738576353377820E-007
   13.829150000000002        3.0936211999775158E-007   3.1407689984657983E-007   3.1890730800603883E-007   3.2400094867354746E-007   3.2953141700146374E-007   3.3497679171892594E-007   3.4016598340701108E-007
   13.968140000000002        3.3925266338436396E-007   3.4901629255354888E-007   3.5464064832370224E-007   3.5953562593041557E-007   3.6517156821617737E-007   3.7009808230691010E-007   3.7888637807503427E-007
   14.108520000000002        3.1627210760675975E-007   3.2029953340340815E-007   3.2589107445163733E-007   3.3155595077810793E-007   3.3729285757424182E-007   3.4432681045374336E-007   3.6343721609558618E-007
   14.250320000000002        3.5374559803732543E-007   3.5821631563328896E-007   3.6308679348907472E-007   3.6862472179754155E-007   3.7399980950133020E-007   3.7913061035735184E-007   3.8513365919038807E-007
   14.393540000000002        3.7014642158918532E-007   3.7464291612839306E-007   3.8020495459277430E-007   3.8589236152178777E-007   3.9168171413464017E-007   3.9637431617320080E-007   4.0309520197378202E-007
   14.538200000000000        3.7359695959329135E-007   3.7940735897115756E-007   3.8621853379777406E-007   3.9286711797017520E-007   3.9923257013598660E-007   4.0483931122173608E-007   4.1147814499820611E-007
   14.684310000000000        3.8707335015914337E-007   3.9610655843955660E-007   4.0436571605279015E-007   4.1315811096919993E-007   4.2081319349375658E-007   4.2716605464296356E-007   4.3514112674263510E-007
   14.831890000000000        4.0130995971182859E-007   4.2095919900715302E-007   4.3249219797358285E-007   4.4377433887363340E-007   4.5332502336912361E-007   4.6162921779748380E-007   4.6974836150302774E-007
   14.980950000000000        3.9359206401797615E-007   4.1239028158612125E-007   4.3563715795477449E-007   4.5996393997838885E-007   4.7379107315949168E-007   4.8415539359030111E-007   4.9845958760368050E-007
   15.131520000000000        4.3546221171748782E-007   4.4940159075622407E-007   4.6280628296818043E-007   4.7533234341392857E-007   4.8716493219227513E-007   4.9689339815898304E-007   5.0591054419942641E-007
   15.283590000000002        4.4302848189117455E-007   4.5622962639268730E-007   4.6805390088218569E-007   4.8006823100035440E-007   4.9071823087010928E-007   4.9985655033914131E-007   5.0869192691249825E-007
   15.437190000000001        4.3383943156803361E-007   4.3902567979647628E-007   4.4740429096488588E-007   4.5606697361384246E-007   4.6429197629363626E-007   4.7239620484627397E-007   5.0111511458125914E-007
   15.592340000000000        4.3867937477700234E-007   4.4613722001778687E-007   4.5374782855703899E-007   4.6197341990014510E-007   4.6949450152014867E-007   4.7815340612360804E-007   5.1166034774547799E-007
   15.749050000000002        4.2615459568575267E-007   4.3422313725383161E-007   4.4188774605628436E-007   4.5003969316935500E-007   4.5839701313516014E-007   4.6735852784835196E-007   5.2558548766369105E-007
   15.907330000000000        3.9508195590623209E-007   4.0340327187760044E-007   4.1493244848050544E-007   4.2677019781931218E-007   4.3839592125789552E-007   4.5232508122688368E-007   5.4109080946941434E-007
   15.993430000000000        4.2439723873766930E-007   4.3031909049315845E-007   4.3997413568167201E-007   4.4928122458076412E-007   4.5959093248809034E-007   4.6972947827196737E-007   5.4864011427468978E-007
