   6.0301510000000009        1.5507051106446916E-008
   6.0907549999999997        1.7023279907917926E-008
   6.1519690000000002        1.9856066873927878E-008
   6.2137979999999997        2.0234401620178244E-008
   6.2762479999999998        2.0773093015454698E-008
   6.3393259999999998        2.1168951021060687E-008
   6.4030379999999996        2.1708748715093902E-008
   6.4673900000000000        2.2224644228245307E-008
   6.5323890000000011        2.3620635902431506E-008
   6.5980410000000012        2.5464169514651190E-008
   6.6643530000000002        2.6994651279553158E-008
   6.7313310000000008        2.9095020550510320E-008
   6.7989830000000007        3.2878528117287350E-008
   6.8673140000000004        3.7026350276893809E-008
   6.9363330000000003        4.1913432672237566E-008
   7.0060440000000010        4.6767431926465420E-008
   7.0764570000000004        4.8497972462542371E-008
   7.1475770000000001        6.3313609897507420E-008
   7.2194120000000011        8.1380884598140027E-008
   7.2919690000000008        1.1618783988924004E-007
   7.3652550000000012        1.3070062470448984E-007
   7.4392779999999998        1.7207604356302993E-007
   7.5140440000000002        1.7798711629233623E-007
   7.5895620000000008        1.8875418992153214E-007
   7.6658390000000001        1.7043447308074656E-007
   7.7428830000000000        1.6639911147286317E-007
   7.8207009999999997        1.7565033273264440E-007
   7.8993010000000004        1.7959433795375377E-007
   7.9786910000000013        1.6038900737647858E-007
   8.0588790000000010        1.3391260587650899E-007
   8.1398720000000022        1.2946891428415066E-007
   8.2216799999999992        1.1551624831744833E-007
   8.3043099999999992        1.1898282802070781E-007
   8.3877710000000008        9.7684183143285700E-008
   8.4720700000000004        1.0180396173852038E-007
   8.5572160000000004        9.8363064342009391E-008
   8.6432179999999992        8.7849483688277109E-008
   8.7300850000000008        9.2151645232073805E-008
   8.8178239999999999        9.0198597994739075E-008
   8.9064460000000008        9.2352349877059062E-008
   8.9959579999999999        9.5622910758219623E-008
   9.0863689999999995        9.8914251103868863E-008
   9.1776900000000001        1.0132927368473457E-007
   9.2699280000000002        1.0652171783549051E-007
   9.3630929999999992        1.0944082960868539E-007
   9.4571939999999994        1.1538139810976979E-007
   9.5522419999999997        1.1616796801580012E-007
   9.6482440000000000        1.2372392692182985E-007
   9.7452110000000012        1.2466338215212714E-007
   9.8431530000000009        1.3411140727031831E-007
   9.9420790000000014        1.3303399350872934E-007
   10.042000000000000        1.4047445846074067E-007
   10.142920000000000        1.7131649188161196E-007
   10.244860000000001        1.6411148358795176E-007
   10.347830000000000        1.7603232005729187E-007
   10.451820000000000        1.6625865348544267E-007
   10.556870000000000        1.6120654506860550E-007
   10.662970000000000        1.7048477904212517E-007
   10.770130000000002        1.9409761115126845E-007
   10.878380000000000        1.6939106523940405E-007
   10.987710000000002        1.7420419477226332E-007
   11.098140000000003        1.8914532082041487E-007
   11.209670000000001        1.7865421036684378E-007
   11.322330000000001        1.9961121576597024E-007
   11.436130000000002        1.9149594479983309E-007
   11.551060000000000        1.9382275522122323E-007
   11.667149999999999        2.0227691687132537E-007
   11.784409999999999        1.9857467828925750E-007
   11.902850000000001        2.1691563328751332E-007
   12.022470000000000        2.0574114467544399E-007
   12.143300000000000        2.1438167824699326E-007
   12.265350000000000        2.1624400447150370E-007
   12.388620000000001        2.2023978215100739E-007
   12.513130000000000        2.2499653126637842E-007
   12.638890000000000        2.2405518415043483E-007
   12.765910000000002        2.3089225742809758E-007
   12.894209999999999        2.3191363032933708E-007
   13.023800000000001        2.3619700269592025E-007
   13.154690000000000        2.4211771563589286E-007
   13.286899999999999        2.4873733008628607E-007
   13.420439999999999        2.4632054172457454E-007
   13.555320000000000        2.5966641454144163E-007
   13.691549999999999        2.7388015161778134E-007
   13.829150000000002        2.8091865755700426E-007
   13.968140000000002        3.0772630323292374E-007
   14.108520000000002        2.7772985378781304E-007
   14.250320000000002        3.0200410761040678E-007
   14.393540000000002        3.1323212626934445E-007
   14.538200000000000        3.1330877733673922E-007
   14.684310000000000        3.2512326352699380E-007
   14.831890000000000        3.4720078377409798E-007
   14.980950000000000        3.5786620981023712E-007
   15.131520000000000        3.5920934730560987E-007
   15.283590000000002        3.5352710297877340E-007
   15.437190000000001        3.2393990115702968E-007
   15.592340000000000        3.2015302242201317E-007
   15.749050000000002        3.0618316624129947E-007
   15.907330000000000        2.9121806129233033E-007
   15.993430000000000        2.9759490299636793E-007
