   998.14127661237228        1.0000000000000000E-050   1.0000000000000000E-050   1.0000000000000000E-050   1.0000000000000000E-050   1.0000000000000000E-050   1.0000000000000000E-050  0.67230385792712655     
   567.95057797685411        1.0000000000000000E-050   1.0000000000000000E-050   1.0000000000000000E-050   1.0000000000000000E-050   1.0000000000000000E-050   1.8339366659661207E-002  0.80024738874215873     
   323.16853994758878        1.0000000000000000E-050   1.0000000000000000E-050   1.0000000000000000E-050   1.0000000000000000E-050   2.6833578750396939E-008  0.19661979027597085       0.80362040665033962     
   183.88555142224445        1.0000000000000000E-050   1.0000000000000000E-050   1.0000000000000000E-050   1.0000000000000000E-050   5.7441970245944725E-006  0.40544547641179968       0.89705185756863615     
   104.63238787830910        1.0000000000000000E-050   1.0000000000000000E-050   1.0000000000000000E-050   1.0000000000000000E-050   1.2452261852131065E-004  0.53699428324196563       0.98399462437727847     
   59.536687403883533        1.0000000000000000E-050   1.0000000000000000E-050   1.0000000000000000E-050   1.6475795691366174E-011   5.5832963338700917E-004  0.57728395681922584       0.98399462437727847     
   33.876863740797432        1.0000000000000000E-050   1.0000000000000000E-050   1.0000000000000000E-050   6.9691948158851472E-010   1.1164068365519791E-003  0.59447834195404448       0.99828259224936722     
   19.276213490468681        1.0000000000000000E-050   1.0000000000000000E-050   1.0000000000000000E-050   9.7549186814591114E-009   2.3258839811171293E-003  0.61626638783796250       0.99828259224936722     
   10.968323672850719        1.0000000000000000E-050   1.0000000000000000E-050   1.0000000000000000E-050   8.9047939032785609E-008   4.5524513247962766E-003  0.63020181507102679       0.99828259224936722     
   6.2410661851147822        1.0000000000000000E-050   1.0000000000000000E-050   1.0000000000000000E-050   2.9822915422724162E-007   7.4046201436822551E-003  0.65649820811850867       0.99893593192740371     
   3.5512178787535449        1.0000000000000000E-050   1.0000000000000000E-050   1.0000000000000000E-050   6.5712187498933890E-007   9.5193058895447248E-003  0.68237515247095371       0.99893593192740371     
   2.0206721172829347        1.0000000000000000E-050   1.0000000000000000E-050   3.5900292171206386E-011   1.0741875281138233E-006   1.2371441780157406E-002  0.68990048362936884       0.99893593192740371     
   1.1497790180640348        1.0000000000000000E-050   1.0000000000000000E-050   1.6215339377237764E-010   2.0595734072051970E-006   1.7193708242834158E-002  0.69172840136918234       0.99893593192740371     
  0.65423369732932912        1.0000000000000000E-050   1.0000000000000000E-050   4.6441194237960492E-010   3.6921434919278184E-006   2.0257073880580203E-002  0.69178150594549148       0.99893593192740371     
  0.37226434297078648        1.0000000000000000E-050   1.0000000000000000E-050   9.7469333410645897E-010   4.9148703678883664E-006   2.3184573645988079E-002  0.69178150594549148       0.99893593192740371     
  0.21182146626377793        1.0000000000000000E-050   1.0000000000000000E-050   1.5453732550038527E-009   5.9316255939706812E-006   2.6329115312257137E-002  0.69178150594549148       0.99893593192740371     
  0.12052815268868751        1.0000000000000000E-050   4.7591134029711894E-012   2.2495132428634387E-009   7.2962049423859091E-006   2.8553811515138080E-002  0.71089404178017823       0.99893593192740371     
   6.8581508034966043E-002   1.0000000000000000E-050   1.4813871898113108E-011   3.0351604750821066E-009   8.9461320011798845E-006   3.0476130841793309E-002  0.72899017009438405       0.99893593192740371     
   3.9023440909266960E-002   1.7295207969810100E-012   2.5947877592234504E-011   3.1574759367941551E-009   1.0193045002692088E-005   3.1270347072994108E-002  0.72899017009438405       0.99893593192740371     
   2.2204658136456310E-002   2.4609860461296398E-012   2.5947877592234504E-011   3.1574759367941551E-009   1.0193045002692088E-005   3.1270347072994108E-002  0.72899017009438405       0.99893593192740371     
   1.2634632709690421E-002   2.5503288043814741E-012   2.6917147744100208E-011   3.2600275967420011E-009   1.0333658858773428E-005   3.1270347072994108E-002  0.72899017009438405       0.99893593192740371     
   7.1892097022059846E-003   2.5503288043814741E-012   2.6917147744100208E-011   3.2600275967420011E-009   1.0333658858773428E-005   3.1270347072994108E-002  0.72899017009438405       0.99893593192740371     
   4.0907193212393082E-003   2.5503288043814741E-012   2.6917147744100208E-011   3.2600275967420011E-009   1.0333658858773428E-005   3.1270347072994108E-002  0.72899017009438405       0.99893593192740371     
   2.3276528656586259E-003   2.5503288043814741E-012   2.6917147744100208E-011   3.2600275967420011E-009   1.0333658858773428E-005   3.1270347072994108E-002  0.72899017009438405       0.99893593192740371     
   1.3244535832312755E-003   2.5503288043814741E-012   2.6917147744100208E-011   3.2600275967420011E-009   1.0333658858773428E-005   3.1270347072994108E-002  0.72899017009438405       0.99893593192740371     
   7.5362495843546450E-004   2.5503288043814741E-012   2.6917147744100208E-011   3.2600275967420011E-009   1.0333658858773428E-005   3.1270347072994108E-002  0.72899017009438405       0.99893593192740371     
   4.2881878622822085E-004   2.5503288043814741E-012   2.6917147744100208E-011   3.2600275967420011E-009   1.0333658858773428E-005   3.1270347072994108E-002  0.72899017009438405       0.99893593192740371     
   2.4400140861044904E-004   2.5503288043814741E-012   2.6917147744100208E-011   3.2600275967420011E-009   1.0333658858773428E-005   3.1270347072994108E-002  0.72899017009438405       0.99893593192740371     
   1.3883880397953848E-004   2.5503288043814741E-012   2.6917147744100208E-011   3.2600275967420011E-009   1.0333658858773428E-005   3.1270347072994108E-002  0.72899017009438405       0.99893593192740371     
   7.9000418892020960E-005   2.5503288043814741E-012   2.6917147744100208E-011   3.2600275967420011E-009   1.0333658858773428E-005   3.1270347072994108E-002  0.72899017009438405       0.99893593192740371     
   4.4951886693251589E-005   2.5503288043814741E-012   2.6917147744100208E-011   3.2600275967420011E-009   1.0333658858773428E-005   3.1270347072994108E-002  0.72899017009438405       0.99893593192740371     
   2.5577992441341655E-005   2.5503288043814741E-012   2.6917147744100208E-011   3.2600275967420011E-009   1.0333658858773428E-005   3.1270347072994108E-002  0.72899017009438405       0.99893593192740371     
   1.4554087613580531E-005   2.5503288043814741E-012   2.6917147744100208E-011   3.2600275967420011E-009   1.0333658858773428E-005   3.1270347072994108E-002  0.72899017009438405       0.99893593192740371     
   8.2813952951761638E-006   2.5503288043814741E-012   2.6917147744100208E-011   3.2600275967420011E-009   1.0333658858773428E-005   3.1270347072994108E-002  0.72899017009438405       0.99893593192740371     
   4.7121818870302946E-006   2.5503288043814741E-012   2.6917147744100208E-011   3.2600275967420011E-009   1.0333658858773428E-005   3.1270347072994108E-002  0.72899017009438405       0.99893593192740371     
   2.6812701658367056E-006   2.5503288043814741E-012   2.6917147744100208E-011   3.2600275967420011E-009   1.0333658858773428E-005   3.1270347072994108E-002  0.72899017009438405       0.99893593192740371     
   1.5256647291127320E-006   2.5503288043814741E-012   2.6917147744100208E-011   3.2600275967420011E-009   1.0333658858773428E-005   3.1270347072994108E-002  0.72899017009438405       0.99893593192740371     
   8.6811575174942369E-007   2.5503288043814741E-012   2.6917147744100208E-011   3.2600275967420011E-009   1.0333658858773428E-005   3.1270347072994108E-002  0.72899017009438405       0.99893593192740371     
   4.9396498723133221E-007   2.5503288043814741E-012   2.6917147744100208E-011   3.2600275967420011E-009   1.0333658858773428E-005   3.1270347072994108E-002  0.72899017009438405       0.99893593192740371     
   2.8107013162558128E-007   2.5503288043814741E-012   2.6917147744100208E-011   3.2600275967420011E-009   1.0333658858773428E-005   3.1270347072994108E-002  0.72899017009438405       0.99893593192740371     
   1.5993121159217720E-007   2.5503288043814741E-012   2.6917147744100208E-011   3.2600275967420011E-009   1.0333658858773428E-005   3.1270347072994108E-002  0.72899017009438405       0.99893593192740371     
   9.1002171925598570E-008   2.5503288043814741E-012   2.6917147744100208E-011   3.2600275967420011E-009   1.0333658858773428E-005   3.1270347072994108E-002  0.72899017009438405       0.99893593192740371     
   5.1780982665807991E-008   2.5503288043814741E-012   2.6917147744100208E-011   3.2600275967420011E-009   1.0333658858773428E-005   3.1270347072994108E-002  0.72899017009438405       0.99893593192740371     
   2.9463804095014973E-008   2.5503288043814741E-012   2.6917147744100208E-011   3.2600275967420011E-009   1.0333658858773428E-005   3.1270347072994108E-002  0.72899017009438405       0.99893593192740371     
   1.6765146334750000E-008   2.5503288043814741E-012   2.6917147744100208E-011   3.2600275967420011E-009   1.0333658858773428E-005   3.1270347072994108E-002  0.72899017009438405       0.99893593192740371     
   9.5395058533237773E-009   2.5503288043814741E-012   2.6917147744100208E-011   3.2600275967420011E-009   1.0333658858773428E-005   3.1270347072994108E-002  0.72899017009438405       0.99893593192740371     
   5.4280571197266329E-009   2.5503288043814741E-012   2.6917147744100208E-011   3.2600275967420011E-009   1.0333658858773428E-005   3.1270347072994108E-002  0.72899017009438405       0.99893593192740371     
   3.0886090483134559E-009   2.5503288043814741E-012   2.6917147744100208E-011   3.2600275967420011E-009   1.0333658858773428E-005   3.1270347072994108E-002  0.72899017009438405       0.99893593192740371     
   1.7574438962064896E-009   2.5503288043814741E-012   2.6917147744100208E-011   3.2600275967420011E-009   1.0333658858773428E-005   3.1270347072994108E-002  0.72899017009438405       0.99893593192740371     
   9.9999999999999717E-010   2.5503288043814741E-012   2.6917147744100208E-011   3.2600275967420011E-009   1.0333658858773428E-005   3.1270347072994108E-002  0.72899017009438405       0.99893593192740371     
