   998.14127661237228        1.0000000000000000E-050   1.0000000000000000E-050   1.0000000000000000E-050   1.0000000000000000E-050   1.0000000000000000E-050   1.0000000000000000E-050   1.8697209939139731E-004
   567.95057797685411        1.0000000000000000E-050   1.0000000000000000E-050   1.0000000000000000E-050   1.0000000000000000E-050   1.0000000000000000E-050   8.0934587259877169E-005  0.19656157529885526     
   323.16853994758878        1.0000000000000000E-050   1.0000000000000000E-050   1.0000000000000000E-050   1.0000000000000000E-050   6.6200824385226296E-009   1.1487248137503053E-003  0.32136369318644281     
   183.88555142224445        1.0000000000000000E-050   1.0000000000000000E-050   1.0000000000000000E-050   1.0000000000000000E-050   1.2941155594493343E-007   2.5253522006168567E-003  0.35138872900385809     
   104.63238787830910        1.0000000000000000E-050   1.0000000000000000E-050   1.0000000000000000E-050   1.0000000000000000E-050   1.5406911876941977E-006   1.3489239590025947E-002  0.35138872900385809     
   59.536687403883533        1.0000000000000000E-050   1.0000000000000000E-050   1.0000000000000000E-050   1.1684646334426902E-011   6.9892313833689590E-006   1.9746575055418977E-002  0.41988073617299404     
   33.876863740797432        1.0000000000000000E-050   1.0000000000000000E-050   1.0000000000000000E-050   2.9097813467600734E-010   1.7720035752964648E-005   2.6888929909055222E-002  0.47684460682314295     
   19.276213490468681        1.0000000000000000E-050   1.0000000000000000E-050   1.0000000000000000E-050   1.7181010953421094E-009   3.7499559441775912E-005   3.5580178191899119E-002  0.54058431251994388     
   10.968323672850719        1.0000000000000000E-050   1.0000000000000000E-050   1.0000000000000000E-050   7.4676080922413919E-009   8.2826118004416347E-005   5.1596535639119763E-002  0.54206864533773425     
   6.2410661851147822        1.0000000000000000E-050   1.0000000000000000E-050   1.0000000000000000E-050   2.0437402964487981E-008   1.2879113351459677E-004   7.0547057599518903E-002  0.54206864533773425     
   3.5512178787535449        1.0000000000000000E-050   1.0000000000000000E-050   1.0000000000000000E-050   4.7911649417353154E-008   2.0328512799082333E-004   9.7363681804099877E-002  0.54206864533773425     
   2.0206721172829347        1.0000000000000000E-050   1.0000000000000000E-050   1.9347872037349446E-011   8.0379855726544045E-008   2.3946297526773302E-004   9.9251789449898056E-002  0.54206864533773425     
   1.1497790180640348        1.0000000000000000E-050   1.0000000000000000E-050   8.7213695404367781E-011   1.2941155594493343E-007   2.8178874858839537E-004  0.10005613497306259       0.54206864533773425     
  0.65423369732932912        1.0000000000000000E-050   1.0000000000000000E-050   1.9270297551945292E-010   1.8841053033965234E-007   3.7579742866553496E-004  0.10005613497306259       0.54206864533773425     
  0.37226434297078648        1.0000000000000000E-050   1.0000000000000000E-050   3.3476998831062906E-010   2.9584426030676937E-007   4.3209306102756943E-004  0.10005613497306259       0.54206864533773425     
  0.21182146626377793        1.0000000000000000E-050   1.0000000000000000E-050   4.7180115004544563E-010   3.8507516209661404E-007   4.5490322674604158E-004  0.10005613497306259       0.54206864533773425     
  0.12052815268868751        1.0000000000000000E-050   4.7650106656874638E-012   6.1346073588808151E-010   4.2699894521539480E-007   5.2118703083725809E-004  0.10814211900330166       0.54206864533773425     
   6.8581508034966043E-002   1.0000000000000000E-050   1.0598940746969291E-011   8.2583398070573414E-010   5.0943046713963119E-007   5.6627345211070147E-004  0.10814211900330166       0.54206864533773425     
   3.9023440909266960E-002   1.2310005099422115E-012   1.4335672907887659E-011   8.8294227967516636E-010   5.6474106188809006E-007   5.8572408890331833E-004  0.10814211900330166       0.54206864533773425     
   2.2204658136456310E-002   1.2310005099422115E-012   1.4637515269605408E-011   8.9636538441400023E-010   5.6593838478476656E-007   5.8572408890331833E-004  0.10814211900330166       0.54206864533773425     
   1.2634632709690421E-002   1.2891549613104743E-012   1.4696841031036030E-011   9.0076574443623697E-010   5.6765196352716081E-007   5.9246617590440588E-004  0.10814211900330166       0.54206864533773425     
   7.1892097022059846E-003   1.2891549613104743E-012   1.4696841031036030E-011   9.0076574443623697E-010   5.6765196352716081E-007   5.9246617590440588E-004  0.10814211900330166       0.54206864533773425     
   4.0907193212393082E-003   1.2891549613104743E-012   1.4696841031036030E-011   9.0076574443623697E-010   5.6765196352716081E-007   5.9246617590440588E-004  0.10814211900330166       0.54206864533773425     
   2.3276528656586259E-003   1.2891549613104743E-012   1.4696841031036030E-011   9.0076574443623697E-010   5.6765196352716081E-007   5.9246617590440588E-004  0.10814211900330166       0.54206864533773425     
   1.3244535832312755E-003   1.2891549613104743E-012   1.4696841031036030E-011   9.0076574443623697E-010   5.6765196352716081E-007   5.9246617590440588E-004  0.10814211900330166       0.54206864533773425     
   7.5362495843546450E-004   1.2891549613104743E-012   1.4696841031036030E-011   9.0076574443623697E-010   5.6765196352716081E-007   5.9246617590440588E-004  0.10814211900330166       0.54206864533773425     
   4.2881878622822085E-004   1.2891549613104743E-012   1.4696841031036030E-011   9.0076574443623697E-010   5.6765196352716081E-007   5.9246617590440588E-004  0.10814211900330166       0.54206864533773425     
   2.4400140861044904E-004   1.2891549613104743E-012   1.4696841031036030E-011   9.0076574443623697E-010   5.6765196352716081E-007   5.9246617590440588E-004  0.10814211900330166       0.54206864533773425     
   1.3883880397953848E-004   1.2891549613104743E-012   1.4696841031036030E-011   9.0076574443623697E-010   5.6765196352716081E-007   5.9246617590440588E-004  0.10814211900330166       0.54206864533773425     
   7.9000418892020960E-005   1.2891549613104743E-012   1.4696841031036030E-011   9.0076574443623697E-010   5.6765196352716081E-007   5.9246617590440588E-004  0.10814211900330166       0.54206864533773425     
   4.4951886693251589E-005   1.2891549613104743E-012   1.4696841031036030E-011   9.0076574443623697E-010   5.6765196352716081E-007   5.9246617590440588E-004  0.10814211900330166       0.54206864533773425     
   2.5577992441341655E-005   1.2891549613104743E-012   1.4696841031036030E-011   9.0076574443623697E-010   5.6765196352716081E-007   5.9246617590440588E-004  0.10814211900330166       0.54206864533773425     
   1.4554087613580531E-005   1.2891549613104743E-012   1.4696841031036030E-011   9.0076574443623697E-010   5.6765196352716081E-007   5.9246617590440588E-004  0.10814211900330166       0.54206864533773425     
   8.2813952951761638E-006   1.2891549613104743E-012   1.4696841031036030E-011   9.0076574443623697E-010   5.6765196352716081E-007   5.9246617590440588E-004  0.10814211900330166       0.54206864533773425     
   4.7121818870302946E-006   1.2891549613104743E-012   1.4696841031036030E-011   9.0076574443623697E-010   5.6765196352716081E-007   5.9246617590440588E-004  0.10814211900330166       0.54206864533773425     
   2.6812701658367056E-006   1.2891549613104743E-012   1.4696841031036030E-011   9.0076574443623697E-010   5.6765196352716081E-007   5.9246617590440588E-004  0.10814211900330166       0.54206864533773425     
   1.5256647291127320E-006   1.2891549613104743E-012   1.4696841031036030E-011   9.0076574443623697E-010   5.6765196352716081E-007   5.9246617590440588E-004  0.10814211900330166       0.54206864533773425     
   8.6811575174942369E-007   1.2891549613104743E-012   1.4696841031036030E-011   9.0076574443623697E-010   5.6765196352716081E-007   5.9246617590440588E-004  0.10814211900330166       0.54206864533773425     
   4.9396498723133221E-007   1.2891549613104743E-012   1.4696841031036030E-011   9.0076574443623697E-010   5.6765196352716081E-007   5.9246617590440588E-004  0.10814211900330166       0.54206864533773425     
   2.8107013162558128E-007   1.2891549613104743E-012   1.4696841031036030E-011   9.0076574443623697E-010   5.6765196352716081E-007   5.9246617590440588E-004  0.10814211900330166       0.54206864533773425     
   1.5993121159217720E-007   1.2891549613104743E-012   1.4696841031036030E-011   9.0076574443623697E-010   5.6765196352716081E-007   5.9246617590440588E-004  0.10814211900330166       0.54206864533773425     
   9.1002171925598570E-008   1.2891549613104743E-012   1.4696841031036030E-011   9.0076574443623697E-010   5.6765196352716081E-007   5.9246617590440588E-004  0.10814211900330166       0.54206864533773425     
   5.1780982665807991E-008   1.2891549613104743E-012   1.4696841031036030E-011   9.0076574443623697E-010   5.6765196352716081E-007   5.9246617590440588E-004  0.10814211900330166       0.54206864533773425     
   2.9463804095014973E-008   1.2891549613104743E-012   1.4696841031036030E-011   9.0076574443623697E-010   5.6765196352716081E-007   5.9246617590440588E-004  0.10814211900330166       0.54206864533773425     
   1.6765146334750000E-008   1.2891549613104743E-012   1.4696841031036030E-011   9.0076574443623697E-010   5.6765196352716081E-007   5.9246617590440588E-004  0.10814211900330166       0.54206864533773425     
   9.5395058533237773E-009   1.2891549613104743E-012   1.4696841031036030E-011   9.0076574443623697E-010   5.6765196352716081E-007   5.9246617590440588E-004  0.10814211900330166       0.54206864533773425     
   5.4280571197266329E-009   1.2891549613104743E-012   1.4696841031036030E-011   9.0076574443623697E-010   5.6765196352716081E-007   5.9246617590440588E-004  0.10814211900330166       0.54206864533773425     
   3.0886090483134559E-009   1.2891549613104743E-012   1.4696841031036030E-011   9.0076574443623697E-010   5.6765196352716081E-007   5.9246617590440588E-004  0.10814211900330166       0.54206864533773425     
   1.7574438962064896E-009   1.2891549613104743E-012   1.4696841031036030E-011   9.0076574443623697E-010   5.6765196352716081E-007   5.9246617590440588E-004  0.10814211900330166       0.54206864533773425     
   9.9999999999999717E-010   1.2891549613104743E-012   1.4696841031036030E-011   9.0076574443623697E-010   5.6765196352716081E-007   5.9246617590440588E-004  0.10814211900330166       0.54206864533773425     
