   998.14127661237228        500000000.00000048        500000000.00000048        500000000.00000048        500000000.00000048        500000000.00000048        500000000.00000048        500000000.00000048     
   567.95057797685411        500000000.00000048        500000000.00000048        500000000.00000048        500000000.00000048        500000000.00000048        500000000.00000048        500000000.00000048     
   323.16853994758878        500000000.00000048        500000000.00000048        500000000.00000048        500000000.00000048        500000000.00000048        500000000.00000048        500000000.00000048     
   183.88555142224445        500000000.00000048        500000000.00000048        500000000.00000048        500000000.00000048        500000000.00000048        500000000.00000048        500000000.00000048     
   104.63238787830910        500000000.00000048        500000000.00000048        500000000.00000048        500000000.00000048        500000000.00000048        500000000.00000048        500000000.00000048     
   59.536687403883533        500000000.00000048        500000000.00000048        500000000.00000048        500000000.00000048        500000000.00000048        500000000.00000048        500000000.00000048     
   33.876863740797432        500000000.00000048        500000000.00000048        500000000.00000048        500000000.00000048        500000000.00000048        500000000.00000048        500000000.00000048     
   19.276213490468681        500000000.00000048        500000000.00000048        500000000.00000048        500000000.00000048        500000000.00000048        500000000.00000048        500000000.00000048     
   10.968323672850719        500000000.00000048        500000000.00000048        500000000.00000048        500000000.00000048        500000000.00000048        500000000.00000048        500000000.00000048     
   6.2410661851147822        500000000.00000048        500000000.00000048        500000000.00000048        500000000.00000048        500000000.00000048        500000000.00000048        500000000.00000048     
   3.5512178787535449        500000000.00000048        500000000.00000048        500000000.00000048        500000000.00000048        500000000.00000048        500000000.00000048        500000000.00000048     
   2.0206721172829347        500000000.00000048        500000000.00000048        500000000.00000048        500000000.00000048        500000000.00000048        500000000.00000048        500000000.00000048     
   1.1497790180640348        500000000.00000048        500000000.00000048        500000000.00000048        500000000.00000048        500000000.00000048        500000000.00000048        500000000.00000048     
  0.65423369732932912        500000000.00000048        500000000.00000048        500000000.00000048        500000000.00000048        500000000.00000048        500000000.00000048        500000000.00000048     
  0.37226434297078648        500000000.00000048        500000000.00000048        500000000.00000048        500000000.00000048        500000000.00000048        500000000.00000048        500000000.00000048     
  0.21182146626377793        500000000.00000048        500000000.00000048        500000000.00000048        500000000.00000048        500000000.00000048        500000000.00000048        500000000.00000048     
  0.12052815268868751        500000000.00000048        500000000.00000048        500000000.00000048        500000000.00000048        500000000.00000048        500000000.00000048        500000000.00000048     
   6.8581508034966043E-002   500000000.00000048        500000000.00000048        500000000.00000048        500000000.00000048        500000000.00000048        500000000.00000048        500000000.00000048     
   3.9023440909266960E-002   500000000.00000048        500000000.00000048        500000000.00000048        500000000.00000048        500000000.00000048        500000000.00000048        500000000.00000048     
   2.2204658136456310E-002   500000000.00000048        500000000.00000048        500000000.00000048        500000000.00000048        500000000.00000048        500000000.00000048        500000000.00000048     
   1.2634632709690421E-002   500000000.00000048        500000000.00000048        500000000.00000048        500000000.00000048        500000000.00000048        500000000.00000048        500000000.00000048     
   7.1892097022059846E-003   500000000.00000048        500000000.00000048        500000000.00000048        500000000.00000048        500000000.00000048        500000000.00000048        500000000.00000048     
   4.0907193212393082E-003   500000000.00000048        500000000.00000048        500000000.00000048        500000000.00000048        500000000.00000048        500000000.00000048        500000000.00000048     
   2.3276528656586259E-003   500000000.00000048        500000000.00000048        500000000.00000048        500000000.00000048        500000000.00000048        500000000.00000048        500000000.00000048     
   1.3244535832312755E-003   500000000.00000048        500000000.00000048        500000000.00000048        500000000.00000048        500000000.00000048        500000000.00000048        500000000.00000048     
   7.5362495843546450E-004   500000000.00000048        500000000.00000048        500000000.00000048        500000000.00000048        500000000.00000048        500000000.00000048        500000000.00000048     
   4.2881878622822085E-004   500000000.00000048        500000000.00000048        500000000.00000048        500000000.00000048        500000000.00000048        500000000.00000048        500000000.00000048     
   2.4400140861044904E-004   500000000.00000048        500000000.00000048        500000000.00000048        500000000.00000048        500000000.00000048        500000000.00000048        500000000.00000048     
   1.3883880397953848E-004   500000000.00000048        500000000.00000048        500000000.00000048        500000000.00000048        500000000.00000048        500000000.00000048        500000000.00000048     
   7.9000418892020960E-005   500000000.00000048        500000000.00000048        500000000.00000048        500000000.00000048        500000000.00000048        500000000.00000048        500000000.00000048     
   4.4951886693251589E-005   500000000.00000048        500000000.00000048        500000000.00000048        500000000.00000048        500000000.00000048        500000000.00000048        500000000.00000048     
   2.5577992441341655E-005   500000000.00000048        500000000.00000048        500000000.00000048        500000000.00000048        500000000.00000048        500000000.00000048        500000000.00000048     
   1.4554087613580531E-005   500000000.00000048        500000000.00000048        500000000.00000048        500000000.00000048        500000000.00000048        500000000.00000048        500000000.00000048     
   8.2813952951761638E-006   500000000.00000048        500000000.00000048        500000000.00000048        500000000.00000048        500000000.00000048        500000000.00000048        500000000.00000048     
   4.7121818870302946E-006   500000000.00000048        500000000.00000048        500000000.00000048        500000000.00000048        500000000.00000048        500000000.00000048        500000000.00000048     
   2.6812701658367056E-006   500000000.00000048        500000000.00000048        500000000.00000048        500000000.00000048        500000000.00000048        500000000.00000048        500000000.00000048     
   1.5256647291127320E-006   500000000.00000048        500000000.00000048        500000000.00000048        500000000.00000048        500000000.00000048        500000000.00000048        500000000.00000048     
   8.6811575174942369E-007   500000000.00000048        500000000.00000048        500000000.00000048        500000000.00000048        500000000.00000048        500000000.00000048        500000000.00000048     
   4.9396498723133221E-007   500000000.00000048        500000000.00000048        500000000.00000048        500000000.00000048        500000000.00000048        500000000.00000048        500000000.00000048     
   2.8107013162558128E-007   500000000.00000048        500000000.00000048        500000000.00000048        500000000.00000048        500000000.00000048        500000000.00000048        500000000.00000048     
   1.5993121159217720E-007   500000000.00000048        500000000.00000048        500000000.00000048        500000000.00000048        500000000.00000048        500000000.00000048        500000000.00000048     
   9.1002171925598570E-008   500000000.00000048        500000000.00000048        500000000.00000048        500000000.00000048        500000000.00000048        500000000.00000048        500000000.00000048     
   5.1780982665807991E-008   500000000.00000048        500000000.00000048        500000000.00000048        500000000.00000048        500000000.00000048        500000000.00000048        500000000.00000048     
   2.9463804095014973E-008   500000000.00000048        500000000.00000048        500000000.00000048        500000000.00000048        500000000.00000048        500000000.00000048        500000000.00000048     
   1.6765146334750000E-008   500000000.00000048        500000000.00000048        500000000.00000048        500000000.00000048        500000000.00000048        500000000.00000048        500000000.00000048     
   9.5395058533237773E-009   500000000.00000048        500000000.00000048        500000000.00000048        500000000.00000048        500000000.00000048        500000000.00000048        500000000.00000048     
   5.4280571197266329E-009   500000000.00000048        500000000.00000048        500000000.00000048        500000000.00000048        500000000.00000048        500000000.00000048        500000000.00000048     
   3.0886090483134559E-009   500000000.00000048        500000000.00000048        500000000.00000048        500000000.00000048        500000000.00000048        500000000.00000048        500000000.00000048     
   1.7574438962064896E-009   500000000.00000048        500000000.00000048        500000000.00000048        500000000.00000048        500000000.00000048        500000000.00000048        500000000.00000048     
   9.9999999999999717E-010   500000000.00000048        500000000.00000048        500000000.00000048        500000000.00000048        500000000.00000048        500000000.00000048        500000000.00000048     
