   998.14127661237228        1.0000000000000000E-050   1.0000000000000000E-050   1.0000000000000000E-050   1.0000000000000000E-050   1.0000000000000000E-050   1.0000000000000000E-050  0.89546201591173613     
   567.95057797685411        1.0000000000000000E-050   1.0000000000000000E-050   1.0000000000000000E-050   1.0000000000000000E-050   1.0000000000000000E-050  0.62605855929579346       0.99358545183176339     
   323.16853994758878        1.0000000000000000E-050   1.0000000000000000E-050   1.0000000000000000E-050   1.0000000000000000E-050   2.4779406928535318E-007  0.90748365021351762       0.99413175352328909     
   183.88555142224445        1.0000000000000000E-050   1.0000000000000000E-050   1.0000000000000000E-050   1.0000000000000000E-050   1.6829952265134211E-004  0.94456240620945464       0.99516715050673188     
   104.63238787830910        1.0000000000000000E-050   1.0000000000000000E-050   1.0000000000000000E-050   1.0000000000000000E-050   9.6656044112805994E-003  0.96404619697027838       0.99516715050673188     
   59.536687403883533        1.0000000000000000E-050   1.0000000000000000E-050   1.0000000000000000E-050   1.6793420238236603E-011   3.3193292657014643E-002  0.96661916571381579       0.99516715050673188     
   33.876863740797432        1.0000000000000000E-050   1.0000000000000000E-050   1.0000000000000000E-050   2.0429083715396953E-009   9.8413780643661075E-002  0.96797635744011024       0.99516715050673188     
   19.276213490468681        1.0000000000000000E-050   1.0000000000000000E-050   1.0000000000000000E-050   5.6466289985388878E-008  0.20474169927660490       0.97194672284075079       0.99581740891620052     
   10.968323672850719        1.0000000000000000E-050   1.0000000000000000E-050   1.0000000000000000E-050   6.7047378203059266E-007  0.40312512925409999       0.97299586564388063       0.99581740891620052     
   6.2410661851147822        1.0000000000000000E-050   1.0000000000000000E-050   1.0000000000000000E-050   2.7192241032515451E-006  0.44566325180184846       0.97525609874917152       0.99581740891620052     
   3.5512178787535449        1.0000000000000000E-050   1.0000000000000000E-050   1.0000000000000000E-050   7.2452097558174567E-006  0.48740511156751193       0.97587115275282332       0.99581740891620052     
   2.0206721172829347        1.0000000000000000E-050   1.0000000000000000E-050   4.0998285164744651E-011   1.6144870123019995E-005  0.51222984445888764       0.97587115275282332       0.99581740891620052     
   1.1497790180640348        1.0000000000000000E-050   1.0000000000000000E-050   2.2509650835563488E-010   2.8507424853759964E-005  0.54659214852910243       0.97587115275282332       0.99581740891620052     
  0.65423369732932912        1.0000000000000000E-050   1.0000000000000000E-050   9.9490391702824181E-010   4.7584002658034482E-005  0.56824634576405286       0.97851736071222195       0.99656006445267897     
  0.37226434297078648        1.0000000000000000E-050   1.0000000000000000E-050   2.1377094869920765E-009   8.0375622948315777E-005  0.58007558317185148       0.97851736071222195       0.99656006445267897     
  0.21182146626377793        1.0000000000000000E-050   1.0000000000000000E-050   3.3747321814466142E-009   8.8930022997071631E-005  0.58007558317185148       0.97851736071222195       0.99656006445267897     
  0.12052815268868751        1.0000000000000000E-050   8.2781166332111525E-012   4.7239422391769211E-009   1.0964441602027262E-004  0.58007558317185148       0.97851736071222195       0.99656006445267897     
   6.8581508034966043E-002   1.0000000000000000E-050   1.4045049204607518E-011   7.5140887005202326E-009   1.1876094656114504E-004  0.58108350836899114       0.97851736071222195       0.99656006445267897     
   3.9023440909266960E-002   1.6340628433701908E-012   2.2002559211970960E-011   8.7928806630192477E-009   1.3178717746987293E-004  0.58108350836899114       0.97851736071222195       0.99656006445267897     
   2.2204658136456310E-002   1.7311731695670169E-012   2.2196977724368028E-011   8.7928806630192477E-009   1.3820227954616500E-004  0.58108350836899114       0.97851736071222195       0.99656006445267897     
   1.2634632709690421E-002   3.2923644356804071E-012   2.2334071882600718E-011   8.9354491285806646E-009   1.4038685352296527E-004  0.58108350836899114       0.97851736071222195       0.99656006445267897     
   7.1892097022059846E-003   3.2923644356804071E-012   2.2334071882600718E-011   8.9354491285806646E-009   1.4038685352296527E-004  0.58108350836899114       0.97851736071222195       0.99656006445267897     
   4.0907193212393082E-003   3.2923644356804071E-012   2.2334071882600718E-011   8.9354491285806646E-009   1.4038685352296527E-004  0.58108350836899114       0.97851736071222195       0.99656006445267897     
   2.3276528656586259E-003   3.2923644356804071E-012   2.2334071882600718E-011   8.9354491285806646E-009   1.4038685352296527E-004  0.58108350836899114       0.97851736071222195       0.99656006445267897     
   1.3244535832312755E-003   3.2923644356804071E-012   2.2334071882600718E-011   8.9354491285806646E-009   1.4038685352296527E-004  0.58108350836899114       0.97851736071222195       0.99656006445267897     
   7.5362495843546450E-004   3.2923644356804071E-012   2.2334071882600718E-011   8.9354491285806646E-009   1.4038685352296527E-004  0.58108350836899114       0.97851736071222195       0.99656006445267897     
   4.2881878622822085E-004   3.2923644356804071E-012   2.2334071882600718E-011   8.9354491285806646E-009   1.4038685352296527E-004  0.58108350836899114       0.97851736071222195       0.99656006445267897     
   2.4400140861044904E-004   3.2923644356804071E-012   2.2334071882600718E-011   8.9354491285806646E-009   1.4038685352296527E-004  0.58108350836899114       0.97851736071222195       0.99656006445267897     
   1.3883880397953848E-004   3.2923644356804071E-012   2.2334071882600718E-011   8.9354491285806646E-009   1.4038685352296527E-004  0.58108350836899114       0.97851736071222195       0.99656006445267897     
   7.9000418892020960E-005   3.2923644356804071E-012   2.2334071882600718E-011   8.9354491285806646E-009   1.4038685352296527E-004  0.58108350836899114       0.97851736071222195       0.99656006445267897     
   4.4951886693251589E-005   3.2923644356804071E-012   2.2334071882600718E-011   8.9354491285806646E-009   1.4038685352296527E-004  0.58108350836899114       0.97851736071222195       0.99656006445267897     
   2.5577992441341655E-005   3.2923644356804071E-012   2.2334071882600718E-011   8.9354491285806646E-009   1.4038685352296527E-004  0.58108350836899114       0.97851736071222195       0.99656006445267897     
   1.4554087613580531E-005   3.2923644356804071E-012   2.2334071882600718E-011   8.9354491285806646E-009   1.4038685352296527E-004  0.58108350836899114       0.97851736071222195       0.99656006445267897     
   8.2813952951761638E-006   3.2923644356804071E-012   2.2334071882600718E-011   8.9354491285806646E-009   1.4038685352296527E-004  0.58108350836899114       0.97851736071222195       0.99656006445267897     
   4.7121818870302946E-006   3.2923644356804071E-012   2.2334071882600718E-011   8.9354491285806646E-009   1.4038685352296527E-004  0.58108350836899114       0.97851736071222195       0.99656006445267897     
   2.6812701658367056E-006   3.2923644356804071E-012   2.2334071882600718E-011   8.9354491285806646E-009   1.4038685352296527E-004  0.58108350836899114       0.97851736071222195       0.99656006445267897     
   1.5256647291127320E-006   3.2923644356804071E-012   2.2334071882600718E-011   8.9354491285806646E-009   1.4038685352296527E-004  0.58108350836899114       0.97851736071222195       0.99656006445267897     
   8.6811575174942369E-007   3.2923644356804071E-012   2.2334071882600718E-011   8.9354491285806646E-009   1.4038685352296527E-004  0.58108350836899114       0.97851736071222195       0.99656006445267897     
   4.9396498723133221E-007   3.2923644356804071E-012   2.2334071882600718E-011   8.9354491285806646E-009   1.4038685352296527E-004  0.58108350836899114       0.97851736071222195       0.99656006445267897     
   2.8107013162558128E-007   3.2923644356804071E-012   2.2334071882600718E-011   8.9354491285806646E-009   1.4038685352296527E-004  0.58108350836899114       0.97851736071222195       0.99656006445267897     
   1.5993121159217720E-007   3.2923644356804071E-012   2.2334071882600718E-011   8.9354491285806646E-009   1.4038685352296527E-004  0.58108350836899114       0.97851736071222195       0.99656006445267897     
   9.1002171925598570E-008   3.2923644356804071E-012   2.2334071882600718E-011   8.9354491285806646E-009   1.4038685352296527E-004  0.58108350836899114       0.97851736071222195       0.99656006445267897     
   5.1780982665807991E-008   3.2923644356804071E-012   2.2334071882600718E-011   8.9354491285806646E-009   1.4038685352296527E-004  0.58108350836899114       0.97851736071222195       0.99656006445267897     
   2.9463804095014973E-008   3.2923644356804071E-012   2.2334071882600718E-011   8.9354491285806646E-009   1.4038685352296527E-004  0.58108350836899114       0.97851736071222195       0.99656006445267897     
   1.6765146334750000E-008   3.2923644356804071E-012   2.2334071882600718E-011   8.9354491285806646E-009   1.4038685352296527E-004  0.58108350836899114       0.97851736071222195       0.99656006445267897     
   9.5395058533237773E-009   3.2923644356804071E-012   2.2334071882600718E-011   8.9354491285806646E-009   1.4038685352296527E-004  0.58108350836899114       0.97851736071222195       0.99656006445267897     
   5.4280571197266329E-009   3.2923644356804071E-012   2.2334071882600718E-011   8.9354491285806646E-009   1.4038685352296527E-004  0.58108350836899114       0.97851736071222195       0.99656006445267897     
   3.0886090483134559E-009   3.2923644356804071E-012   2.2334071882600718E-011   8.9354491285806646E-009   1.4038685352296527E-004  0.58108350836899114       0.97851736071222195       0.99656006445267897     
   1.7574438962064896E-009   3.2923644356804071E-012   2.2334071882600718E-011   8.9354491285806646E-009   1.4038685352296527E-004  0.58108350836899114       0.97851736071222195       0.99656006445267897     
   9.9999999999999717E-010   3.2923644356804071E-012   2.2334071882600718E-011   8.9354491285806646E-009   1.4038685352296527E-004  0.58108350836899114       0.97851736071222195       0.99656006445267897     
