   998.14127661237228        1.0000000000000000E-050   1.0000000000000000E-050   1.0000000000000000E-050   1.0000000000000000E-050   1.0000000000000000E-050   1.0000000000000000E-050  0.88360436051391611     
   567.95057797685411        1.0000000000000000E-050   1.0000000000000000E-050   1.0000000000000000E-050   1.0000000000000000E-050   1.0000000000000000E-050  0.99995017019657695       0.99999984573479472     
   323.16853994758878        1.0000000000000000E-050   1.0000000000000000E-050   1.0000000000000000E-050   1.0000000000000000E-050  0.55725530028819492       0.99999520147230370       0.99999995016590659     
   183.88555142224445        1.0000000000000000E-050   1.0000000000000000E-050   1.0000000000000000E-050   1.0000000000000000E-050  0.99212385415815596       0.99999885318213111       0.99999999597234912     
   104.63238787830910        1.0000000000000000E-050   1.0000000000000000E-050   1.0000000000000000E-050   1.0000000000000000E-050  0.99832145188542820       0.99999908437521323       0.99999999597234912     
   59.536687403883533        1.0000000000000000E-050   1.0000000000000000E-050   1.0000000000000000E-050   1.7633414014949795E-002  0.99936665298079264       0.99999939054220233       0.99999999597234912     
   33.876863740797432        1.0000000000000000E-050   1.0000000000000000E-050   1.0000000000000000E-050  0.17561499811209502       0.99973694275320846       0.99999941896798439       0.99999999597234912     
   19.276213490468681        1.0000000000000000E-050   1.0000000000000000E-050   1.0000000000000000E-050  0.47462458404815550       0.99980659929363669       0.99999951308537816       0.99999999597234912     
   10.968323672850719        1.0000000000000000E-050   1.0000000000000000E-050   1.0000000000000000E-050  0.75731389004334493       0.99983541008024013       0.99999951308537816       0.99999999597234912     
   6.2410661851147822        1.0000000000000000E-050   1.0000000000000000E-050   1.0000000000000000E-050  0.86858339767864745       0.99987332773738691       0.99999951308537816       0.99999999597234912     
   3.5512178787535449        1.0000000000000000E-050   1.0000000000000000E-050   1.0000000000000000E-050  0.91216809605851712       0.99989603249476222       0.99999951925064035       0.99999999597234912     
   2.0206721172829347        1.0000000000000000E-050   1.0000000000000000E-050   2.0292871734654949E-002  0.94412651650013613       0.99990656394148758       0.99999951925064035       0.99999999597234912     
   1.1497790180640348        1.0000000000000000E-050   1.0000000000000000E-050   5.3389383653815965E-002  0.96117708237501875       0.99991987659997617       0.99999951925064035       0.99999999597234912     
  0.65423369732932912        1.0000000000000000E-050   1.0000000000000000E-050   8.5113276900063484E-002  0.97154357686258985       0.99992272263939064       0.99999951925064035       0.99999999597234912     
  0.37226434297078648        1.0000000000000000E-050   1.0000000000000000E-050  0.12718898586935229       0.97526207949148047       0.99992999685250195       0.99999951925064035       0.99999999597234912     
  0.21182146626377793        1.0000000000000000E-050   1.0000000000000000E-050  0.16629521516526991       0.97905059415437778       0.99993049954507807       0.99999952344419774       0.99999999597234912     
  0.12052815268868751        1.0000000000000000E-050   5.9288174294026938E-004  0.19595148682419636       0.98051703453986583       0.99993163860072776       0.99999952344419774       0.99999999597234912     
   6.8581508034966043E-002   1.0000000000000000E-050   6.4116932919399232E-003  0.20630212655161356       0.98156456652578039       0.99993168971479096       0.99999952344419774       0.99999999597234912     
   3.9023440909266960E-002   8.4520076078384709E-011   1.1967048360122618E-002  0.22020935388996604       0.98214990509159350       0.99993222122182646       0.99999952344419774       0.99999999597234912     
   2.2204658136456310E-002   1.1474165757735642E-007   1.2311825992009508E-002  0.22231959995566508       0.98214990509159350       0.99993222122182646       0.99999952344419774       0.99999999597234912     
   1.2634632709690421E-002   2.2338774085406639E-007   1.2311825992009508E-002  0.22231959995566508       0.98214990509159350       0.99993222122182646       0.99999952344419774       0.99999999597234912     
   7.1892097022059846E-003   2.2338774085406639E-007   1.2311825992009508E-002  0.22231959995566508       0.98214990509159350       0.99993222122182646       0.99999952344419774       0.99999999597234912     
   4.0907193212393082E-003   2.2338774085406639E-007   1.2311825992009508E-002  0.22231959995566508       0.98214990509159350       0.99993222122182646       0.99999952344419774       0.99999999597234912     
   2.3276528656586259E-003   2.2338774085406639E-007   1.2311825992009508E-002  0.22231959995566508       0.98214990509159350       0.99993222122182646       0.99999952344419774       0.99999999597234912     
   1.3244535832312755E-003   2.2338774085406639E-007   1.2311825992009508E-002  0.22231959995566508       0.98214990509159350       0.99993222122182646       0.99999952344419774       0.99999999597234912     
   7.5362495843546450E-004   2.2338774085406639E-007   1.2311825992009508E-002  0.22231959995566508       0.98214990509159350       0.99993222122182646       0.99999952344419774       0.99999999597234912     
   4.2881878622822085E-004   2.2338774085406639E-007   1.2311825992009508E-002  0.22231959995566508       0.98214990509159350       0.99993222122182646       0.99999952344419774       0.99999999597234912     
   2.4400140861044904E-004   2.2338774085406639E-007   1.2311825992009508E-002  0.22231959995566508       0.98214990509159350       0.99993222122182646       0.99999952344419774       0.99999999597234912     
   1.3883880397953848E-004   2.2338774085406639E-007   1.2311825992009508E-002  0.22231959995566508       0.98214990509159350       0.99993222122182646       0.99999952344419774       0.99999999597234912     
   7.9000418892020960E-005   2.2338774085406639E-007   1.2311825992009508E-002  0.22231959995566508       0.98214990509159350       0.99993222122182646       0.99999952344419774       0.99999999597234912     
   4.4951886693251589E-005   2.2338774085406639E-007   1.2311825992009508E-002  0.22231959995566508       0.98214990509159350       0.99993222122182646       0.99999952344419774       0.99999999597234912     
   2.5577992441341655E-005   2.2338774085406639E-007   1.2311825992009508E-002  0.22231959995566508       0.98214990509159350       0.99993222122182646       0.99999952344419774       0.99999999597234912     
   1.4554087613580531E-005   2.2338774085406639E-007   1.2311825992009508E-002  0.22231959995566508       0.98214990509159350       0.99993222122182646       0.99999952344419774       0.99999999597234912     
   8.2813952951761638E-006   2.2338774085406639E-007   1.2311825992009508E-002  0.22231959995566508       0.98214990509159350       0.99993222122182646       0.99999952344419774       0.99999999597234912     
   4.7121818870302946E-006   2.2338774085406639E-007   1.2311825992009508E-002  0.22231959995566508       0.98214990509159350       0.99993222122182646       0.99999952344419774       0.99999999597234912     
   2.6812701658367056E-006   2.2338774085406639E-007   1.2311825992009508E-002  0.22231959995566508       0.98214990509159350       0.99993222122182646       0.99999952344419774       0.99999999597234912     
   1.5256647291127320E-006   2.2338774085406639E-007   1.2311825992009508E-002  0.22231959995566508       0.98214990509159350       0.99993222122182646       0.99999952344419774       0.99999999597234912     
   8.6811575174942369E-007   2.2338774085406639E-007   1.2311825992009508E-002  0.22231959995566508       0.98214990509159350       0.99993222122182646       0.99999952344419774       0.99999999597234912     
   4.9396498723133221E-007   2.2338774085406639E-007   1.2311825992009508E-002  0.22231959995566508       0.98214990509159350       0.99993222122182646       0.99999952344419774       0.99999999597234912     
   2.8107013162558128E-007   2.2338774085406639E-007   1.2311825992009508E-002  0.22231959995566508       0.98214990509159350       0.99993222122182646       0.99999952344419774       0.99999999597234912     
   1.5993121159217720E-007   2.2338774085406639E-007   1.2311825992009508E-002  0.22231959995566508       0.98214990509159350       0.99993222122182646       0.99999952344419774       0.99999999597234912     
   9.1002171925598570E-008   2.2338774085406639E-007   1.2311825992009508E-002  0.22231959995566508       0.98214990509159350       0.99993222122182646       0.99999952344419774       0.99999999597234912     
   5.1780982665807991E-008   2.2338774085406639E-007   1.2311825992009508E-002  0.22231959995566508       0.98214990509159350       0.99993222122182646       0.99999952344419774       0.99999999597234912     
   2.9463804095014973E-008   2.2338774085406639E-007   1.2311825992009508E-002  0.22231959995566508       0.98214990509159350       0.99993222122182646       0.99999952344419774       0.99999999597234912     
   1.6765146334750000E-008   2.2338774085406639E-007   1.2311825992009508E-002  0.22231959995566508       0.98214990509159350       0.99993222122182646       0.99999952344419774       0.99999999597234912     
   9.5395058533237773E-009   2.2338774085406639E-007   1.2311825992009508E-002  0.22231959995566508       0.98214990509159350       0.99993222122182646       0.99999952344419774       0.99999999597234912     
   5.4280571197266329E-009   2.2338774085406639E-007   1.2311825992009508E-002  0.22231959995566508       0.98214990509159350       0.99993222122182646       0.99999952344419774       0.99999999597234912     
   3.0886090483134559E-009   2.2338774085406639E-007   1.2311825992009508E-002  0.22231959995566508       0.98214990509159350       0.99993222122182646       0.99999952344419774       0.99999999597234912     
   1.7574438962064896E-009   2.2338774085406639E-007   1.2311825992009508E-002  0.22231959995566508       0.98214990509159350       0.99993222122182646       0.99999952344419774       0.99999999597234912     
   9.9999999999999717E-010   2.2338774085406639E-007   1.2311825992009508E-002  0.22231959995566508       0.98214990509159350       0.99993222122182646       0.99999952344419774       0.99999999597234912     
