#  lambda [mu]   flux(180.0) [Jy]         fstar [Jy]
      6.030151     1.5507051E-008     4.4253895E+000     6.6897693E-009
      6.090755     1.7023280E-008     4.3440735E+000     6.5724216E-009
      6.151969     1.9856067E-008     4.2642464E+000     6.4572291E-009
      6.213798     2.0234402E-008     4.1858824E+000     6.3348062E-009
      6.276248     2.0773093E-008     4.1089552E+000     6.2145784E-009
      6.339326     2.1168951E-008     4.0334376E+000     6.0967772E-009
      6.403038     2.1708749E-008     3.9593042E+000     5.9839919E-009
      6.467390     2.2224644E-008     3.8865302E+000     5.8737120E-009
      6.532389     2.3620636E-008     3.8144979E+000     5.7653834E-009
      6.598041     2.5464170E-008     3.7427667E+000     5.6559926E-009
      6.664353     2.6994651E-008     3.6723811E+000     5.5487197E-009
      6.731331     2.9095021E-008     3.6033164E+000     5.4422273E-009
      6.798983     3.2878528E-008     3.5355468E+000     5.3368569E-009
      6.867314     3.7026350E-008     3.4690497E+000     5.2351459E-009
      6.936333     4.1913433E-008     3.4037993E+000     5.1340711E-009
      7.006044     4.6767432E-008     3.3397750E+000     5.0357600E-009
      7.076457     4.8497972E-008     3.2769510E+000     4.9419044E-009
      7.147577     6.3313610E-008     3.2153068E+000     4.8450831E-009
      7.219412     8.1380885E-008     3.1548196E+000     4.7498561E-009
      7.291969     1.1618784E-007     3.0954677E+000     4.6562043E-009
      7.365255     1.3070062E-007     3.0372303E+000     4.5670995E-009
      7.439278     1.7207604E-007     2.9794989E+000     4.4774400E-009
      7.514044     1.7798712E-007     2.9227118E+000     4.3918649E-009
      7.589562     1.8875419E-007     2.8670044E+000     4.3073821E-009
      7.665839     1.7043447E-007     2.8123568E+000     4.2265491E-009
      7.742883     1.6639911E-007     2.7587485E+000     4.1469217E-009
      7.820701     1.7565033E-007     2.7061603E+000     4.0671429E-009
      7.899301     1.7959434E-007     2.6545727E+000     3.9902174E-009
      7.978691     1.6038901E-007     2.6039667E+000     3.9157217E-009
      8.058879     1.3391261E-007     2.5543235E+000     3.8428864E-009
      8.139872     1.2946891E-007     2.5056256E+000     3.7707864E-009
      8.221680     1.1551625E-007     2.4577750E+000     3.7007955E-009
      8.304310     1.1898283E-007     2.4108154E+000     3.6290647E-009
      8.387771     9.7684183E-008     2.3647511E+000     3.5639721E-009
      8.472070     1.0180396E-007     2.3195658E+000     3.4958057E-009
      8.557216     9.8363064E-008     2.2752426E+000     3.4282064E-009
      8.643218     8.7849484E-008     2.2317648E+000     3.3676874E-009
      8.730085     9.2151645E-008     2.1891161E+000     3.3023539E-009
      8.817824     9.0198598E-008     2.1472815E+000     3.2406908E-009
      8.906446     9.2352350E-008     2.1062446E+000     3.1800747E-009
      8.995958     9.5622911E-008     2.0659909E+000     3.1195098E-009
      9.086369     9.8914251E-008     2.0265056E+000     3.0609679E-009
      9.177690     1.0132927E-007     1.9869229E+000     3.0020636E-009
      9.269928     1.0652172E-007     1.9476853E+000     2.9420747E-009
      9.363093     1.0944083E-007     1.9092214E+000     2.8842203E-009
      9.457194     1.1538140E-007     1.8715161E+000     2.8261967E-009
      9.552242     1.1616797E-007     1.8345539E+000     2.7710666E-009
      9.648244     1.2372393E-007     1.7983212E+000     2.7165963E-009
      9.745211     1.2466338E-007     1.7628031E+000     2.6608745E-009
      9.843153     1.3411141E-007     1.7279853E+000     2.6082182E-009
      9.942079     1.3303399E-007     1.6938545E+000     2.5557260E-009
     10.042000     1.4047446E-007     1.6603966E+000     2.5062262E-009
     10.142920     1.7131649E-007     1.6276004E+000     2.4508994E-009
     10.244860     1.6411148E-007     1.5954494E+000     2.4047157E-009
     10.347830     1.7603232E-007     1.5639309E+000     2.3699246E-009
     10.451820     1.6625865E-007     1.5330388E+000     2.3198639E-009
     10.556870     1.6120655E-007     1.5027518E+000     2.2714366E-009
     10.662970     1.7048478E-007     1.4730640E+000     2.2281752E-009
     10.770130     1.9409761E-007     1.4439637E+000     2.1882956E-009
     10.878380     1.6939107E-007     1.4154342E+000     2.1392277E-009
     10.987710     1.7420419E-007     1.3874697E+000     2.0967045E-009
     11.098140     1.8914532E-007     1.3600568E+000     2.0503603E-009
     11.209670     1.7865421E-007     1.3331871E+000     2.0137562E-009
     11.322330     1.9961122E-007     1.3068456E+000     1.9694536E-009
     11.436130     1.9149594E-007     1.2810222E+000     1.9330686E-009
     11.551060     1.9382276E-007     1.2557115E+000     1.8956321E-009
     11.667150     2.0227692E-007     1.2308993E+000     1.8575127E-009
     11.784410     1.9857468E-007     1.2065761E+000     1.8229440E-009
     11.902850     2.1691563E-007     1.1827328E+000     1.7826483E-009
     12.022470     2.0574114E-007     1.1593621E+000     1.7519096E-009
     12.143300     2.1438168E-007     1.1364512E+000     1.7139866E-009
     12.265350     2.1624400E-007     1.1139916E+000     1.6836018E-009
     12.388620     2.2023978E-007     1.0919766E+000     1.6497589E-009
     12.513130     2.2499653E-007     1.0703960E+000     1.6158774E-009
     12.638890     2.2405518E-007     1.0492417E+000     1.5837534E-009
     12.765910     2.3089226E-007     1.0285057E+000     1.5521694E-009
     12.894210     2.3191363E-007     1.0081785E+000     1.5219803E-009
     13.023800     2.3619700E-007     9.8825261E-001     1.4919281E-009
     13.154690     2.4211772E-007     9.6872048E-001     1.4616590E-009
     13.286900     2.4873733E-007     9.4957337E-001     1.4324231E-009
     13.420440     2.4632054E-007     9.3080417E-001     1.4051314E-009
     13.555320     2.5966641E-007     9.1240589E-001     1.3761220E-009
     13.691550     2.7388015E-007     8.9437167E-001     1.3489206E-009
     13.829150     2.8091866E-007     8.7669345E-001     1.3217735E-009
     13.968140     3.0772630E-007     8.5936347E-001     1.2946555E-009
     14.108520     2.7772985E-007     8.4237657E-001     1.2707554E-009
     14.250320     3.0200411E-007     8.2572408E-001     1.2443563E-009
     14.393540     3.1323213E-007     8.0940108E-001     1.2196032E-009
     14.538200     3.1330878E-007     7.9340040E-001     1.1957028E-009
     14.684310     3.2512326E-007     7.7771617E-001     1.1718153E-009
     14.831890     3.4720078E-007     7.6234156E-001     1.1480795E-009
     14.980950     3.5786621E-007     7.4727095E-001     1.1252624E-009
     15.131520     3.5920935E-007     7.3249687E-001     1.1029598E-009
     15.283590     3.5352710E-007     7.1801588E-001     1.0812411E-009
     15.437190     3.2393990E-007     7.0382078E-001     1.0606716E-009
     15.592340     3.2015302E-007     6.8990554E-001     1.0397316E-009
     15.749050     3.0618317E-007     6.7626513E-001     1.0198652E-009
     15.907330     2.9121806E-007     6.6289461E-001     1.0010383E-009
     15.993430     2.9759490E-007     6.5578728E-001     9.8942965E-010
