   998.14127661237228        83.391017492630098        335.70478495060161        591.14449509933570        1473.8729076979296        3419.4277708470031        6860.5940484790854        8756.2177020465133     
   567.95057797685411        83.391017492630098        335.70478495060161        591.14449509933570        1459.5823470504511        3349.6082441786339        6046.1310495961598        7367.8715211643630     
   323.16853994758878        83.391017492630098        335.70478495060161        591.14449509933570        1434.4929468492312        3144.0579132848329        5036.7824101671713        5806.2981292360946     
   183.88555142224445        83.391017492630098        335.70478495060161        589.65352207850060        1372.8314798525498        2765.9950954982087        3984.0018735723324        4490.5869154106604     
   104.63238787830910        93.077179305312356        335.70478495060161        589.65352207850060        1318.1990477613622        2336.0812869102292        3266.5979172381085        3547.3387463325262     
   59.536687403883533        108.54183605208053        335.70478495060161        589.39545204971193        1222.3733857965458        1973.8978427965471        2605.4310755954002        2822.3318578897215     
   33.876863740797432        135.24194835529042        335.70478495060161        583.29828150530136        1090.0083677461728        1648.1314831619802        2078.2156420637507        2247.3366729426616     
   19.276213490468681        153.66641203005219        335.70478495060161        568.93816870257763        968.73880562625368        1387.7064182072477        1682.7716093504073        1813.7419196553699     
   10.968323672850719        188.71544955556735        335.70478495060161        547.49040080307725        858.93706960226962        1174.9885650280528        1376.6706527904421        1477.9746210702406     
   6.2410661851147822        201.06508277851862        335.70478495060161        521.95730021409406        755.08770375833478        984.50147980343286        1135.2045311074091        1203.8364908728840     
   3.5512178787535449        212.96927628736395        335.70478495060161        489.50596894173964        666.00242699041144        829.05574071495073        942.07232080930612        1001.4582543315963     
   2.0206721172829347        215.00489833645545        333.01837115219666        455.74161843252057        587.42903388540560        704.86860743415741        788.26057009502119        836.77352483462971     
   1.1497790180640348        216.39783397767036        328.62174585047211        422.36011431537338        525.61645399507847        607.30499965986985        670.16407680787756        704.98615935991131     
  0.65423369732932912        217.64179860727907        316.15261093529477        391.43641442163897        469.92604482332791        527.76729822857180        575.97462185767779        600.15438911691604     
  0.37226434297078648        220.47649672153511        301.51914811485051        364.58240152941556        423.30463370905284        463.44777876888401        500.77244027297763        519.99424149319873     
  0.21182146626377793        225.15671048955645        282.64214330399244        339.63732761759945        384.93953994682255        413.41794334448684        441.48673622360195        457.62973087413758     
  0.12052815268868751        226.08518101273452        269.83170511406144        318.62638563195839        353.14438930393686        373.25394861613728        395.10713129241992        408.85302537202853     
   6.8581508034966043E-002   226.78168846756091        260.55069319591831        301.89955041533273        326.74345367072232        341.69832702971814        358.51619167692672        371.71154430782758     
   3.9023440909266960E-002   227.27842107817415        253.55125566657853        285.35520653563401        305.10171979282256        317.08351357586417        330.47002369010676        342.37759456715116     
   2.2204658136456310E-002   227.60841143992127        248.78795970136017        272.17350174202198        287.75536278380883        299.07511763890273        309.82805772349212        318.61307462978078     
   1.2634632709690421E-002   227.80528486433963        247.29040265777769        262.45551513671694        273.97476149473164        285.45692548557497        296.17576231401722        305.25873767923298     
   7.1892097022059846E-003   227.90305079878593        244.95732458656673        255.26116812303010        264.31614000015446        275.50612729087919        285.60610521037916        297.09021022776830     
   4.0907193212393082E-003   227.93439052349413        243.08319946727934        250.31032507631951        258.62952543715369        268.08260462304077        278.63198720360640        292.49015400705906     
   2.3276528656586259E-003   227.71018776756034        240.86261916143749        247.89144944986018        255.50272279071319        264.15529502510412        274.17750491735990        287.98551158853815     
   1.3244535832312755E-003   223.84520772190160        239.59941534155891        246.81888686319934        255.02610695636602        263.21145966758462        271.33716066739561        282.00384536144315     
   7.5362495843546450E-004   148.37357038548271        239.79201826317049        247.55074030023718        255.57087797482944        263.51176992416674        271.58161388518067        284.06224181633746     
   4.2881878622822085E-004   40.089260644055678        240.65354734213844        249.99240460791449        257.61092582015874        264.63221152357630        275.04505415836957        283.77541699089687     
   2.4400140861044904E-004   20.916769517373421        238.46284898444162        252.40264801406872        260.35272075606451        267.61375792845820        281.21340743081970        298.48942462970746     
   1.3883880397953848E-004   11.736273173373066        232.26448308891094        255.36173771264416        263.08554779743571        272.72817570745349        287.21489456934148        304.07002337220524     
   7.9000418892020960E-005   10.556933677666702        183.93066057358439        257.19718444563534        265.68469504060283        277.38121866861422        293.17675650874435        304.95418217843161     
   4.4951886693251589E-005   8.3318930981002932        77.934164823798469        256.07202628618660        268.22557928073252        280.98992256595147        297.41387957840533        318.89810145982204     
   2.5577992441341655E-005   4.5847055145265250        32.169455427601171        245.79023358801194        270.51786720298742        284.30461542843443        301.72460129761077        335.85995350492038     
   1.4554087613580531E-005   3.7973972623240142        14.121351934115125        195.82765299307150        271.19146082555494        287.09381886703363        303.56547053066805        331.93668992729044     
   8.2813952951761638E-006   3.3219434509118724        10.396830059097532        118.65616336545705        270.70276916487876        288.05167676571654        304.35745883224308        323.11017505041536     
   4.7121818870302946E-006   3.3557153023470923        7.7104458664088558        66.453224497456659        264.41997349599131        288.09929639153137        304.18903516751169        323.78991536386980     
   2.6812701658367056E-006   3.4161589796086185        6.4954306033591713        37.387707816474801        247.07432243394595        287.21426317933629        305.14621305892359        319.25242988554663     
   1.5256647291127320E-006   3.3625133896464585        5.4717533056256791        26.315729734368102        194.17496283531588        285.19082577012870        303.99622500277019        324.66826751995700     
   8.6811575174942369E-007   3.5050086139238870        5.0490386395937428        17.896647118912316        133.64641581109760        280.60329558811981        300.88790483549064        331.00635158163374     
   4.9396498723133221E-007   3.3751366529719919        4.8215812259055095        14.303359119699628        88.660825429312510        270.06848031162468        299.97596014906600        336.02516607228824     
   2.8107013162558128E-007   3.4087693186582335        4.5493771682433328        12.273417092255322        60.565492671994974        248.46559089488278        298.06202997445126        325.48689236925674     
   1.5993121159217720E-007   3.4322623464561799        4.3604242600114578        10.486473200714551        47.520835003795256        207.58641733979738        296.10098686092579        340.77826829733937     
   9.1002171925598570E-008   3.4541626174715367        4.3021596508863400        9.2346052199050384        38.703073441246673        175.64229063807997        290.73782995586964        353.73459780585034     
   5.1780982665807991E-008   3.2618654672252712        4.0902894271149215        8.3690536561116016        36.266341505925112        145.72531270068191        288.55079625716934        510.85472434010904     
   2.9463804095014973E-008   3.3225069376277605        4.0378077396991507        8.3189128035529905        33.182992110744351        132.28383136010282        285.25512823114514        535.29650042104993     
   1.6765146334750000E-008   3.3090917153136084        3.9338983321800494        8.2353463920435352        33.110171327292996        131.86297335884407        281.69202440348135        743.38610710413639     
   9.5395058533237773E-009   3.3227113440268434        3.9283661601276005        8.3640148445501623        33.922866474619880        138.63725818218927        302.49576685100476        984.29528710799093     
   5.4280571197266329E-009   3.3426801874564522        3.8824407240070991        9.1048836828970323        35.822697170573626        141.03444447065252        322.82427876031045        1240.0881761885985     
   3.0886090483134559E-009   3.3508549596513806        4.2628715317514638        9.9409269081099936        38.703301680457685        147.56812475691069        344.00142698009688        1566.7289062763818     
   1.7574438962064896E-009   3.2955866888714089        4.4183353457175070        10.970490650029332        39.655745514867874        162.20920585765097        387.76765311273471        1795.4685408736921     
   9.9999999999999717E-010   3.2146022735794864        3.5091149353047730        8.0349524764185105        39.998732615490958        234.44683103100795        629.85166005317183        2961.1641000005097     
