#      par      median  1sig lower  1sig upper  (  3sig lower  3sig upper)
      pmax  3.0765E-01  2.2368E-03  4.7971E+01  (  1.1224E-04  9.4165E+02)
        H2  2.9943E-04  1.4174E-07  9.6083E-01  (  1.1717E-09  8.3918E+02)
       H2O  1.8243E-05  4.1921E-08  2.0857E-02  (  1.0371E-09  1.7290E+02)
       CO2  2.0860E-06  1.7726E-08  6.6237E-04  (  1.0295E-09  4.9803E-01)
       CH4  2.4919E-06  1.9117E-08  4.6410E-04  (  1.0419E-09  4.6869E+00)
       NH3  3.2836E+01  1.4725E+00  3.2290E+02  (  9.1757E-08  9.9336E+02)
        N2  3.6779E-03  3.2778E-07  2.4519E+01  (  1.0671E-09  9.5041E+02)
        Rp  7.4082E-02  7.0288E-02  7.8000E-02  (  6.3164E-02  1.0476E-01)
        Mp  4.0042E-03  2.4369E-03  5.3345E-03  (  1.0350E-03  5.9909E-03)
 Tpoint001  3.9999E+01  8.0092E+00  2.3445E+02  (  2.7063E+00  2.9612E+03)
 Tpoint002  3.4012E+01  7.1393E+00  1.7800E+02  (  2.7092E+00  1.1847E+03)
 Tpoint003  2.8637E+01  6.2617E+00  1.2300E+02  (  2.7122E+00  3.7027E+02)
 Tpoint004  2.8634E+02  2.6854E+02  3.0063E+02  (  1.1403E+01  3.6490E+02)
 Tpoint005  2.5232E+02  2.4459E+02  2.6137E+02  (  2.2794E+02  3.2253E+02)
 Tpoint006  4.4745E+03  2.1103E+03  7.5639E+03  (  1.0162E+01  9.9623E+03)
 Ppoint002  7.7738E-09  2.0378E-09  6.8912E-08  (  1.0072E-09  3.5588E-06)
 Ppoint003  2.1239E-07  2.2223E-08  2.5892E-06  (  1.6113E-09  2.1748E-04)
 Ppoint004  5.0260E-06  5.2845E-07  4.1116E-05  (  8.1785E-09  1.0861E-03)
 Ppoint005  1.7393E-03  6.7773E-04  4.4589E-03  (  3.2942E-06  2.4128E+00)
       C/O  4.8370E-01  1.2643E-03  5.5044E+00  (  3.5360E-09  4.6454E+05)
       [Z]  2.5797E+00  2.5775E+00  3.1885E+00  ( -5.2891E-01  5.3431E+00)
   hotspot  0.0000E+00  0.0000E+00  0.0000E+00  (  0.0000E+00  0.0000E+00)
       MMW  1.6909E+01  1.6700E+01  2.3103E+01  (  2.0086E+00  2.7770E+01)
