   6.0301510000000009        5.9194264666252797E-005   6.8885572582188633E-006   5.8637447375920294E-005
   6.0907549999999997        5.9308654415582334E-005   6.8973187957449567E-006   5.8725212113760622E-005
   6.1519690000000002        5.9423553512075743E-005   6.9086560318185954E-006   5.8814264170980179E-005
   6.2137979999999997        5.9349537297869374E-005   6.8998583209494987E-006   5.8755169344132137E-005
   6.2762479999999998        5.9277727545896414E-005   6.8854984362013696E-006   5.8693767624461047E-005
   6.3393259999999998        5.9194006656160123E-005   6.8868167593796878E-006   5.8630417078852987E-005
   6.4030379999999996        5.9170785892122746E-005   6.9025805068073630E-006   5.8619958286800785E-005
   6.4673900000000000        5.9152013086155131E-005   6.9418989772223779E-006   5.8618661202987165E-005
   6.5323890000000011        5.9152974518894365E-005   6.9070527840709849E-006   5.8614912161481261E-005
   6.5980410000000012        5.9124626235397752E-005   6.8628589425968485E-006   5.8589147748557296E-005
   6.6643530000000002        5.9103069601936383E-005   6.8646701746712119E-006   5.8571174977293477E-005
   6.7313310000000008        5.9050901980373968E-005   6.8807434441865654E-006   5.8532500409980049E-005
   6.7989830000000007        5.8978060996376803E-005   6.8855702245458240E-006   5.8479556327731414E-005
   6.8673140000000004        5.8947948853064828E-005   6.8851360699561992E-006   5.8458726966764789E-005
   6.9363330000000003        5.8878396482410313E-005   6.8851366347269593E-006   5.8406004112058041E-005
   7.0060440000000010        5.8840700970821229E-005   6.8864143654708726E-006   5.8378881483413289E-005
   7.0764570000000004        5.8863497830020204E-005   6.8931508507020164E-006   5.8396072561925152E-005
   7.1475770000000001        5.8762139041982013E-005   6.8980975845689128E-006   5.8320697305537541E-005
   7.2194120000000011        5.8638754844253886E-005   6.9124868242125790E-006   5.8235331337140024E-005
   7.2919690000000008        5.8506095686726214E-005   6.9353712725831420E-006   5.8149625843984562E-005
   7.3652550000000012        5.8452644786822407E-005   6.9569180554098583E-006   5.8115671559669848E-005
   7.4392779999999998        5.8366455713452966E-005   6.9595862161489095E-006   5.8057812464414820E-005
   7.5140440000000002        5.8341140720854541E-005   6.9443422735245473E-006   5.8033719632999809E-005
   7.5895620000000008        5.8303757129654538E-005   6.9139456288152513E-006   5.8000451707394728E-005
   7.6658390000000001        5.8345191845294253E-005   6.9750511654596180E-006   5.8052415343777931E-005
   7.7428830000000000        5.8361340462062052E-005   6.9707285361788139E-006   5.8059941366079666E-005
   7.8207009999999997        5.8333741960263911E-005   6.9481100486323572E-006   5.8029508090739352E-005
   7.8993010000000004        5.8354585040760456E-005   6.9454051273392071E-006   5.8048260046902574E-005
   7.9786910000000013        5.8406602473262674E-005   6.9360601491328458E-006   5.8080169252204367E-005
   8.0588790000000010        5.8475893087220508E-005   6.9319089656367832E-006   5.8127960103014934E-005
   8.1398720000000022        5.8517116208583598E-005   6.9143051737069888E-006   5.8153345320152983E-005
   8.2216799999999992        5.8587970785010308E-005   6.9092714618422360E-006   5.8205322323310928E-005
   8.3043099999999992        5.8551411309587791E-005   6.8886066509213641E-006   5.8170532295610361E-005
   8.3877710000000008        5.8714821266272098E-005   6.8814823008677131E-006   5.8290191017088661E-005
   8.4720700000000004        5.8707298848493294E-005   6.8649793603530747E-006   5.8281197526102110E-005
   8.5572160000000004        5.8676145724336988E-005   6.8519081024712099E-006   5.8254252178179077E-005
   8.6432179999999992        5.8880862812734052E-005   6.8570279573974256E-006   5.8406243840893498E-005
   8.7300850000000008        5.8836672434893341E-005   6.8443986125818520E-006   5.8372057908151245E-005
   8.8178239999999999        5.8893323131132474E-005   6.8414112320892166E-006   5.8412697727017116E-005
   8.9064460000000008        5.8956275961051051E-005   6.8446506646035818E-006   5.8459254280064355E-005
   8.9959579999999999        5.8961554200580508E-005   6.8353903299567675E-006   5.8460969530413546E-005
   9.0863689999999995        5.9013466228376624E-005   6.8387777729515957E-006   5.8499859805853065E-005
   9.1776900000000001        5.9051742525604582E-005   6.8428577026491502E-006   5.8528009957868276E-005
   9.2699280000000002        5.9021290768565919E-005   6.8349599646134719E-006   5.8504665133842265E-005
   9.3630929999999992        5.9027152320533000E-005   6.8354119732934494E-006   5.8509670677477332E-005
   9.4571939999999994        5.8981357487339999E-005   6.8295674488290643E-006   5.8473725718054343E-005
   9.5522419999999997        5.9010548502996216E-005   6.8300706891867910E-006   5.8496517004010929E-005
   9.6482440000000000        5.9034069057731245E-005   6.8320974283677586E-006   5.8511041705963880E-005
   9.7452110000000012        5.8911926217977883E-005   6.8211765882928034E-006   5.8423372124049016E-005
   9.8431530000000009        5.8920108640787533E-005   6.8171660057757144E-006   5.8425164303410758E-005
   9.9420790000000014        5.8858020334490545E-005   6.8137589497255336E-006   5.8379877424701307E-005
   10.042000000000000        5.8917948139530252E-005   6.8191297284516497E-006   5.8423935192787427E-005
   10.142920000000000        5.8595319313191899E-005   6.7864267544540014E-006   5.8180302009078053E-005
   10.244860000000001        5.8737609127869025E-005   6.7993591837183800E-006   5.8284584856950480E-005
   10.347830000000000        5.9493869389901190E-005   6.8970204254417777E-006   5.8858876949077670E-005
   10.451820000000000        5.9306076147822949E-005   6.8505603368054540E-006   5.8717606191304585E-005
   10.556870000000000        5.9159553539857343E-005   6.8320550527600522E-006   5.8600154480225942E-005
   10.662970000000000        5.9229275832688401E-005   6.8472705586353135E-006   5.8662049270503200E-005
   10.770130000000002        5.9510349692663970E-005   6.8951365526334653E-006   5.8865585582150146E-005
   10.878380000000000        5.9123818094940020E-005   6.8271080716926311E-006   5.8573297605320450E-005
   10.987710000000002        5.9103845137079873E-005   6.8284396064780243E-006   5.8562094881058664E-005
   11.098140000000003        5.8772904093731438E-005   6.7927320347057040E-006   5.8310680050699160E-005
   11.209670000000001        5.9027458216596362E-005   6.8256592699684027E-006   5.8504566690104226E-005
   11.322330000000001        5.8707229570319330E-005   6.7904548085670115E-006   5.8264871759278903E-005
   11.436130000000002        5.8882499483953075E-005   6.8110252765610106E-006   5.8398163901918288E-005
   11.551060000000000        5.8939807205197459E-005   6.8177709486917610E-006   5.8442034462925109E-005
   11.667149999999999        5.8888822195167820E-005   6.8124935425689369E-006   5.8403246950472268E-005
   11.784409999999999        5.9043595167975623E-005   6.8298060125167363E-006   5.8522230357798198E-005
   11.902850000000001        5.8720810608127558E-005   6.7934847898472608E-006   5.8277211287066434E-005
   12.022470000000000        5.9069656487840373E-005   6.8311826686067265E-006   5.8539861987587614E-005
   12.143300000000000        5.8802770919184586E-005   6.8013961268689808E-006   5.8340110759363995E-005
   12.265350000000000        5.9094389869799957E-005   6.8345093566563464E-006   5.8557543192397226E-005
   12.388620000000001        5.9052960226395877E-005   6.8288224865333286E-006   5.8526738615786102E-005
   12.513130000000000        5.8933369055150318E-005   6.8160174876240956E-006   5.8439055515706873E-005
   12.638890000000000        5.8921002423781655E-005   6.8162583856088130E-006   5.8428255073606073E-005
   12.765910000000002        5.8900080067445582E-005   6.8116788670378997E-006   5.8411115354896513E-005
   12.894209999999999        5.8943694939891753E-005   6.8158320552345061E-006   5.8445715283626431E-005
   13.023800000000001        5.8948770693246511E-005   6.8174898188138890E-006   5.8448256254175397E-005
   13.154690000000000        5.8873254545621638E-005   6.8114768725620867E-006   5.8390942683839878E-005
   13.286899999999999        5.8859235238863640E-005   6.8095509132951200E-006   5.8378824740283082E-005
   13.420439999999999        5.8938225596219328E-005   6.8200400045903750E-006   5.8443088595773949E-005
   13.555320000000000        5.8826875333714877E-005   6.8127946018011793E-006   5.8356006961972748E-005
   13.691549999999999        5.8835134016616023E-005   6.8128226556209691E-006   5.8363156093080583E-005
   13.829150000000002        5.8778882950239593E-005   6.8149505122040918E-006   5.8323133253340800E-005
   13.968140000000002        5.8678612905158507E-005   6.8080115947583192E-006   5.8247999724591447E-005
   14.108520000000002        5.8852807307291647E-005   6.8222374186443944E-006   5.8382168545646045E-005
   14.250320000000002        5.8708511590457715E-005   6.8196176688522507E-006   5.8276065580103260E-005
   14.393540000000002        5.8700131753928294E-005   6.8252301190036219E-006   5.8269731033637495E-005
   14.538200000000000        5.8732435735783805E-005   6.8329326221349622E-006   5.8295369214768768E-005
   14.684310000000000        5.8699987715444510E-005   6.8354976317600372E-006   5.8271924469438906E-005
   14.831890000000000        5.8637205320176471E-005   6.8331713629353583E-006   5.8224280711999981E-005
   14.980950000000000        5.8672427072010043E-005   6.8678547558970979E-006   5.8255660203771789E-005
   15.131520000000000        5.8605619675958820E-005   6.8297730223367523E-006   5.8204048789570996E-005
   15.283590000000002        5.8612569016451301E-005   6.8311073431324859E-006   5.8207868097627176E-005
   15.437190000000001        5.8705286403944182E-005   6.8340978505852752E-006   5.8281461596533518E-005
   15.592340000000000        5.8704210883982151E-005   6.8266272372290060E-006   5.8277794820421622E-005
   15.749050000000002        5.8801315462131747E-005   6.8272396304736299E-006   5.8348189864931500E-005
   15.907330000000000        5.8975370066890181E-005   6.8353437684801016E-006   5.8475212292097962E-005
   15.993430000000000        5.8854045519807625E-005   6.8252740450754667E-006   5.8384296496266411E-005
