#  lambda [mu]       Rp^2/Rstar^2
      6.030151     6.9938601E-005     0.0000000E+000
      6.090755     6.9997988E-005     0.0000000E+000
      6.151969     7.0058561E-005     0.0000000E+000
      6.213798     7.0017019E-005     0.0000000E+000
      6.276248     6.9974140E-005     0.0000000E+000
      6.339326     6.9933021E-005     0.0000000E+000
      6.403038     6.9924511E-005     0.0000000E+000
      6.467390     6.9921044E-005     0.0000000E+000
      6.532389     6.9927519E-005     0.0000000E+000
      6.598041     6.9915486E-005     0.0000000E+000
      6.664353     6.9904053E-005     0.0000000E+000
      6.731331     6.9876570E-005     0.0000000E+000
      6.798983     6.9837112E-005     0.0000000E+000
      6.867314     6.9819313E-005     0.0000000E+000
      6.936333     6.9783901E-005     0.0000000E+000
      7.006044     6.9759783E-005     0.0000000E+000
      7.076457     6.9772085E-005     0.0000000E+000
      7.147577     6.9716586E-005     0.0000000E+000
      7.219412     6.9656754E-005     0.0000000E+000
      7.291969     6.9592598E-005     0.0000000E+000
      7.365255     6.9569688E-005     0.0000000E+000
      7.439278     6.9525458E-005     0.0000000E+000
      7.514044     6.9521685E-005     0.0000000E+000
      7.589562     6.9509208E-005     0.0000000E+000
      7.665839     6.9530093E-005     0.0000000E+000
      7.742883     6.9545821E-005     0.0000000E+000
      7.820701     6.9533361E-005     0.0000000E+000
      7.899301     6.9543931E-005     0.0000000E+000
      7.978691     6.9571873E-005     0.0000000E+000
      8.058879     6.9604760E-005     0.0000000E+000
      8.139872     6.9626258E-005     0.0000000E+000
      8.221680     6.9664298E-005     0.0000000E+000
      8.304310     6.9644700E-005     0.0000000E+000
      8.387771     6.9727834E-005     0.0000000E+000
      8.472070     6.9726504E-005     0.0000000E+000
      8.557216     6.9710235E-005     0.0000000E+000
      8.643218     6.9813700E-005     0.0000000E+000
      8.730085     6.9793042E-005     0.0000000E+000
      8.817824     6.9824192E-005     0.0000000E+000
      8.906446     6.9853123E-005     0.0000000E+000
      8.995958     6.9857857E-005     0.0000000E+000
      9.086369     6.9882475E-005     0.0000000E+000
      9.177690     6.9903058E-005     0.0000000E+000
      9.269928     6.9886329E-005     0.0000000E+000
      9.363093     6.9892319E-005     0.0000000E+000
      9.457194     6.9866039E-005     0.0000000E+000
      9.552242     6.9883362E-005     0.0000000E+000
      9.648244     6.9890016E-005     0.0000000E+000
      9.745211     6.9835765E-005     0.0000000E+000
      9.843153     6.9833076E-005     0.0000000E+000
      9.942079     6.9806441E-005     0.0000000E+000
     10.042000     6.9833810E-005     0.0000000E+000
     10.142920     6.9668267E-005     0.0000000E+000
     10.244860     6.9732948E-005     0.0000000E+000
     10.347830     7.0109078E-005     0.0000000E+000
     10.451820     7.0011063E-005     0.0000000E+000
     10.556870     6.9931149E-005     0.0000000E+000
     10.662970     6.9981785E-005     0.0000000E+000
     10.770130     7.0114365E-005     0.0000000E+000
     10.878380     6.9923738E-005     0.0000000E+000
     10.987710     6.9915106E-005     0.0000000E+000
     11.098140     6.9747791E-005     0.0000000E+000
     11.209670     6.9883248E-005     0.0000000E+000
     11.322330     6.9723434E-005     0.0000000E+000
     11.436130     6.9814867E-005     0.0000000E+000
     11.551060     6.9842773E-005     0.0000000E+000
     11.667150     6.9817867E-005     0.0000000E+000
     11.784410     6.9899797E-005     0.0000000E+000
     11.902850     6.9732676E-005     0.0000000E+000
     12.022470     6.9911708E-005     0.0000000E+000
     12.143300     6.9777263E-005     0.0000000E+000
     12.265350     6.9922145E-005     0.0000000E+000
     12.388620     6.9897949E-005     0.0000000E+000
     12.513130     6.9842733E-005     0.0000000E+000
     12.638890     6.9834387E-005     0.0000000E+000
     12.765910     6.9821589E-005     0.0000000E+000
     12.894210     6.9843968E-005     0.0000000E+000
     13.023800     6.9845307E-005     0.0000000E+000
     13.154690     6.9807950E-005     0.0000000E+000
     13.286900     6.9791109E-005     0.0000000E+000
     13.420440     6.9841880E-005     0.0000000E+000
     13.555320     6.9779230E-005     0.0000000E+000
     13.691550     6.9779149E-005     0.0000000E+000
     13.829150     6.9753595E-005     0.0000000E+000
     13.968140     6.9700296E-005     0.0000000E+000
     14.108520     6.9793178E-005     0.0000000E+000
     14.250320     6.9721561E-005     0.0000000E+000
     14.393540     6.9712731E-005     0.0000000E+000
     14.538200     6.9724940E-005     0.0000000E+000
     14.684310     6.9710044E-005     0.0000000E+000
     14.831890     6.9675434E-005     0.0000000E+000
     14.980950     6.9667945E-005     0.0000000E+000
     15.131520     6.9664452E-005     0.0000000E+000
     15.283590     6.9670001E-005     0.0000000E+000
     15.437190     6.9723014E-005     0.0000000E+000
     15.592340     6.9725063E-005     0.0000000E+000
     15.749050     6.9772308E-005     0.0000000E+000
     15.907330     6.9865617E-005     0.0000000E+000
     15.993430     6.9803827E-005     0.0000000E+000
