   6.0301510000000009        4.2488099138082994E-005   4.7364320599969284E-005   5.2409995265258065E-005   5.8367667253401239E-005   6.4372444929885198E-005   7.0689773866313167E-005   1.1197739047293418E-004
   6.0907549999999997        4.2522313960692965E-005   4.7444568194724806E-005   5.2473635397745911E-005   5.8480848640406458E-005   6.4459770140706864E-005   7.0857865233239767E-005   1.1195911970880754E-004
   6.1519690000000002        4.2555336493799630E-005   4.7503821474741226E-005   5.2561892071530679E-005   5.8557779119430581E-005   6.4546093650759011E-005   7.1043104084544983E-005   1.1195339812740321E-004
   6.2137979999999997        4.2530087322114621E-005   4.7464620783500856E-005   5.2488200298539808E-005   5.8504942989055163E-005   6.4493429334262594E-005   7.0939794342234099E-005   1.1195498579932683E-004
   6.2762479999999998        4.2506962745285385E-005   4.7415646876222116E-005   5.2452348401779349E-005   5.8448551833078805E-005   6.4439310116995395E-005   7.0822588121867566E-005   1.1190726672061869E-004
   6.3393259999999998        4.2484874579621603E-005   4.7360972924321071E-005   5.2394463438736233E-005   5.8366875077511474E-005   6.4362926040305722E-005   7.0689022460449557E-005   1.1199224644379027E-004
   6.4030379999999996        4.2481010707663721E-005   4.7348911103086295E-005   5.2405628583361723E-005   5.8337533593531577E-005   6.4356089042872337E-005   7.0662637154957588E-005   1.1214467980707065E-004
   6.4673900000000000        4.2478755919544152E-005   4.7340853112990737E-005   5.2386215028977672E-005   5.8313926727220112E-005   6.4340898440556771E-005   7.0643415351359691E-005   1.1245554253883785E-004
   6.5323890000000011        4.2481888003626173E-005   4.7345546048288645E-005   5.2388045677906133E-005   5.8305564624127013E-005   6.4340600772179181E-005   7.0645538775433608E-005   1.1215533686734402E-004
   6.5980410000000012        4.2473008346327561E-005   4.7325940244466702E-005   5.2358248867252173E-005   5.8265293723919582E-005   6.4320309452455340E-005   7.0613436328414693E-005   1.1173471871469859E-004
   6.6643530000000002        4.2465833469504887E-005   4.7310674701172081E-005   5.2341587236250864E-005   5.8252196673740510E-005   6.4304776081921478E-005   7.0588987486491404E-005   1.1177831309158928E-004
   6.7313310000000008        4.2449193561068161E-005   4.7276803545131522E-005   5.2340906242420106E-005   5.8223110231261308E-005   6.4272228129850796E-005   7.0531311011485858E-005   1.1200637878059559E-004
   6.7989830000000007        4.2425574147742866E-005   4.7221304076649948E-005   5.2289590081214638E-005   5.8175683317006518E-005   6.4213136133118331E-005   7.0355210139714738E-005   1.1209350937128690E-004
   6.8673140000000004        4.2414370351099646E-005   4.7197810349002400E-005   5.2267976111928617E-005   5.8126407138634613E-005   6.4178224518199477E-005   7.0303074367679977E-005   1.1208288863661648E-004
   6.9363330000000003        4.2392853786596059E-005   4.7149015389961473E-005   5.2194294496317762E-005   5.8071200580594519E-005   6.4097411978873982E-005   7.0200179125433221E-005   1.1212204585739009E-004
   7.0060440000000010        4.2379896953372492E-005   4.7098229260023470E-005   5.2166841184233212E-005   5.8038734936219286E-005   6.4077314163693707E-005   7.0144250405334703E-005   1.1215717764102100E-004
   7.0764570000000004        4.2386914145487643E-005   4.7133878453603436E-005   5.2178573193998356E-005   5.8058249318227297E-005   6.4081393126156044E-005   7.0177856277531278E-005   1.1221332899828356E-004
   7.1475770000000001        4.2352964355022802E-005   4.7040062878383202E-005   5.2069639786500172E-005   5.7974145213711780E-005   6.3971718905351632E-005   7.0068254681529088E-005   1.1228949012984628E-004
   7.2194120000000011        4.2298601065696802E-005   4.6977124868633412E-005   5.2019271589740495E-005   5.7889399813213950E-005   6.3860700760869649E-005   6.9962628606211279E-005   1.1241566248608036E-004
   7.2919690000000008        4.2234550897732471E-005   4.6812375142935195E-005   5.1933462447766020E-005   5.7802521946121685E-005   6.3728278842673896E-005   6.9856234968554396E-005   1.1257965754260913E-004
   7.3652550000000012        4.2207978088078287E-005   4.6782599742224694E-005   5.1868599038862628E-005   5.7766265009869215E-005   6.3684999376704772E-005   6.9823922966501280E-005   1.1270379829908676E-004
   7.4392779999999998        4.2165329772923087E-005   4.6734053180055334E-005   5.1828200915848011E-005   5.7720104595958227E-005   6.3616047804474472E-005   6.9761044610319465E-005   1.1272064429919304E-004
   7.5140440000000002        4.2152597466688901E-005   4.6691244117912548E-005   5.1807084844116291E-005   5.7697805054161281E-005   6.3603012073368124E-005   6.9736374600559703E-005   1.1260896921327133E-004
   7.5895620000000008        4.2133872966009855E-005   4.6675805067597225E-005   5.1779945981064919E-005   5.7659603354525783E-005   6.3576567069934442E-005   6.9696274574858528E-005   1.1240905904048374E-004
   7.6658390000000001        4.2157292383151757E-005   4.6689175105933977E-005   5.1841264180922114E-005   5.7718904029698864E-005   6.3620081206829094E-005   6.9749844585539444E-005   1.1279229220754814E-004
   7.7428830000000000        4.2164494169837095E-005   4.6698682637102409E-005   5.1831951606378622E-005   5.7727748849716935E-005   6.3618368019776288E-005   6.9765136292882911E-005   1.1280372450217303E-004
   7.8207009999999997        4.2150850823416056E-005   4.6671192777131078E-005   5.1803022196595031E-005   5.7698234898606048E-005   6.3582868120348071E-005   6.9735076873494558E-005   1.1264412311393456E-004
   7.8993010000000004        4.2162482916749301E-005   4.6700895887880533E-005   5.1822212707867432E-005   5.7715241363706323E-005   6.3614114389438559E-005   6.9755671808129850E-005   1.1260975747884635E-004
   7.9786910000000013        4.2191026459703003E-005   4.6730539029484711E-005   5.1844788578459572E-005   5.7746938058693025E-005   6.3641987239853313E-005   6.9782876992796042E-005   1.1255724029980362E-004
   8.0588790000000010        4.2230171979660372E-005   4.6803035751339300E-005   5.1904516489259540E-005   5.7773873853041120E-005   6.3686652794970301E-005   6.9827912998690872E-005   1.1253472751106322E-004
   8.1398720000000022        4.2251185211545447E-005   4.6826796520746389E-005   5.1927764756868929E-005   5.7804937565533318E-005   6.3715896840801705E-005   6.9860681254893899E-005   1.1242503628682662E-004
   8.2216799999999992        4.2290152430406239E-005   4.6928300284865497E-005   5.1982970617423543E-005   5.7862497910403909E-005   6.3795924058733037E-005   6.9922579038089109E-005   1.1237773421320483E-004
   8.3043099999999992        4.2272746559759099E-005   4.6875382559791389E-005   5.1945338055984178E-005   5.7828215713766690E-005   6.3758200900548213E-005   6.9887574105594651E-005   1.1224968548128055E-004
   8.3877710000000008        4.2350135517379144E-005   4.7033332896724321E-005   5.2061764040038358E-005   5.7959439763588926E-005   6.3931849928994624E-005   7.0032649085699966E-005   1.1214657192753861E-004
   8.4720700000000004        4.2348453095999754E-005   4.7031277208910738E-005   5.2059880103259989E-005   5.7952684129503194E-005   6.3927986859230090E-005   7.0026978688618303E-005   1.1200908163538651E-004
   8.5572160000000004        4.2339976699919322E-005   4.7006344806530649E-005   5.2042006037697029E-005   5.7918807755396726E-005   6.3910310989364661E-005   6.9999953563957049E-005   1.1190953796876692E-004
   8.6432179999999992        4.2406908350570177E-005   4.7122130726217320E-005   5.2212373004673285E-005   5.8075358783079711E-005   6.4082312005027623E-005   7.0189136052337800E-005   1.1185471384806100E-004
   8.7300850000000008        4.2393516984692143E-005   4.7088835961744571E-005   5.2174734889008383E-005   5.8045777651405209E-005   6.4036364740068763E-005   7.0143316793634127E-005   1.1174733063886243E-004
   8.8178239999999999        4.2414269039817697E-005   4.7156118731946049E-005   5.2214331458320973E-005   5.8079674566836733E-005   6.4112108610428294E-005   7.0200225877969417E-005   1.1167250329659792E-004
   8.9064460000000008        4.2432399361392239E-005   4.7227732568852958E-005   5.2247239570275798E-005   5.8147844082977495E-005   6.4192230606019413E-005   7.0370924935976963E-005   1.1163812817345570E-004
   8.9959579999999999        4.2435892845881656E-005   4.7232552332689233E-005   5.2249277631449549E-005   5.8153508428452582E-005   6.4194806792269198E-005   7.0394192645409815E-005   1.1150149041344773E-004
   9.0863689999999995        4.2452167523596706E-005   4.7269197333504129E-005   5.2300529254922031E-005   5.8200898939371866E-005   6.4260069824548986E-005   7.0500218031457518E-005   1.1146064079309202E-004
   9.1776900000000001        4.2468810981847412E-005   4.7299048037462506E-005   5.2316785835364756E-005   5.8240216361307449E-005   6.4278908574288149E-005   7.0543455119688009E-005   1.1145414388003956E-004
   9.2699280000000002        4.2455210989049582E-005   4.7274596113193165E-005   5.2303314834352169E-005   5.8209519686173433E-005   6.4264419665487277E-005   7.0510404527618841E-005   1.1134951310541758E-004
   9.3630929999999992        4.2462779811739597E-005   4.7283360105641765E-005   5.2307464670333555E-005   5.8212496718649872E-005   6.4266107288371666E-005   7.0520286726106422E-005   1.1132335960871987E-004
   9.4571939999999994        4.2442463656402962E-005   4.7245532011927106E-005   5.2273136794748325E-005   5.8175313610085727E-005   6.4210342724862592E-005   7.0461263017778864E-005   1.1130366546754172E-004
   9.5522419999999997        4.2458861077051071E-005   4.7272149691206158E-005   5.2298981218507778E-005   5.8192049771381780E-005   6.4254782571391205E-005   7.0502959985491352E-005   1.1123011897468349E-004
   9.6482440000000000        4.2461291790447008E-005   4.7283196547055311E-005   5.2308162878862925E-005   5.8218595055005972E-005   6.4269536169993296E-005   7.0523767107454058E-005   1.1125055570288459E-004
   9.7452110000000012        4.2424170885405150E-005   4.7200354114461890E-005   5.2221913374823217E-005   5.8086261714730107E-005   6.4151194484350136E-005   7.0260100014445505E-005   1.1121387922966291E-004
   9.8431530000000009        4.2422720376230234E-005   4.7200534920957988E-005   5.2223063783276097E-005   5.8091000256444365E-005   6.4155015711057223E-005   7.0257094814258145E-005   1.1112246065509118E-004
   9.9420790000000014        4.2403610969207891E-005   4.7102873570720736E-005   5.2141228110201058E-005   5.8049158739287339E-005   6.4073671033232121E-005   7.0170076583484347E-005   1.1112626809747607E-004
   10.042000000000000        4.2421966857039329E-005   4.7199040930083995E-005   5.2220514980659446E-005   5.8089051458650342E-005   6.4153101908387809E-005   7.0262957346496198E-005   1.1114065089630269E-004
   10.142920000000000        4.2296096416262204E-005   4.6895879999009085E-005   5.1967478043200700E-005   5.7848181977682569E-005   6.3796255010563458E-005   6.9928310739619920E-005   1.1097448055040298E-004
   10.244860000000001        4.2356018152249776E-005   4.7041994674316856E-005   5.2046209488336369E-005   5.7961090199958691E-005   6.3934849021367047E-005   7.0053547213984386E-005   1.1104722107898109E-004
   10.347830000000000        4.2592188850857148E-005   4.7536821872732489E-005   5.2615936290690720E-005   5.8619843316705268E-005   6.4576298442438880E-005   7.1068062759227751E-005   1.1148238746970480E-004
   10.451820000000000        4.2522352362631359E-005   4.7433036627847183E-005   5.2476687169870570E-005   5.8484438195440333E-005   6.4458409120042137E-005   7.0867234168895386E-005   1.1117012094470379E-004
   10.556870000000000        4.2483919212237204E-005   4.7351142480708588E-005   5.2385313243342087E-005   5.8320285456080483E-005   6.4344438687463708E-005   7.0654380914601705E-005   1.1109525165314910E-004
   10.662970000000000        4.2509360002987479E-005   4.7391716819558288E-005   5.2429930810279401E-005   5.8383607871993464E-005   6.4395141089685463E-005   7.0734588599463512E-005   1.1119271944331588E-004
   10.770130000000002        4.2601182910533935E-005   4.7544263647299302E-005   5.2624680950739829E-005   5.8613297652348823E-005   6.4586236847442003E-005   7.1083032482480868E-005   1.1146657650395389E-004
   10.878380000000000        4.2478122136788573E-005   4.7336109137991473E-005   5.2355560454986134E-005   5.8264452410844298E-005   6.4315298315884267E-005   7.0615607252041702E-005   1.1105993878237879E-004
   10.987710000000002        4.2472296633054738E-005   4.7321239782389700E-005   5.2343357922523329E-005   5.8249487772756042E-005   6.4305165454812613E-005   7.0597758402286259E-005   1.1106714248481748E-004
   11.098140000000003        4.2365574805356475E-005   4.7054383061991395E-005   5.2080423341183882E-005   5.7992913987033088E-005   6.3967301269136136E-005   7.0083528731176530E-005   1.1092311862263517E-004
   11.209670000000001        4.2457556957149525E-005   4.7275911169814686E-005   5.2329643342100038E-005   5.8207805498979027E-005   6.4264750705931344E-005   7.0516189052570528E-005   1.1107412152009355E-004
   11.322330000000001        4.2347192960530197E-005   4.7023494532054345E-005   5.2056367674807427E-005   5.7946021319368109E-005   6.3925145702910995E-005   7.0029004221889226E-005   1.1091658031503586E-004
   11.436130000000002        4.2408995473885565E-005   4.7109129828343699E-005   5.2205628994695649E-005   5.8071458422461124E-005   6.4103614169675071E-005   7.0188099432263800E-005   1.1101016042307295E-004
   11.551060000000000        4.2426344589617376E-005   4.7213302515089493E-005   5.2257121376977558E-005   5.8116292472079179E-005   6.4180401618455844E-005   7.0314843568802666E-005   1.1104429431119201E-004
   11.667149999999999        4.2407751009879633E-005   4.7116098809377971E-005   5.2213074373571107E-005   5.8078747850851242E-005   6.4107900510897839E-005   7.0203390377788951E-005   1.1100963034257530E-004
   11.784409999999999        4.2465202631708045E-005   4.7292704185122249E-005   5.2345485644248307E-005   5.8235244489119854E-005   6.4277042254587275E-005   7.0535551896357975E-005   1.1109429117535053E-004
   11.902850000000001        4.2353746339043077E-005   4.7038959837959262E-005   5.2064158266243970E-005   5.7957522288855219E-005   6.3931866118091738E-005   7.0040948433298369E-005   1.1091956175027633E-004
   12.022470000000000        4.2474351172541913E-005   4.7308507345838655E-005   5.2360879308629707E-005   5.8248743551721904E-005   6.4292548718559252E-005   7.0564563860580566E-005   1.1108695724644543E-004
   12.143300000000000        4.2383780571020462E-005   4.7076895229370284E-005   5.2128476824002794E-005   5.8019139375947810E-005   6.4016057248026312E-005   7.0114203479344282E-005   1.1094866487227411E-004
   12.265350000000000        4.2479554675050896E-005   4.7324421070521254E-005   5.2369006491097407E-005   5.8257783884014646E-005   6.4308301055019233E-005   7.0590017090924420E-005   1.1110327736680414E-004
   12.388620000000001        4.2463029189801533E-005   4.7295045902317300E-005   5.2349528660123066E-005   5.8235156164772832E-005   6.4282880210739384E-005   7.0539058271212261E-005   1.1108086670373770E-004
   12.513130000000000        4.2427220538414576E-005   4.7212644466262868E-005   5.2254311502110000E-005   5.8108659424548644E-005   6.4171883444765388E-005   7.0292581214085538E-005   1.1101847226893030E-004
   12.638890000000000        4.2421079509876553E-005   4.7201153539395137E-005   5.2229650756574676E-005   5.8095627842224335E-005   6.4163843288397895E-005   7.0255832316714652E-005   1.1099746489400561E-004
   12.765910000000002        4.2415260256588178E-005   4.7155540452898958E-005   5.2218083506761958E-005   5.8080040485876763E-005   6.4116426728567244E-005   7.0200508354098182E-005   1.1099490034115436E-004
   12.894209999999999        4.2427621816995822E-005   4.7216359216683359E-005   5.2263050838467514E-005   5.8128898994290946E-005   6.4182933057805569E-005   7.0313049671111356E-005   1.1099436916542188E-004
   13.023800000000001        4.2430275353517811E-005   4.7220586819802886E-005   5.2266437582323238E-005   5.8126233831439351E-005   6.4183008753737866E-005   7.0318262703897102E-005   1.1100708943921522E-004
   13.154690000000000        4.2407312429094466E-005   4.7108597243375249E-005   5.2202821242702883E-005   5.8063119282331790E-005   6.4062827751133612E-005   7.0173218189553156E-005   1.1098031874755603E-004
   13.286899999999999        4.2398248460979821E-005   4.7096786079753174E-005   5.2195045068054050E-005   5.8054550711400653E-005   6.4052916946312027E-005   7.0157413546475479E-005   1.1094954193070325E-004
   13.420439999999999        4.2428244364806121E-005   4.7214550390878976E-005   5.2259855309363349E-005   5.8117322057136066E-005   6.4173378231119937E-005   7.0297945477648736E-005   1.1101516876362941E-004
   13.555320000000000        4.2390037359599422E-005   4.7087067121290823E-005   5.2148624662497146E-005   5.8031836734610039E-005   6.4025117191081693E-005   7.0129351720456937E-005   1.1096632529731814E-004
   13.691549999999999        4.2389022620572641E-005   4.7085383980051660E-005   5.2177727548253602E-005   5.8039846530045990E-005   6.4038632311210064E-005   7.0136047385304780E-005   1.1096479914286377E-004
   13.829150000000002        4.2371803500703497E-005   4.7064407497873175E-005   5.2086895354367967E-005   5.8008986931819280E-005   6.4001891319017358E-005   7.0084446657482514E-005   1.1098604555686034E-004
   13.968140000000002        4.2335399112353708E-005   4.7006569543669669E-005   5.2043889524663166E-005   5.7906652081704338E-005   6.3908327510403697E-005   6.9995990143264752E-005   1.1093672949521431E-004
   14.108520000000002        4.2394883121465537E-005   4.7095424949278378E-005   5.2199206127387694E-005   5.8059406038013861E-005   6.4054372219129712E-005   7.0158081790592963E-005   1.1098993462413652E-004
   14.250320000000002        4.2348103716617131E-005   4.7033245435710521E-005   5.2056251378231915E-005   5.7950489081521131E-005   6.3956574332388257E-005   7.0022744154083855E-005   1.1098670412138441E-004
   14.393540000000002        4.2344530649012036E-005   4.7030373478506451E-005   5.2051570903493602E-005   5.7940273914539160E-005   6.3958970840411304E-005   7.0012726480789066E-005   1.1102168127405715E-004
   14.538200000000000        4.2351575039955711E-005   4.7039713514343964E-005   5.2060425875932264E-005   5.7988001960177329E-005   6.3982191837894594E-005   7.0039952454874232E-005   1.1105952035132863E-004
   14.684310000000000        4.2339956969048752E-005   4.7026164711711880E-005   5.2046905699642762E-005   5.7942499400038889E-005   6.3952307695047556E-005   7.0008082097277325E-005   1.1109158131641820E-004
   14.831890000000000        4.2308265952701751E-005   4.6968496484777364E-005   5.2020980175124239E-005   5.7876651322400899E-005   6.3848055185641988E-005   6.9951231159908254E-005   1.1107947336304121E-004
   14.980950000000000        4.2299104882815645E-005   4.7021019010319214E-005   5.2011194124681432E-005   5.7888774323513984E-005   6.3855744112691160E-005   7.0341095892845445E-005   1.1135499848442817E-004
   15.131520000000000        4.2291021097370648E-005   4.6953356668529525E-005   5.2007643133190236E-005   5.7861443680768605E-005   6.3822261087254274E-005   6.9928518264686753E-005   1.1104457905439175E-004
   15.283590000000002        4.2298521158477356E-005   4.6940464427571075E-005   5.2012259465889268E-005   5.7863787915119188E-005   6.3828581472234213E-005   6.9932023091942184E-005   1.1105212719346902E-004
   15.437190000000001        4.2347364712053851E-005   4.7033883495941176E-005   5.2053920848279327E-005   5.7959442678368204E-005   6.3960548613778393E-005   7.0017652944057780E-005   1.1105969260117960E-004
   15.592340000000000        4.2349564119934580E-005   4.7035315816601562E-005   5.2056636328482336E-005   5.7948873652941889E-005   6.3960412059609691E-005   7.0021600242031168E-005   1.1101325629664106E-004
   15.749050000000002        4.2382279087589053E-005   4.7077344168301663E-005   5.2153733361014385E-005   5.8021528016886140E-005   6.4025034339222300E-005   7.0111190747189996E-005   1.1100199588503723E-004
   15.907330000000000        4.2441015423947732E-005   4.7248925081160301E-005   5.2288634723900627E-005   5.8176433873837492E-005   6.4200999685529400E-005   7.0464074935376109E-005   1.1104178158556571E-004
   15.993430000000000        4.2403157120933445E-005   4.7103616766698382E-005   5.2192993246065145E-005   5.8052835317509701E-005   6.4046568765598654E-005   7.0158860664871133E-005   1.1099673950251420E-004
