   948.33911547656317        1.0000000000000000E-050   1.0000000000000000E-050   1.0000000000000000E-050   1.0000000000000000E-050   1.0000000000000000E-050   1.9529482143027114E-005   4.3937097947044365E-005
   540.17668346768926        1.0000000000000000E-050   1.0000000000000000E-050   1.0000000000000000E-050   1.0000000000000000E-050   1.0329116985838006E-005   3.5409050918545482E-005   7.8440971897617847E-005
   307.68619009827569        1.0000000000000000E-050   1.0000000000000000E-050   1.0000000000000000E-050   1.0000000000000000E-050   2.0925106593307711E-005   4.5059152791535707E-005   7.8440971897617847E-005
   175.25893744514963        1.0000000000000000E-050   1.0000000000000000E-050   1.0000000000000000E-050   6.0516773031977961E-006   2.5765645411423915E-005   5.0766108425985456E-005   9.9627383652433322E-005
   99.827994050016400        1.0000000000000000E-050   1.0000000000000000E-050   1.0000000000000000E-050   1.4034330024169876E-005   2.8835252286201378E-005   5.7324410946067311E-005   9.9627383652433322E-005
   56.862312081339851        1.0000000000000000E-050   1.0000000000000000E-050   1.0000000000000000E-050   1.7051162543207148E-005   3.0381196943101099E-005   6.0194719534634444E-005   1.2479832567906363E-004
   32.388936249842999        1.0000000000000000E-050   1.0000000000000000E-050   7.4082234266063821E-006   1.8646626194886133E-005   3.1768464404804907E-005   6.2124961430769894E-005   1.2479832567906363E-004
   18.448831097401879        1.0000000000000000E-050   1.0000000000000000E-050   9.7626773275357561E-006   1.9366591580654334E-005   3.3086256330966471E-005   6.2287017061956552E-005   1.2479832567906363E-004
   10.508507171553447        1.0000000000000000E-050   1.0000000000000000E-050   1.0872373602969008E-005   2.0116302308281898E-005   3.3930703138844101E-005   6.2287017061956552E-005   1.2479832567906363E-004
   5.9856758616073966        1.0000000000000000E-050   1.0000000000000000E-050   1.1651892417136107E-005   2.0627408068467130E-005   3.4441563730452954E-005   6.3058402685391845E-005   1.2479832567906363E-004
   3.4094581595011659        1.0000000000000000E-050   6.7511688323666046E-006   1.1926234000741397E-005   2.0980222262682064E-005   3.4510180981964034E-005   6.6057489579500537E-005   1.3761848605796061E-004
   1.9420371584016021        1.0000000000000000E-050   7.5154062066484858E-006   1.2115811581595805E-005   2.1159674763070361E-005   3.4532528259849473E-005   6.6057489579500537E-005   1.3761848605796061E-004
   1.1061899422647188        3.2869956074483603E-006   7.5594588556267626E-006   1.2200504681201303E-005   2.1171202817747075E-005   3.4671973162257952E-005   6.6057489579500537E-005   1.3761848605796061E-004
  0.63008896769758649        3.2869956074483603E-006   7.5594588556267626E-006   1.2200504681201303E-005   2.1171202817747075E-005   3.4671973162257952E-005   6.6057489579500537E-005   1.3761848605796061E-004
  0.35890048539168795        3.2869956074483603E-006   7.5594588556267626E-006   1.2200504681201303E-005   2.1171202817747075E-005   3.4671973162257952E-005   6.6057489579500537E-005   1.3761848605796061E-004
  0.20443074711349610        3.2869956074483603E-006   7.5594588556267626E-006   1.2200504681201303E-005   2.1171202817747075E-005   3.4671973162257952E-005   6.6057489579500537E-005   1.3761848605796061E-004
  0.11644434060815591        3.2869956074483603E-006   7.5594588556267626E-006   1.2200504681201303E-005   2.1171202817747075E-005   3.4671973162257952E-005   6.6057489579500537E-005   1.3761848605796061E-004
   6.6327030797086461E-002   3.2869956074483603E-006   7.5594588556267626E-006   1.2200504681201303E-005   2.1171202817747075E-005   3.4671973162257952E-005   6.6057489579500537E-005   1.3761848605796061E-004
   3.7780067209634040E-002   3.2869956074483603E-006   7.5594588556267626E-006   1.2200504681201303E-005   2.1171202817747075E-005   3.4671973162257952E-005   6.6057489579500537E-005   1.3761848605796061E-004
   2.1519634773507202E-002   3.2869956074483603E-006   7.5594588556267626E-006   1.2200504681201303E-005   2.1171202817747075E-005   3.4671973162257952E-005   6.6057489579500537E-005   1.3761848605796061E-004
   1.2257645763717693E-002   3.2869956074483603E-006   7.5594588556267626E-006   1.2200504681201303E-005   2.1171202817747075E-005   3.4671973162257952E-005   6.6057489579500537E-005   1.3761848605796061E-004
   6.9819902266073323E-003   3.2869956074483603E-006   7.5594588556267626E-006   1.2200504681201303E-005   2.1171202817747075E-005   3.4671973162257952E-005   6.6057489579500537E-005   1.3761848605796061E-004
   3.9769616828652004E-003   3.2869956074483603E-006   7.5594588556267626E-006   1.2200504681201303E-005   2.1171202817747075E-005   3.4671973162257952E-005   6.6057489579500537E-005   1.3761848605796061E-004
   2.2652887949777835E-003   3.2869956074483603E-006   7.5594588556267626E-006   1.2200504681201303E-005   2.1171202817747075E-005   3.4671973162257952E-005   6.6057489579500537E-005   1.3761848605796061E-004
   1.2903150027221066E-003   3.2869956074483603E-006   7.5594588556267626E-006   1.2200504681201303E-005   2.1171202817747075E-005   3.4671973162257952E-005   6.6057489579500537E-005   1.3761848605796061E-004
   7.3496713087572096E-004   3.2869956074483603E-006   7.5594588556267626E-006   1.2200504681201303E-005   2.1171202817747075E-005   3.4671973162257952E-005   6.6057489579500537E-005   1.3761848605796061E-004
   4.1863938831069100E-004   3.2869956074483603E-006   7.5594588556267626E-006   1.2200504681201303E-005   2.1171202817747075E-005   3.4671973162257952E-005   6.6057489579500537E-005   1.3761848605796061E-004
   2.3845819776501634E-004   3.2869956074483603E-006   7.5594588556267626E-006   1.2200504681201303E-005   2.1171202817747075E-005   3.4671973162257952E-005   6.6057489579500537E-005   1.3761848605796061E-004
   1.3582647421398351E-004   3.2869956074483603E-006   7.5594588556267626E-006   1.2200504681201303E-005   2.1171202817747075E-005   3.4671973162257952E-005   6.6057489579500537E-005   1.3761848605796061E-004
   7.7367149757551540E-005   3.2869956074483603E-006   7.5594588556267626E-006   1.2200504681201303E-005   2.1171202817747075E-005   3.4671973162257952E-005   6.6057489579500537E-005   1.3761848605796061E-004
   4.4068550672805239E-005   3.2869956074483603E-006   7.5594588556267626E-006   1.2200504681201303E-005   2.1171202817747075E-005   3.4671973162257952E-005   6.6057489579500537E-005   1.3761848605796061E-004
   2.5101573012414721E-005   3.2869956074483603E-006   7.5594588556267626E-006   1.2200504681201303E-005   2.1171202817747075E-005   3.4671973162257952E-005   6.6057489579500537E-005   1.3761848605796061E-004
   1.4297928070650519E-005   3.2869956074483603E-006   7.5594588556267626E-006   1.2200504681201303E-005   2.1171202817747075E-005   3.4671973162257952E-005   6.6057489579500537E-005   1.3761848605796061E-004
   8.1441408876005043E-006   3.2869956074483603E-006   7.5594588556267626E-006   1.2200504681201303E-005   2.1171202817747075E-005   3.4671973162257952E-005   6.6057489579500537E-005   1.3761848605796061E-004
   4.6389260366497884E-006   3.2869956074483603E-006   7.5594588556267626E-006   1.2200504681201303E-005   2.1171202817747075E-005   3.4671973162257952E-005   6.6057489579500537E-005   1.3761848605796061E-004
   2.6423455918193887E-006   3.2869956074483603E-006   7.5594588556267626E-006   1.2200504681201303E-005   2.1171202817747075E-005   3.4671973162257952E-005   6.6057489579500537E-005   1.3761848605796061E-004
   1.5050876369759321E-006   3.2869956074483603E-006   7.5594588556267626E-006   1.2200504681201303E-005   2.1171202817747075E-005   3.4671973162257952E-005   6.6057489579500537E-005   1.3761848605796061E-004
   8.5730224009722700E-007   3.2869956074483603E-006   7.5594588556267626E-006   1.2200504681201303E-005   2.1171202817747075E-005   3.4671973162257952E-005   6.6057489579500537E-005   1.3761848605796061E-004
   4.8832181782613124E-007   3.2869956074483603E-006   7.5594588556267626E-006   1.2200504681201303E-005   2.1171202817747075E-005   3.4671973162257952E-005   6.6057489579500537E-005   1.3761848605796061E-004
   2.7814950972013524E-007   3.2869956074483603E-006   7.5594588556267626E-006   1.2200504681201303E-005   2.1171202817747075E-005   3.4671973162257952E-005   6.6057489579500537E-005   1.3761848605796061E-004
   1.5843475948293271E-007   3.2869956074483603E-006   7.5594588556267626E-006   1.2200504681201303E-005   2.1171202817747075E-005   3.4671973162257952E-005   6.6057489579500537E-005   1.3761848605796061E-004
   9.0244893969689559E-008   3.2869956074483603E-006   7.5594588556267626E-006   1.2200504681201303E-005   2.1171202817747075E-005   3.4671973162257952E-005   6.6057489579500537E-005   1.3761848605796061E-004
   5.1403750756334897E-008   3.2869956074483603E-006   7.5594588556267626E-006   1.2200504681201303E-005   2.1171202817747075E-005   3.4671973162257952E-005   6.6057489579500537E-005   1.3761848605796061E-004
   2.9279724044075802E-008   3.2869956074483603E-006   7.5594588556267626E-006   1.2200504681201303E-005   2.1171202817747075E-005   3.4671973162257952E-005   6.6057489579500537E-005   1.3761848605796061E-004
   1.6677814896446609E-008   3.2869956074483603E-006   7.5594588556267626E-006   1.2200504681201303E-005   2.1171202817747075E-005   3.4671973162257952E-005   6.6057489579500537E-005   1.3761848605796061E-004
   9.4997312577614491E-009   3.2869956074483603E-006   7.5594588556267626E-006   1.2200504681201303E-005   2.1171202817747075E-005   3.4671973162257952E-005   6.6057489579500537E-005   1.3761848605796061E-004
   5.4110742042662478E-009   3.2869956074483603E-006   7.5594588556267626E-006   1.2200504681201303E-005   2.1171202817747075E-005   3.4671973162257952E-005   6.6057489579500537E-005   1.3761848605796061E-004
   3.0821634054283023E-009   3.2869956074483603E-006   7.5594588556267626E-006   1.2200504681201303E-005   2.1171202817747075E-005   3.4671973162257952E-005   6.6057489579500537E-005   1.3761848605796061E-004
   1.7556091266077246E-009   3.2869956074483603E-006   7.5594588556267626E-006   1.2200504681201303E-005   2.1171202817747075E-005   3.4671973162257952E-005   6.6057489579500537E-005   1.3761848605796061E-004
   1.0000000000000007E-009   3.2869956074483603E-006   7.5594588556267626E-006   1.2200504681201303E-005   2.1171202817747075E-005   3.4671973162257952E-005   6.6057489579500537E-005   1.3761848605796061E-004
