   948.33911547656317        1.0000000000000000E-050   1.0000000000000000E-050   1.0000000000000000E-050   1.0000000000000000E-050   1.0000000000000000E-050  0.77689421560241945       0.88945634177186783     
   540.17668346768926        1.0000000000000000E-050   1.0000000000000000E-050   1.0000000000000000E-050   1.0000000000000000E-050  0.70108120201262303       0.86659607972056896       0.90875914062230689     
   307.68619009827569        1.0000000000000000E-050   1.0000000000000000E-050   1.0000000000000000E-050   1.0000000000000000E-050  0.79560556980255526       0.88221497974662211       0.90875914062230689     
   175.25893744514963        1.0000000000000000E-050   1.0000000000000000E-050   1.0000000000000000E-050  0.62697341671919937       0.82326012230074197       0.88610444502382646       0.91035096352879064     
   99.827994050016400        1.0000000000000000E-050   1.0000000000000000E-050   1.0000000000000000E-050  0.74904144446281307       0.83730803874671922       0.89152453041679702       0.91924959017985663     
   56.862312081339851        1.0000000000000000E-050   1.0000000000000000E-050   1.0000000000000000E-050  0.77316277281431245       0.84281092454155626       0.89501646835672222       0.91924959017985663     
   32.388936249842999        1.0000000000000000E-050   1.0000000000000000E-050  0.65394036192816574       0.78255544217362605       0.84634322098529768       0.89511392471561735       0.92135200530688510     
   18.448831097401879        1.0000000000000000E-050   1.0000000000000000E-050  0.70682552653078556       0.78621291047168751       0.84909953473817601       0.89511392471561735       0.92135200530688510     
   10.508507171553447        1.0000000000000000E-050   1.0000000000000000E-050  0.71926765008858962       0.78876228792559799       0.85044447045523641       0.89511392471561735       0.92135200530688510     
   5.9856758616073966        1.0000000000000000E-050   1.0000000000000000E-050  0.72345228477489576       0.79076983176334947       0.85056388193089938       0.89511392471561735       0.92135200530688510     
   3.4094581595011659        1.0000000000000000E-050  0.62697341671919937       0.72668139766461659       0.79151812029731172       0.85068230810484835       0.89549843305278531       0.93091558535293617     
   1.9420371584016021        1.0000000000000000E-050  0.64547392032087147       0.72981992759418868       0.79158882593459279       0.85068230810484835       0.89549843305278531       0.93091558535293617     
   1.1061899422647188       0.50628523534090031       0.64959535923478329       0.73025396910275531       0.79185239359334769       0.85075449422302041       0.89549843305278531       0.93091558535293617     
  0.63008896769758649       0.50628523534090031       0.64959535923478329       0.73025396910275531       0.79185239359334769       0.85075449422302041       0.89549843305278531       0.93091558535293617     
  0.35890048539168795       0.50628523534090031       0.64959535923478329       0.73025396910275531       0.79185239359334769       0.85075449422302041       0.89549843305278531       0.93091558535293617     
  0.20443074711349610       0.50628523534090031       0.64959535923478329       0.73025396910275531       0.79185239359334769       0.85075449422302041       0.89549843305278531       0.93091558535293617     
  0.11644434060815591       0.50628523534090031       0.64959535923478329       0.73025396910275531       0.79185239359334769       0.85075449422302041       0.89549843305278531       0.93091558535293617     
   6.6327030797086461E-002  0.50628523534090031       0.64959535923478329       0.73025396910275531       0.79185239359334769       0.85075449422302041       0.89549843305278531       0.93091558535293617     
   3.7780067209634040E-002  0.50628523534090031       0.64959535923478329       0.73025396910275531       0.79185239359334769       0.85075449422302041       0.89549843305278531       0.93091558535293617     
   2.1519634773507202E-002  0.50628523534090031       0.64959535923478329       0.73025396910275531       0.79185239359334769       0.85075449422302041       0.89549843305278531       0.93091558535293617     
   1.2257645763717693E-002  0.50628523534090031       0.64959535923478329       0.73025396910275531       0.79185239359334769       0.85075449422302041       0.89549843305278531       0.93091558535293617     
   6.9819902266073323E-003  0.50628523534090031       0.64959535923478329       0.73025396910275531       0.79185239359334769       0.85075449422302041       0.89549843305278531       0.93091558535293617     
   3.9769616828652004E-003  0.50628523534090031       0.64959535923478329       0.73025396910275531       0.79185239359334769       0.85075449422302041       0.89549843305278531       0.93091558535293617     
   2.2652887949777835E-003  0.50628523534090031       0.64959535923478329       0.73025396910275531       0.79185239359334769       0.85075449422302041       0.89549843305278531       0.93091558535293617     
   1.2903150027221066E-003  0.50628523534090031       0.64959535923478329       0.73025396910275531       0.79185239359334769       0.85075449422302041       0.89549843305278531       0.93091558535293617     
   7.3496713087572096E-004  0.50628523534090031       0.64959535923478329       0.73025396910275531       0.79185239359334769       0.85075449422302041       0.89549843305278531       0.93091558535293617     
   4.1863938831069100E-004  0.50628523534090031       0.64959535923478329       0.73025396910275531       0.79185239359334769       0.85075449422302041       0.89549843305278531       0.93091558535293617     
   2.3845819776501634E-004  0.50628523534090031       0.64959535923478329       0.73025396910275531       0.79185239359334769       0.85075449422302041       0.89549843305278531       0.93091558535293617     
   1.3582647421398351E-004  0.50628523534090031       0.64959535923478329       0.73025396910275531       0.79185239359334769       0.85075449422302041       0.89549843305278531       0.93091558535293617     
   7.7367149757551540E-005  0.50628523534090031       0.64959535923478329       0.73025396910275531       0.79185239359334769       0.85075449422302041       0.89549843305278531       0.93091558535293617     
   4.4068550672805239E-005  0.50628523534090031       0.64959535923478329       0.73025396910275531       0.79185239359334769       0.85075449422302041       0.89549843305278531       0.93091558535293617     
   2.5101573012414721E-005  0.50628523534090031       0.64959535923478329       0.73025396910275531       0.79185239359334769       0.85075449422302041       0.89549843305278531       0.93091558535293617     
   1.4297928070650519E-005  0.50628523534090031       0.64959535923478329       0.73025396910275531       0.79185239359334769       0.85075449422302041       0.89549843305278531       0.93091558535293617     
   8.1441408876005043E-006  0.50628523534090031       0.64959535923478329       0.73025396910275531       0.79185239359334769       0.85075449422302041       0.89549843305278531       0.93091558535293617     
   4.6389260366497884E-006  0.50628523534090031       0.64959535923478329       0.73025396910275531       0.79185239359334769       0.85075449422302041       0.89549843305278531       0.93091558535293617     
   2.6423455918193887E-006  0.50628523534090031       0.64959535923478329       0.73025396910275531       0.79185239359334769       0.85075449422302041       0.89549843305278531       0.93091558535293617     
   1.5050876369759321E-006  0.50628523534090031       0.64959535923478329       0.73025396910275531       0.79185239359334769       0.85075449422302041       0.89549843305278531       0.93091558535293617     
   8.5730224009722700E-007  0.50628523534090031       0.64959535923478329       0.73025396910275531       0.79185239359334769       0.85075449422302041       0.89549843305278531       0.93091558535293617     
   4.8832181782613124E-007  0.50628523534090031       0.64959535923478329       0.73025396910275531       0.79185239359334769       0.85075449422302041       0.89549843305278531       0.93091558535293617     
   2.7814950972013524E-007  0.50628523534090031       0.64959535923478329       0.73025396910275531       0.79185239359334769       0.85075449422302041       0.89549843305278531       0.93091558535293617     
   1.5843475948293271E-007  0.50628523534090031       0.64959535923478329       0.73025396910275531       0.79185239359334769       0.85075449422302041       0.89549843305278531       0.93091558535293617     
   9.0244893969689559E-008  0.50628523534090031       0.64959535923478329       0.73025396910275531       0.79185239359334769       0.85075449422302041       0.89549843305278531       0.93091558535293617     
   5.1403750756334897E-008  0.50628523534090031       0.64959535923478329       0.73025396910275531       0.79185239359334769       0.85075449422302041       0.89549843305278531       0.93091558535293617     
   2.9279724044075802E-008  0.50628523534090031       0.64959535923478329       0.73025396910275531       0.79185239359334769       0.85075449422302041       0.89549843305278531       0.93091558535293617     
   1.6677814896446609E-008  0.50628523534090031       0.64959535923478329       0.73025396910275531       0.79185239359334769       0.85075449422302041       0.89549843305278531       0.93091558535293617     
   9.4997312577614491E-009  0.50628523534090031       0.64959535923478329       0.73025396910275531       0.79185239359334769       0.85075449422302041       0.89549843305278531       0.93091558535293617     
   5.4110742042662478E-009  0.50628523534090031       0.64959535923478329       0.73025396910275531       0.79185239359334769       0.85075449422302041       0.89549843305278531       0.93091558535293617     
   3.0821634054283023E-009  0.50628523534090031       0.64959535923478329       0.73025396910275531       0.79185239359334769       0.85075449422302041       0.89549843305278531       0.93091558535293617     
   1.7556091266077246E-009  0.50628523534090031       0.64959535923478329       0.73025396910275531       0.79185239359334769       0.85075449422302041       0.89549843305278531       0.93091558535293617     
   1.0000000000000007E-009  0.50628523534090031       0.64959535923478329       0.73025396910275531       0.79185239359334769       0.85075449422302041       0.89549843305278531       0.93091558535293617     
