   948.33911547656317       -0.0000000000000000       -0.0000000000000000       -0.0000000000000000       -0.0000000000000000        8.9263235292967591E-003  0.16447993112448867       0.27095872996807668     
   540.17668346768926       -0.0000000000000000       -0.0000000000000000       -0.0000000000000000       -0.0000000000000000        5.9062813271214397E-002  0.17618860488740995       0.26847939000357240     
   307.68619009827569       -0.0000000000000000       -0.0000000000000000       -0.0000000000000000        1.4506260040194382E-003  0.11727425431412859       0.19841794476048963       0.26985668172126853     
   175.25893744514963       -0.0000000000000000       -0.0000000000000000       -0.0000000000000000        4.5680228896768447E-002  0.14676527321152072       0.20723054958509707       0.26464099029505611     
   99.827994050016400       -0.0000000000000000       -0.0000000000000000       -0.0000000000000000        8.0977926834355216E-002  0.16065744898897333       0.21713082281699481       0.26107769065959519     
   56.862312081339851       -0.0000000000000000       -0.0000000000000000        1.2141569595968018E-002  0.10527843395440716       0.16661614636639666       0.21469662471271719       0.25481918065298764     
   32.388936249842999       -0.0000000000000000       -0.0000000000000000        5.9641373049210827E-002  0.11693467184710650       0.17149993344592113       0.21515398687400117       0.24803326871377721     
   18.448831097401879       -0.0000000000000000       -0.0000000000000000        7.5384052122862311E-002  0.12448476194078124       0.17066994649146697       0.21194294685660264       0.24213444112614393     
   10.508507171553447       -0.0000000000000000       -0.0000000000000000        8.7696292369269388E-002  0.12842443956787833       0.16886923589222932       0.20535385129684483       0.23413249686820839     
   5.9856758616073966       -0.0000000000000000        5.5631762779158031E-002   9.5969229883960908E-002  0.13019434472834704       0.16683886705193643       0.20022174874322213       0.22537044604801446     
   3.4094581595011659       -0.0000000000000000        8.5377263873033071E-002  0.10279919302134705       0.13192580588521458       0.16366526907116619       0.19297691334449560       0.21692954624569416     
   1.9420371584016021        4.2719590878270174E-002   9.4819761254409177E-002  0.10858317482085897       0.13284840418032962       0.16009182355988669       0.18652037250391804       0.20619148309412139     
   1.1061899422647188        9.3094180999333281E-002  0.10065497194655285       0.11292396604233279       0.13318320560677407       0.15638454325720269       0.17929507175329809       0.19643495776304382     
  0.63008896769758649        9.7816979578781174E-002  0.10507810081548358       0.11664694175577607       0.13330019427086962       0.15187049875741182       0.17116865941971116       0.18576231620099221     
  0.35890048539168795       0.10204560061509264       0.10881312568574342       0.11968395377517006       0.13302555497581481       0.14788813625082883       0.16361097494116184       0.18220006291186261     
  0.20443074711349610       0.10566579334147966       0.11241045126225827       0.12221178304440855       0.13287411059880425       0.14431884266585082       0.15678351801073620       0.17242680216305242     
  0.11644434060815591       0.10880884618747066       0.11544528880883602       0.12385130108480595       0.13226712920178887       0.14125471187877775       0.15167757009759736       0.17494843815887509     
   6.6327030797086461E-002  0.11059953167885356       0.11620597784502100       0.12363404248989014       0.13108366200084268       0.13951263845082082       0.15034268726963246       0.18137878854019771     
   3.7780067209634040E-002   9.9292081420996589E-002  0.11190165061141508       0.12173532734869165       0.12984646222714272       0.13950694844252126       0.15446057331929211       0.19883605765407319     
   2.1519634773507202E-002   8.4230179678816811E-002   9.9389687436504656E-002  0.11706195147965796       0.12905505749028826       0.14110981582076501       0.15897628330388694       0.22159765483801219     
   1.2257645763717693E-002   7.1898729543822801E-002   8.8320894725100949E-002  0.10961449853736083       0.12850784833971504       0.14332581837915187       0.16908097011154338       0.27822308665417866     
   6.9819902266073323E-003   6.1625764800302164E-002   7.8158593241417731E-002  0.10134073633798302       0.12805405993680169       0.14601208231054078       0.18198031679196575       0.31485961479550334     
   3.9769616828652004E-003   5.1225301181540894E-002   6.5895148514178381E-002   9.1973330491446931E-002  0.12772568412984445       0.14970631679605259       0.20051638924065510       0.34365930218970642     
   2.2652887949777835E-003   4.3854163579008197E-002   5.6117135958700347E-002   8.3904196007738852E-002  0.12657655928292535       0.15585487747948024       0.21680400883550172       0.37855479390435948     
   1.2903150027221066E-003   3.5329585058722197E-002   4.8873848273121884E-002   7.9050831538490560E-002  0.12527819851554245       0.16280419908407015       0.24358987296455242       0.40408247443972456     
   7.3496713087572096E-004   2.9365564200891366E-002   4.2504585806851534E-002   7.3911260253458400E-002  0.12554597761170730       0.17398940101260754       0.25881759362126777       0.47865167488188920     
   4.1863938831069100E-004   2.3984930610906750E-002   3.8588899859383213E-002   7.0560801454442906E-002  0.12582692016718688       0.18881156047120401       0.27599531006805916       0.48179277980041102     
   2.3845819776501634E-004   2.0759119363294581E-002   3.5480275742381100E-002   6.8688636864233224E-002  0.12535382433398526       0.20560373853749256       0.29835932375836627       0.46568672491838126     
   1.3582647421398351E-004   9.3409261534525573E-003   3.2553514764445159E-002   6.7656682837267335E-002  0.12728107229348359       0.21631094225058917       0.31682710098326827       0.48577164030946612     
   7.7367149757551540E-005 -0.10170617698176482        3.3460886178438121E-002   6.9626287794978925E-002  0.13024882174753397       0.22838190588785817       0.35070706007572616       0.72554760964995557     
   4.4068550672805239E-005 -0.19791101881449977        3.3303558907526988E-002   7.2502531981900639E-002  0.13193165340288410       0.23504506629016125       0.37399154158762893       0.96191955761329828     
   2.5101573012414721E-005 -0.33378962561741382        3.2715272568498814E-002   7.4330802701774848E-002  0.13608688234621111       0.24211409389813623       0.43009704779392988        1.2250666693387973     
   1.4297928070650519E-005  -1.3950138994907113        2.7864648973979434E-002   7.2914085045611601E-002  0.14035594635687010       0.25096263242593225       0.56597560941074965        1.4809466029996736     
   8.1441408876005043E-006  -1.2073137341567655       -5.1214676382762954E-002   6.9030025593799754E-002  0.14618498244088032       0.26828359469071478       0.72481897283988017        2.0703455074450043     
   4.6389260366497884E-006  -1.3653316367941475      -0.20583697587170299        6.5702825981196519E-002  0.14968010905532533       0.29228057706182869       0.91198650285477112        2.1409488015494373     
   2.6423455918193887E-006  -1.7864401477541572      -0.38837766084874564        5.4575164080325443E-002  0.15100809367953577       0.34042718964540458        1.0368687911765333        2.1633308489867153     
   1.5050876369759321E-006  -1.4530753685615097      -0.70246310343224316        2.5995788104733294E-002  0.14960249392807357       0.42630688157320790        1.3055034669767303        2.0080138446872735     
   8.5730224009722700E-007  -1.4120507784788663      -0.84405589571431749       -4.1303799005164780E-002  0.14753614311114768       0.48143884209749943        1.4230464669664618        2.3262803965650747     
   4.8832181782613124E-007  -2.0901844171959354       -1.0902662207115994      -0.16077755000618810       0.13976784337745604       0.53502673270516443        1.4120163639027585        2.1145898537711911     
   2.7814950972013524E-007  -2.1072386914651284       -1.2309006605194530      -0.27506434992298889       0.11584581435228476       0.56188289320635987        1.4521171762295608        2.2975029464703884     
   1.5843475948293271E-007  -2.4094567833237019       -1.3726360065280616      -0.40621258032398538        8.2666525064909263E-002  0.58033525012911091        1.4578518149211057        2.1226948510057633     
   9.0244893969689559E-008  -3.3478717185962092       -1.4445099686793541      -0.51140693087678279        5.0436050876997499E-002  0.53959538760330816        1.3310565868364193        2.2490603944628922     
   5.1403750756334897E-008  -2.9538792114397801       -1.5192077833304811      -0.59041386744256474        5.5434183276962647E-003  0.51614591682905797        1.4305745136578647        2.5789660822765383     
   2.9279724044075802E-008  -2.8197856186696564       -1.6584621946968470      -0.68662064839839465       -2.2303686761020063E-002  0.46959764262260811        1.3572598864856491        3.4581447194980357     
   1.6677814896446609E-008  -3.0041393535185685       -1.7219391366637233      -0.73713744889128818       -6.5947825825055262E-002  0.39943278149006756        1.3122224769839350        2.1650808854837216     
   9.4997312577614491E-009  -3.4618427287634064       -1.7908547746190586      -0.78405167461130709      -0.12948495993220219       0.39623164828741414        1.3948227075496198        2.4763360718583849     
   5.4110742042662478E-009  -3.3381674352507602       -2.0911912407436506      -0.87136015858278915      -0.12147933181784651       0.47625004191941339        1.2294864950157300        2.8982355084124238     
   3.0821634054283023E-009  -3.3927911955741559       -2.2013302318754171       -1.0522028069330878      -0.11513628840217428       0.69270500872531415        1.5231038219942039        2.2290715930194231     
   1.7556091266077246E-009  -4.6213728362449977       -3.1346748515106118       -1.6199996919377810       -3.6285659267665714E-002   1.4076674822773543        3.0115301601538285        4.1390830064550421     
   1.0000000000000007E-009  -9.2160619459562199       -4.7052036639208765       -1.9773943546990260       -1.7814392691601868E-002   1.9788238280265302        5.2178144557332153        8.4446469469743093     
