#  lambda [mu]          flux [Jy]
      6.030151     5.6180521E-010     0.0000000E+000
      6.090755     6.7397341E-010     0.0000000E+000
      6.151969     8.2953039E-010     0.0000000E+000
      6.213798     2.9177594E-009     0.0000000E+000
      6.276248     5.2544309E-009     0.0000000E+000
      6.339326     2.8997867E-009     0.0000000E+000
      6.403038     9.9556406E-010     0.0000000E+000
      6.467390     1.0860477E-009     0.0000000E+000
      6.532389     9.5704522E-010     0.0000000E+000
      6.598041     1.0414302E-009     0.0000000E+000
      6.664353     1.4989730E-009     0.0000000E+000
      6.731331     3.2962435E-009     0.0000000E+000
      6.798983     3.1883434E-009     0.0000000E+000
      6.867314     3.3001528E-009     0.0000000E+000
      6.936333     6.3296409E-009     0.0000000E+000
      7.006044     4.7102201E-009     0.0000000E+000
      7.076457     8.4070855E-009     0.0000000E+000
      7.147577     8.1509861E-009     0.0000000E+000
      7.219412     1.1675017E-008     0.0000000E+000
      7.291969     1.1959411E-008     0.0000000E+000
      7.365255     2.0830421E-008     0.0000000E+000
      7.439278     2.6077516E-008     0.0000000E+000
      7.514044     3.8776599E-008     0.0000000E+000
      7.589562     3.1489536E-008     0.0000000E+000
      7.665839     5.6348262E-008     0.0000000E+000
      7.742883     5.9834920E-008     0.0000000E+000
      7.820701     7.0981276E-008     0.0000000E+000
      7.899301     5.0897263E-008     0.0000000E+000
      7.978691     1.1895492E-007     0.0000000E+000
      8.058879     1.5435576E-007     0.0000000E+000
      8.139872     2.1458974E-007     0.0000000E+000
      8.221680     1.6453162E-007     0.0000000E+000
      8.304310     2.7870192E-007     0.0000000E+000
      8.387771     2.6476216E-007     0.0000000E+000
      8.472070     2.4632999E-007     0.0000000E+000
      8.557216     3.0770163E-007     0.0000000E+000
      8.643218     4.7402805E-007     0.0000000E+000
      8.730085     4.1806355E-007     0.0000000E+000
      8.817824     4.1700681E-007     0.0000000E+000
      8.906446     4.8926081E-007     0.0000000E+000
      8.995958     3.6983762E-007     0.0000000E+000
      9.086369     2.2190413E-007     0.0000000E+000
      9.177690     1.1672625E-007     0.0000000E+000
      9.269928     9.5850922E-008     0.0000000E+000
      9.363093     1.3135953E-007     0.0000000E+000
      9.457194     1.2897350E-007     0.0000000E+000
      9.552242     1.3669260E-007     0.0000000E+000
      9.648244     1.7508493E-007     0.0000000E+000
      9.745211     2.4311511E-007     0.0000000E+000
      9.843153     3.2735506E-007     0.0000000E+000
      9.942079     4.4878022E-007     0.0000000E+000
     10.042000     3.5965180E-007     0.0000000E+000
     10.142920     2.2136305E-007     0.0000000E+000
     10.244860     1.7036507E-007     0.0000000E+000
     10.347830     2.0125783E-007     0.0000000E+000
     10.451820     2.2864372E-007     0.0000000E+000
     10.556870     1.8352171E-007     0.0000000E+000
     10.662970     2.1403944E-007     0.0000000E+000
     10.770130     2.5563191E-007     0.0000000E+000
     10.878380     2.8946466E-007     0.0000000E+000
     10.987710     2.9721303E-007     0.0000000E+000
     11.098140     4.0033693E-007     0.0000000E+000
     11.209670     4.1407421E-007     0.0000000E+000
     11.322330     4.3057224E-007     0.0000000E+000
     11.436130     4.8504206E-007     0.0000000E+000
     11.551060     4.2433627E-007     0.0000000E+000
     11.667150     4.1095911E-007     0.0000000E+000
     11.784410     4.2232788E-007     0.0000000E+000
     11.902850     3.9311058E-007     0.0000000E+000
     12.022470     3.4852930E-007     0.0000000E+000
     12.143300     3.7688055E-007     0.0000000E+000
     12.265350     2.9761820E-007     0.0000000E+000
     12.388620     2.6636666E-007     0.0000000E+000
     12.513130     2.3120373E-007     0.0000000E+000
     12.638890     1.9003281E-007     0.0000000E+000
     12.765910     2.2235204E-007     0.0000000E+000
     12.894210     1.9303097E-007     0.0000000E+000
     13.023800     1.6129051E-007     0.0000000E+000
     13.154690     1.5022363E-007     0.0000000E+000
     13.286900     1.1256415E-007     0.0000000E+000
     13.420440     9.9324173E-008     0.0000000E+000
     13.555320     7.9854251E-008     0.0000000E+000
     13.691550     8.1620810E-008     0.0000000E+000
     13.829150     7.4948682E-008     0.0000000E+000
     13.968140     7.4612878E-008     0.0000000E+000
     14.108520     6.1691139E-008     0.0000000E+000
     14.250320     4.9035926E-008     0.0000000E+000
     14.393540     4.1393827E-008     0.0000000E+000
     14.538200     3.6181029E-008     0.0000000E+000
     14.684310     3.3530676E-008     0.0000000E+000
     14.831890     3.3751420E-008     0.0000000E+000
     14.980950     2.8445893E-008     0.0000000E+000
     15.131520     3.7674058E-008     0.0000000E+000
     15.283590     3.9775768E-008     0.0000000E+000
     15.437190     4.4242858E-008     0.0000000E+000
     15.592340     5.4331668E-008     0.0000000E+000
     15.749050     6.9259282E-008     0.0000000E+000
     15.907330     8.7110266E-008     0.0000000E+000
     15.993430     9.5713214E-008     0.0000000E+000
