   6.0301510000000009        8.5962451376199665E-010   1.3285374795410610E-009   1.4618453099047209E-009
   6.0907549999999997        1.0455334530908105E-009   1.3389210648334530E-009   1.6711088788024296E-009
   6.1519690000000002        1.3156037888817141E-009   9.3305093479477600E-010   1.8297875069755177E-009
   6.2137979999999997        4.7437522019357256E-009   1.6401311755425932E-009   5.6387465741329079E-009
   6.2762479999999998        8.6213692077245733E-009   2.7540782525854907E-009   9.9376695070640231E-009
   6.3393259999999998        4.7652598693171125E-009   1.7400471210637588E-009   5.7275669767012861E-009
   6.4030379999999996        1.4415060643709315E-009   1.2664328682369163E-009   2.1505307655075870E-009
   6.4673900000000000        1.5368723928257594E-009   1.6784591922788897E-009   2.3955869426293131E-009
   6.5323890000000011        1.2792799701330111E-009   1.9749013841883354E-009   2.2169630845708857E-009
   6.5980410000000012        1.3706221253492218E-009   2.7358000775808796E-009   2.5772798225873892E-009
   6.6643530000000002        2.1167356032333023E-009   2.1208045603090818E-009   3.1904642377305854E-009
   6.7313310000000008        4.9693612965711452E-009   1.8397284009504437E-009   6.1184894499470202E-009
   6.7989830000000007        4.7758128190231051E-009   1.8957227122265804E-009   5.9469069117869684E-009
   6.8673140000000004        4.8571258018832914E-009   1.9379864759889854E-009   6.0963118630880940E-009
   6.9363330000000003        9.3950606140165525E-009   2.7251364021002828E-009   1.1079430337791117E-008
   7.0060440000000010        6.8447707691639252E-009   2.2227511286674181E-009   8.2845594729392590E-009
   7.0764570000000004        1.1915107989713525E-008   2.9258333952559809E-009   1.3760381679232729E-008
   7.1475770000000001        1.1550988888065690E-008   2.8609633078776105E-009   1.3267872914992817E-008
   7.2194120000000011        1.6030686583221252E-008   3.3463144540073033E-009   1.7972841487178752E-008
   7.2919690000000008        1.6379307326716522E-008   3.4791504389420817E-009   1.8490796396896850E-008
   7.3652550000000012        2.7500926423479358E-008   4.5343515835968478E-009   3.0307672325703316E-008
   7.4392779999999998        3.2878120045543072E-008   3.9755665286445502E-009   3.5661189197972770E-008
   7.5140440000000002        4.6874851471812145E-008   3.9797387148839812E-009   4.9137381027513672E-008
   7.5895620000000008        3.9446251320147271E-008   5.2170645915136733E-009   4.2780985157829002E-008
   7.6658390000000001        5.8566088613944851E-008   1.8044146244606842E-009   5.9298104138538008E-008
   7.7428830000000000        6.0728549240119156E-008   1.9991707663676598E-009   6.1715251862682084E-008
   7.8207009999999997        7.2091316083221240E-008   2.3925095656148959E-009   7.2307313652669376E-008
   7.8993010000000004        5.7472417780436938E-008   4.2712032287350262E-009   6.0208734486934632E-008
   7.9786910000000013        1.1910070178141404E-007   5.8036096254264090E-010   1.1912868648763817E-007
   8.0588790000000010        1.4427690458655685E-007   2.8396736111180274E-009   1.4534543001205350E-007
   8.1398720000000022        2.0106323190801820E-007   9.2618196610567711E-009   2.0055536087028063E-007
   8.2216799999999992        1.7809074937885030E-007   6.3324944463444131E-009   1.8032488569275140E-007
   8.3043099999999992        2.7845135061369335E-007   8.5874387095583336E-009   2.7696611784552271E-007
   8.3877710000000008        2.7045686043456347E-007   7.3872269459338942E-009   2.7639523361926968E-007
   8.4720700000000004        2.5737481704925188E-007   1.0318892066800089E-008   2.6688647050756198E-007
   8.5572160000000004        3.1031221903163004E-007   9.4957483105492745E-009   3.1658826878088843E-007
   8.6432179999999992        4.5271157696559510E-007   1.4330127865701438E-008   4.5277013386105553E-007
   8.7300850000000008        4.0935871140188848E-007   9.8238689561301491E-009   4.1683751707021031E-007
   8.8178239999999999        4.0942106069456331E-007   1.1247333922174143E-008   4.1513308345935682E-007
   8.9064460000000008        4.7196414943752451E-007   1.4438553609051021E-008   4.7402250239702793E-007
   8.9959579999999999        3.6025760044074772E-007   8.2845341585127628E-009   3.7052099896912849E-007
   9.0863689999999995        2.1529869556154471E-007   4.1655193031771698E-009   2.2084108880681060E-007
   9.1776900000000001        1.1698152129168442E-007   1.5412785909581107E-009   1.1834000478683099E-007
   9.2699280000000002        9.7480145950413616E-008   2.1188253232090208E-009   9.8882151820459476E-008
   9.3630929999999992        1.3153379650702587E-007   1.7470450084039415E-009   1.3296971154336702E-007
   9.4571939999999994        1.2883610298885986E-007   1.8206557244752973E-009   1.3030434987841186E-007
   9.5522419999999997        1.3621497176800285E-007   1.9758753671460146E-009   1.3825976672301406E-007
   9.6482440000000000        1.7181069985183464E-007   1.6943795251111023E-009   1.7382904450900715E-007
   9.7452110000000012        2.3375861966652296E-007   3.6592325392952447E-009   2.3713279155135904E-007
   9.8431530000000009        3.1604861321774843E-007   7.0883783111181033E-009   3.2358137175016360E-007
   9.9420790000000014        4.1865541595552438E-007   1.4340118411606066E-008   4.2602208512010498E-007
   10.042000000000000        3.4151071252851402E-007   1.0537823797051884E-008   3.4735041487221663E-007
   10.142920000000000        2.1697477063249357E-007   3.2100677153381379E-009   2.1858352722980443E-007
   10.244860000000001        1.6903949212305088E-007   2.4760062521575886E-009   1.7175576174893735E-007
   10.347830000000000        2.1119126933327776E-007   8.1379463075413337E-009   2.1178186834688131E-007
   10.451820000000000        2.2319826374743141E-007   2.6491668503532885E-009   2.2725647323068487E-007
   10.556870000000000        1.8097728599690981E-007   2.6372675612545152E-009   1.8441120986765948E-007
   10.662970000000000        2.0809370986599430E-007   3.0781248463182476E-009   2.1283956565146172E-007
   10.770130000000002        2.6618193327687134E-007   1.1217040546171625E-008   2.6616576897164553E-007
   10.878380000000000        2.7772093752878418E-007   5.6174317354993794E-009   2.8441830505398373E-007
   10.987710000000002        2.9005784078257373E-007   6.8558501977102976E-009   2.9943932917318779E-007
   11.098140000000003        3.7234377570091658E-007   1.3042101688835950E-008   3.8355568438721787E-007
   11.209670000000001        3.9632398905172953E-007   1.3934241639623550E-008   4.0929931962529805E-007
   11.322330000000001        4.0867418897554427E-007   1.5115544935047874E-008   4.2640597267814407E-007
   11.436130000000002        4.5316411809955689E-007   1.8224262060772787E-008   4.7009227769340012E-007
   11.551060000000000        4.0295046619712626E-007   1.5576745059208522E-008   4.1701945967024209E-007
   11.667149999999999        3.9821780012863406E-007   1.4791848547545303E-008   4.1624083394080943E-007
   11.784409999999999        4.0454095923428336E-007   1.3122960205456674E-008   4.1830259079970726E-007
   11.902850000000001        3.7488247583451948E-007   1.1263528994913732E-008   3.8851936066601538E-007
   12.022470000000000        3.2920783926799934E-007   1.0457376191234306E-008   3.3924367093036430E-007
   12.143300000000000        3.5563255320339825E-007   9.7240077690018440E-009   3.6460992024060406E-007
   12.265350000000000        2.8882852836803241E-007   7.1693685604496672E-009   2.9706541071620857E-007
   12.388620000000001        2.6122954119466807E-007   6.9707906120451272E-009   2.6943577648230356E-007
   12.513130000000000        2.3231741842575802E-007   8.7075487402026993E-009   2.4231397648336848E-007
   12.638890000000000        1.8558423034432198E-007   6.2366219582755525E-009   1.9216300818201828E-007
   12.765910000000002        2.1838512814335516E-007   7.4772289413741861E-009   2.2660923002001825E-007
   12.894209999999999        1.9034879601053948E-007   7.8139272685402944E-009   1.9800086900824608E-007
   13.023800000000001        1.5814524558645915E-007   7.2430113299860783E-009   1.6501681989168631E-007
   13.154690000000000        1.4673060922516976E-007   6.9420449860639750E-009   1.5247936394616113E-007
   13.286899999999999        1.0976686396907795E-007   6.4285179697750605E-009   1.1416113892321604E-007
   13.420439999999999        9.6676575301252277E-008   6.0893420263144241E-009   9.9294938805896385E-008
   13.555320000000000        7.5515816108694689E-008   5.8518537177817020E-009   7.6675767675575102E-008
   13.691549999999999        7.8427946296814859E-008   6.2790055583366625E-009   7.9621001368127016E-008
   13.829150000000002        6.9131050502776346E-008   5.9453417448523138E-009   7.0722645315936963E-008
   13.968140000000002        6.8404228564690424E-008   6.2450876963243672E-009   6.9634179108569719E-008
   14.108520000000002        5.3508931618249448E-008   6.5872010370635430E-009   5.4230531519396041E-008
   14.250320000000002        3.7381780241322624E-008   7.1023522715458789E-009   3.8075529763382185E-008
   14.393540000000002        2.6946048687039538E-008   7.7310833987013794E-009   2.8167450760725582E-008
   14.538200000000000        1.9194349581651558E-008   9.1219441457313792E-009   2.0798233970273287E-008
   14.684310000000000        1.4381557318760435E-008   8.4291459251820057E-009   1.5407073059792771E-008
   14.831890000000000        1.3491928486319799E-008   8.8749372861698544E-009   1.4404786057638031E-008
   14.980950000000000        9.3957712905807290E-009   3.3344583515620098E-008   2.4787762647786602E-008
   15.131520000000000        1.6604973362599158E-008   8.6378868031247389E-009   1.6483047562401426E-008
   15.283590000000002        1.9021551701384480E-008   9.4049015831108005E-009   1.9687242143715177E-008
   15.437190000000001        2.5138165776168023E-008   9.2157791095997506E-009   2.6311168162382394E-008
   15.592340000000000        3.7672507517082798E-008   8.3067319465276026E-009   3.8217086337216017E-008
   15.749050000000002        5.6048450778324021E-008   7.9579282351125079E-009   5.6970349996417394E-008
   15.907330000000000        7.6602001077358927E-008   7.8988981148414655E-009   7.7290253659462905E-008
   15.993430000000000        8.6531811935560966E-008   7.8617142342309004E-009   8.7987589708586138E-008
