   6.0301510000000009        6.2100198957907405E-011   1.0841672541349093E-010   1.6533042712812961E-010   2.4578551800404072E-010   4.5056020915739257E-010   1.1447495166317534E-009   3.2840175663760197E-009
   6.0907549999999997        8.0263983604146981E-011   1.3522933556879872E-010   2.0670985713362192E-010   3.0182313345785007E-010   5.2647941591070384E-010   1.1418505043718856E-009   3.6322915431980981E-009
   6.1519690000000002        9.8536471090729242E-011   1.6823054948074310E-010   2.5922756712621090E-010   3.7592567904945977E-010   6.0090944429832001E-010   9.8135245600115490E-010   2.0818920520843814E-009
   6.2137979999999997        5.1537828854818301E-010   7.4549175838293993E-010   9.9455148075146858E-010   1.2823326841867372E-009   1.6911580301347263E-009   2.3334913872763513E-009   3.2610732907257771E-009
   6.2762479999999998        1.0048111992760957E-009   1.3775959172637714E-009   1.8214644595325526E-009   2.3069368120079362E-009   2.9977970081931992E-009   4.0784482053162434E-009   5.7531299261354782E-009
   6.3393259999999998        5.1339979359381294E-010   7.5395139347361476E-010   1.0364088275989609E-009   1.3487203280268166E-009   1.7986251016393695E-009   2.5039923270116657E-009   3.4921378414739947E-009
   6.4030379999999996        1.3313485508454954E-010   2.1139781580250667E-010   3.1556860725904707E-010   4.5143457979366248E-010   7.4232560751522983E-010   1.4581333011841302E-009   2.8704851050442418E-009
   6.4673900000000000        1.5574252137750861E-010   2.3918807406404750E-010   3.4898273393773471E-010   4.9011565545504730E-010   8.1593738978024875E-010   1.9266524460834815E-009   4.3420970879272167E-009
   6.5323890000000011        1.2880193474464994E-010   2.0725013820148064E-010   2.9442524634477415E-010   4.2066929692000606E-010   7.6970350853474329E-010   2.2433777043283688E-009   4.7700917171842845E-009
   6.5980410000000012        1.4750848694182747E-010   2.3170211757264629E-010   3.2442501223011294E-010   4.5893871589674597E-010   8.6355234391404615E-010   3.0318414819888980E-009   6.7732553866273036E-009
   6.6643530000000002        2.3546883867406005E-010   3.5485482961655265E-010   5.1011592077571479E-010   7.0661461910468112E-010   1.1441565375644546E-009   2.6237483403707657E-009   5.8632289298274284E-009
   6.7313310000000008        6.6677998430426530E-010   9.1957728639661872E-010   1.2414400724102903E-009   1.6027924538651852E-009   2.1611753893238830E-009   2.9560612496996563E-009   4.0929607247304608E-009
   6.7989830000000007        6.2029726430544636E-010   8.9561316013857373E-010   1.2141792344089832E-009   1.5779863219729130E-009   2.1540324924733366E-009   2.9976763946856471E-009   4.4114339262923005E-009
   6.8673140000000004        6.6347418303211635E-010   9.3929124802547268E-010   1.2677209745567430E-009   1.6567836163078696E-009   2.2780047323113949E-009   3.1366257598593978E-009   4.4787295878265605E-009
   6.9363330000000003        1.5096617580286980E-009   1.9588494238052252E-009   2.5112462106057943E-009   3.1340628764712982E-009   3.9854120982521256E-009   5.1737679561878786E-009   6.8818849229634864E-009
   7.0060440000000010        1.0791138045675577E-009   1.4157139951129056E-009   1.8738470325427283E-009   2.3694051983274157E-009   3.1058491886320239E-009   4.0684301527621648E-009   5.4373047604598251E-009
   7.0764570000000004        2.1846183408501517E-009   2.7093769413141613E-009   3.3593936189536901E-009   4.0762899169918161E-009   5.0205963978635723E-009   6.3083151671864057E-009   8.1014584963666966E-009
   7.1475770000000001        2.1103982458934791E-009   2.6482336662469497E-009   3.2921380705883190E-009   4.0148523791963819E-009   4.9190386063766327E-009   6.2509224653671324E-009   8.0821121524202240E-009
   7.2194120000000011        3.2113019327734100E-009   3.8580073758481662E-009   4.6892387373239069E-009   5.5781177223745323E-009   6.6480398909422446E-009   8.2594931943836138E-009   1.0316938046145555E-008
   7.2919690000000008        3.4056677528394840E-009   4.0528265185679284E-009   4.9047254254600874E-009   5.8403271468845464E-009   6.9930705524389961E-009   8.6149421081978821E-009   1.0813374996545351E-008
   7.3652550000000012        6.3207210633607978E-009   7.2915978673537935E-009   8.5260828323004745E-009   9.8223116324920220E-009   1.1408745781187231E-008   1.3416969604568804E-008   1.4832809320605453E-008
   7.4392779999999998        8.1957389898384573E-009   9.2524357851618297E-009   1.0607673969617345E-008   1.1929331988882590E-008   1.3272525823523566E-008   1.4684448116725064E-008   1.5590941890973326E-008
   7.5140440000000002        1.2710725573255786E-008   1.3935079421498132E-008   1.5450991664846743E-008   1.6840862565522766E-008   1.8173135634613667E-008   1.9514304322453177E-008   2.1080184345997861E-008
   7.5895620000000008        1.0384286457034807E-008   1.1538348963860844E-008   1.3154625974640615E-008   1.4774170760416850E-008   1.6652709708227448E-008   1.8972740869191505E-008   2.1154553418570860E-008
   7.6658390000000001        1.9106675272326743E-008   1.9868107172636095E-008   2.0462310717861221E-008   2.1051985151873769E-008   2.1724316333854682E-008   2.2469991769950248E-008   2.2919923807396022E-008
   7.7428830000000000        1.9611996567804443E-008   2.1122191037633320E-008   2.1708554851327566E-008   2.2300547369294596E-008   2.3032817452662239E-008   2.4054807264322042E-008   2.5220645859299901E-008
   7.8207009999999997        2.3101260224383124E-008   2.5181194040927072E-008   2.5952132709451575E-008   2.6590255432794628E-008   2.7520778584168856E-008   2.8922143624419661E-008   3.0193638684263724E-008
   7.8993010000000004        1.8084819702388851E-008   1.9709730585761445E-008   2.1129930622910725E-008   2.2600420901009019E-008   2.4309634885318671E-008   2.6087837813490058E-008   2.8291474039927496E-008
   7.9786910000000013        4.4992682222131984E-008   4.5305071802706734E-008   4.5533761610640077E-008   4.5742850916024224E-008   4.5974817215411699E-008   4.6189750623268645E-008   4.6431739823703411E-008
   8.0588790000000010        5.3148187381511114E-008   5.4797617673343500E-008   5.5947278238515307E-008   5.6855083346786557E-008   5.7777764771356794E-008   5.9715137310484291E-008   6.2687352823820728E-008
   8.1398720000000022        7.3090125607856762E-008   7.4784246590239208E-008   7.6456735127447382E-008   7.8949686944093501E-008   8.4702201562087438E-008   8.6940294314223618E-008   8.9624084206536262E-008
   8.2216799999999992        6.4738781363424417E-008   6.7755977340627349E-008   7.0747930082117796E-008   7.3579421202512374E-008   7.5767808072624246E-008   7.8444262679032547E-008   8.1033838576771631E-008
   8.3043099999999992        1.0232293808110417E-007   1.0689228980208287E-007   1.1077136766024862E-007   1.1562959688156553E-007   1.1812284894564440E-007   1.2077989709703284E-007   1.2335176420200518E-007
   8.3877710000000008        1.0692267938157902E-007   1.1083978753834180E-007   1.1382032565558633E-007   1.1679379013895271E-007   1.1987750147513876E-007   1.2374960167974290E-007   1.2835603647136276E-007
   8.4720700000000004        1.0310547856730317E-007   1.0694450319089926E-007   1.1082089677424586E-007   1.1475471061946293E-007   1.1922755310575482E-007   1.2506871379676137E-007   1.3468040237161934E-007
   8.5572160000000004        1.2698783929148336E-007   1.3129967952807786E-007   1.3535789186216814E-007   1.3887825525268595E-007   1.4303497711806327E-007   1.4810112956352496E-007   1.6070747757068855E-007
   8.6432179999999992        1.8377936802757884E-007   1.8996122797263580E-007   1.9650714249688555E-007   2.0285962461323620E-007   2.0904990543928652E-007   2.1574545733862460E-007   2.2333388903736284E-007
   8.7300850000000008        1.7653139978037722E-007   1.8142762744283626E-007   1.8603223264149416E-007   1.9050786477397970E-007   1.9473514700461530E-007   1.9965777981958103E-007   2.0476543670357282E-007
   8.8178239999999999        1.7810555563009367E-007   1.8256209022275325E-007   1.8833130942481355E-007   1.9318650242350426E-007   1.9825485007969686E-007   2.0419118567088560E-007   2.1021846755524707E-007
   8.9064460000000008        1.9949995608982285E-007   2.0935650291568971E-007   2.1866210789450276E-007   2.2545554855863830E-007   2.3146652266339923E-007   2.3778990425183418E-007   2.4459719919348674E-007
   8.9959579999999999        1.6418538495786149E-007   1.7128166035296289E-007   1.7555022816578186E-007   1.7938331074207299E-007   1.8307491540943487E-007   1.8764920227700421E-007   1.9233229940715807E-007
   9.0863689999999995        1.0115030085441698E-007   1.0491157825153656E-007   1.0691880035391278E-007   1.0899485448525650E-007   1.1096806297053208E-007   1.1294364084699224E-007   1.1545591707396371E-007
   9.1776900000000001        5.7004287502683774E-008   5.8080259486944320E-008   5.8816176280521528E-008   5.9504665086007406E-008   6.0315660360238778E-008   6.1197877496993783E-008   6.2360301466774357E-008
   9.2699280000000002        4.6984401589350289E-008   4.8787196432267854E-008   4.9725039402869522E-008   5.0726273224544846E-008   5.1781542252264583E-008   5.3210929203617502E-008   5.4586794942663131E-008
   9.3630929999999992        6.6995756320534567E-008   6.7908003499112708E-008   6.8777468785199593E-008   6.9574678354105600E-008   7.0544186823507573E-008   7.1588972048234911E-008   7.3055272670699278E-008
   9.4571939999999994        6.6642437747678993E-008   6.7842228069883023E-008   6.8721198357375271E-008   6.9562180076034457E-008   7.0549912262526630E-008   7.1713581352715549E-008   7.3471234941990540E-008
   9.5522419999999997        7.2331765983923394E-008   7.3294026704294194E-008   7.4309110871633983E-008   7.5285617069532210E-008   7.6411762571439177E-008   7.7664433317449879E-008   7.8471907664771226E-008
   9.6482440000000000        9.3624259608317759E-008   9.4805705592346469E-008   9.5732715655029953E-008   9.6667814579694052E-008   9.7573519097279404E-008   9.8507106984684586E-008   9.9628163792146793E-008
   9.7452110000000012        1.2860050431602381E-007   1.3016124753921984E-007   1.3237392465798431E-007   1.3462161203444538E-007   1.3650283474997027E-007   1.3867394880986491E-007   1.4031799116028650E-007
   9.8431530000000009        1.7223088735008506E-007   1.7835782139154686E-007   1.8342558864467599E-007   1.8730062903528585E-007   1.9119107813922773E-007   1.9507234378190809E-007   1.9886977156283147E-007
   9.9420790000000014        2.2527013420601921E-007   2.3271779254482278E-007   2.4327216930359833E-007   2.5185976459416754E-007   2.5987595607326048E-007   2.6817574935931889E-007   2.7650939130630939E-007
   10.042000000000000        1.8686025360636978E-007   1.9515755412092211E-007   2.0318053784811245E-007   2.0941182610398788E-007   2.1542588318129373E-007   2.2128606863370714E-007   2.2827169896701560E-007
   10.142920000000000        1.2857019166023055E-007   1.3031050901804654E-007   1.3240390545826904E-007   1.3432444373865773E-007   1.3614899808296820E-007   1.3851117662605620E-007   1.4045774124323767E-007
   10.244860000000001        1.0311367006537989E-007   1.0444055927114802E-007   1.0613406167893219E-007   1.0765669792604717E-007   1.0918781789460219E-007   1.1084273117039805E-007   1.1365713269410685E-007
   10.347830000000000        1.0129051912368738E-007   1.1938480380158807E-007   1.3365644355781046E-007   1.3683752475800520E-007   1.3867438858906591E-007   1.4062960189577082E-007   1.4245035125315582E-007
   10.451820000000000        1.4315300739601129E-007   1.4474341203678280E-007   1.4654696780016413E-007   1.4825364573161516E-007   1.4990049249513514E-007   1.5197274102006504E-007   1.5340909870395482E-007
   10.556870000000000        1.1774349900600779E-007   1.1922923034708658E-007   1.2099111923810113E-007   1.2266327834562123E-007   1.2443372868645308E-007   1.2645564402734557E-007   1.2787385816657346E-007
   10.662970000000000        1.3843734088096135E-007   1.4025336328478836E-007   1.4240162824359472E-007   1.4448234314964908E-007   1.4656950127896677E-007   1.4860943209620458E-007   1.5089756374227880E-007
   10.770130000000002        1.3733549482788029E-007   1.6280264513425937E-007   1.7878761782488323E-007   1.8653527034752734E-007   1.8994978516098414E-007   1.9327428841707971E-007   1.9588535665882120E-007
   10.878380000000000        1.8497843787209385E-007   1.9267737893176887E-007   1.9719148383891995E-007   2.0103306687717549E-007   2.0470993133175213E-007   2.0881760332922212E-007   2.1315703108959270E-007
   10.987710000000002        1.9312514575518215E-007   2.0541088884550784E-007   2.1109000237173960E-007   2.1597237527774502E-007   2.2056639904967701E-007   2.2530901777259361E-007   2.2959722361232713E-007
   11.098140000000003        2.4968151745443550E-007   2.6171289178380552E-007   2.7293124963389884E-007   2.8206080879367966E-007   2.9092194741507392E-007   3.0148833431785110E-007   3.1373669033061979E-007
   11.209670000000001        2.6418545498229703E-007   2.8413136185802950E-007   2.9749817539736958E-007   3.0718462047121476E-007   3.1705187694667348E-007   3.2768960425297506E-007   3.3810831175882300E-007
   11.322330000000001        2.8234055685391353E-007   3.0281114191669321E-007   3.1583823617513715E-007   3.2624453971268647E-007   3.3717359944611333E-007   3.5109075864857408E-007   3.6392313701732483E-007
   11.436130000000002        3.1621799765286636E-007   3.3663938285997350E-007   3.5397516451023796E-007   3.6726026964263875E-007   3.8017803496304054E-007   3.9664975129429794E-007   4.1082496694768771E-007
   11.551060000000000        2.8251745039669383E-007   3.0527581476483952E-007   3.2058304766390577E-007   3.3239541419979149E-007   3.4382048986669713E-007   3.5713029378131010E-007   3.6958901449792290E-007
   11.667149999999999        2.8659828927576462E-007   3.1360363111565355E-007   3.2704415316785533E-007   3.3809144112825912E-007   3.4967129090749379E-007   3.6268168602220914E-007   3.7148931805655201E-007
   11.784409999999999        2.9984512037077169E-007   3.2212505274393462E-007   3.3672540828405556E-007   3.4712284071748146E-007   3.5706955276128708E-007   3.6850403861826198E-007   3.7764183528054110E-007
   11.902850000000001        2.8826475273992541E-007   3.0961255367737582E-007   3.1992841239805794E-007   3.2845573048000292E-007   3.3771666646049270E-007   3.4750599983480106E-007   3.5787571871842815E-007
   12.022470000000000        2.5636964436208868E-007   2.7324612328844961E-007   2.8440555018512990E-007   2.9271308896334943E-007   3.0075381766965204E-007   3.1067480507355160E-007   3.2238549077235441E-007
   12.143300000000000        2.8818087322041901E-007   3.0245946933615969E-007   3.1278703184349755E-007   3.2096327920044068E-007   3.2901819009971041E-007   3.3816204757168871E-007   3.4730222445435600E-007
   12.265350000000000        2.4525594541627765E-007   2.5338542245702625E-007   2.6049829439781478E-007   2.6672931717063300E-007   2.7310059915005907E-007   2.7942876861395498E-007   2.8583117791276196E-007
   12.388620000000001        2.2480573634737602E-007   2.3422559571204380E-007   2.4037794968357222E-007   2.4663526581708283E-007   2.5299042228529942E-007   2.6018741755237131E-007   2.6592946134747304E-007
   12.513130000000000        2.0086226758884085E-007   2.1087430937598956E-007   2.1802408753547710E-007   2.2640625272672574E-007   2.3460572670988038E-007   2.4234592113763155E-007   2.4917727483461526E-007
   12.638890000000000        1.6452889608346691E-007   1.7126178745918946E-007   1.7722788998557945E-007   1.8316758358094370E-007   1.8902851576091932E-007   1.9513887059838456E-007   2.0140952729385826E-007
   12.765910000000002        1.9620055301030348E-007   2.0644419088976133E-007   2.1312969095930670E-007   2.2026468778284677E-007   2.2757365416421500E-007   2.3515002298172854E-007   2.4203542662726400E-007
   12.894209999999999        1.7260094634775701E-007   1.8134999498054757E-007   1.8845016217445041E-007   1.9621207236918699E-007   2.0415492545532776E-007   2.1219160661184398E-007   2.1876227035331058E-007
   13.023800000000001        1.4351383482106996E-007   1.5257227006407891E-007   1.5960991581908400E-007   1.6689135985285443E-007   1.7423741108822876E-007   1.8209480180979514E-007   1.8904737811210270E-007
   13.154690000000000        1.3295680727759613E-007   1.4311113931999085E-007   1.5010508516033134E-007   1.5735380693789166E-007   1.6470322607231945E-007   1.7165857787928033E-007   1.7801736589900144E-007
   13.286899999999999        9.1697721967835289E-008   1.0628426069812692E-007   1.1360511169866289E-007   1.2026540639941763E-007   1.2665902765324858E-007   1.3362321265891975E-007   1.4054344557664914E-007
   13.420439999999999        8.0647315096140012E-008   9.3425455788448060E-008   1.0047500098392608E-007   1.0680483457216230E-007   1.1298615787052237E-007   1.1958405903002173E-007   1.2453603013276238E-007
   13.555320000000000        5.9419470267318352E-008   7.0633762698672605E-008   7.7862023208943576E-008   8.4237019797702653E-008   9.0125704605431788E-008   9.6513153390503402E-008   1.0482686897547131E-007
   13.691549999999999        6.1808151977914412E-008   7.4368352574749059E-008   8.2189226859041315E-008   8.9238700461995029E-008   9.5955634836016885E-008   1.0253797373408069E-007   1.1120661458901184E-007
   13.829150000000002        5.9572183672089755E-008   6.7708747842915464E-008   7.4086793027232848E-008   8.0720229338355273E-008   8.7320609695797057E-008   9.4692665936007540E-008   1.0252076077735800E-007
   13.968140000000002        5.6731223527330402E-008   6.6828171714021371E-008   7.4089740162072164E-008   8.0983800492986577E-008   8.8244389614298086E-008   9.5445887055982426E-008   1.0364621587320292E-007
   14.108520000000002        3.7374302877071625E-008   4.9848955677518163E-008   5.6722015233954422E-008   6.4125999506555240E-008   7.2115253517894736E-008   8.1682139534637844E-008   9.1010628194347005E-008
   14.250320000000002        1.9939193928879050E-008   3.1724689841099188E-008   3.7478961470855827E-008   4.5150178462011330E-008   5.4539311765404739E-008   6.5134207203343245E-008   7.6681725609593300E-008
   14.393540000000002        8.6307016410064470E-009   2.0244776381620988E-008   2.5641395748208427E-008   3.3024988422365021E-008   4.4876234847356381E-008   5.6529765559744265E-008   7.0622114569378166E-008
   14.538200000000000        2.1745531845756829E-009   1.0970640348317624E-008   1.5980016383849898E-008   2.3501836990276464E-008   3.7181450238166433E-008   5.4949177697276574E-008   8.2280260439654142E-008
   14.684310000000000        3.9182598272881757E-010   5.7763909833154681E-009   9.7039291278532434E-009   1.7229040172912443E-008   3.0614641913482796E-008   4.5891640442474807E-008   6.3871232718252597E-008
   14.831890000000000        2.0636987118029235E-010   4.5761424649984023E-009   8.2801295036214764E-009   1.5862072875402049E-008   2.9932314988244907E-008   4.7011895923122824E-008   7.1465978551793948E-008
   14.980950000000000        1.1508714873891372E-010   2.8097610293163235E-009   5.8463764312835463E-009   1.5562901592220304E-008   6.1520860582631633E-008   1.6523372967600271E-007   2.8092047449165607E-007
   15.131520000000000        4.2982685467743968E-010   6.6557607011957921E-009   1.1418173126967723E-008   1.9858253114074625E-008   3.4426669546996538E-008   5.0939324976147795E-008   6.9166364279146334E-008
   15.283590000000002        9.3777674625290557E-010   9.6201638440170187E-009   1.5059036537720944E-008   2.4541114011638985E-008   4.0647110911037750E-008   5.8166984922387694E-008   7.9182892384277931E-008
   15.437190000000001        4.5044144767139326E-009   1.8328590166100269E-008   2.5103016301438116E-008   3.4795784146217309E-008   5.0753922094398335E-008   6.8236482877259693E-008   8.6562232230004384E-008
   15.592340000000000        1.8109537728699072E-008   3.5352386153462169E-008   4.3571020948964905E-008   5.3867982802017716E-008   6.7276670004926418E-008   8.2724292787816894E-008   9.9837439105585106E-008
   15.749050000000002        4.7087394798177314E-008   6.2375631576298718E-008   7.2540331431694268E-008   8.3743804688059252E-008   9.5810760796130264E-008   1.1030995615779408E-007   1.2677165759390879E-007
   15.907330000000000        7.3414070164749497E-008   9.3064605997824680E-008   1.0499563390397819E-007   1.1660369664538144E-007   1.2786443353035954E-007   1.4113443810850905E-007   1.5377218327544602E-007
   15.993430000000000        9.0824646755181575E-008   1.0960253231632503E-007   1.2244690129504907E-007   1.3459539774867123E-007   1.4586524880835913E-007   1.5754980580537246E-007   1.7358516721219303E-007
