   6.0301510000000009        1.9424832685828449E-010   3.0020803087616884E-010   3.3033144242468877E-010
   6.0907549999999997        2.4068042416044081E-010   3.0821786605566889E-010   3.8468706341193833E-010
   6.1519690000000002        3.0851964888579855E-010   2.1880793383860654E-010   4.2909985814769042E-010
   6.2137979999999997        1.1332741155204705E-009   3.9182447315484101E-010   1.3470867078252902E-009
   6.2762479999999998        2.0981901147032969E-009   6.7026241719432718E-010   2.4185392622123130E-009
   6.3393259999999998        1.1814388525782436E-009   4.3140549109995183E-010   1.4200212249890851E-009
   6.4030379999999996        3.6408065511805901E-010   3.1986248252930775E-010   5.4315876242895132E-010
   6.4673900000000000        3.9543559812325595E-010   4.3186572790466396E-010   6.1638191949894855E-010
   6.5323890000000011        3.3537309826386148E-010   5.1773561022140099E-010   5.8119394954009860E-010
   6.5980410000000012        3.6620559709764457E-010   7.3095660898879881E-010   6.8860284600896135E-010
   6.6643530000000002        5.7639323210574772E-010   5.7750122089595218E-010   8.6877264741724363E-010
   6.7313310000000008        1.3791076549820839E-009   5.1056531602750581E-010   1.6980161299946790E-009
   6.7989830000000007        1.3507989207902254E-009   5.3618939661814145E-010   1.6820331413501486E-009
   6.8673140000000004        1.4001315026161703E-009   5.5865053271302421E-010   1.7573434655476187E-009
   6.9363330000000003        2.7601687855622937E-009   8.0061606225880526E-010   3.2550186780656602E-009
   7.0060440000000010        2.0494706433265233E-009   6.6553918885748260E-010   2.4805741500026328E-009
   7.0764570000000004        3.6360348075406494E-009   8.9285234136357679E-010   4.1991416942195715E-009
   7.1475770000000001        3.5924997131767759E-009   8.8979480134196020E-010   4.1264717768730780E-009
   7.2194120000000011        5.0813323000033436E-009   1.0606991555129388E-009   5.6969475073656127E-009
   7.2919690000000008        5.2913836185695702E-009   1.1239498271779326E-009   5.9735064003136455E-009
   7.3652550000000012        9.0546068157505953E-009   1.4929231881727690E-009   9.9787204323253214E-009
   7.4392779999999998        1.1034781903544400E-008   1.3343071174950180E-009   1.1968854809081715E-008
   7.5140440000000002        1.6038136919716300E-008   1.3616596620554059E-009   1.6812256893644490E-008
   7.5895620000000008        1.3758699153577128E-008   1.8196918535261342E-009   1.4921841355799070E-008
   7.6658390000000001        2.0824558680206712E-008   6.4160231833473822E-010   2.1084844121961164E-008
   7.7428830000000000        2.2013079497929452E-008   7.2466583774266838E-010   2.2370742632370806E-008
   7.8207009999999997        2.6639706723094409E-008   8.8409751164208364E-010   2.6719523713761624E-008
   7.8993010000000004        2.1650346097272254E-008   1.6089983982782257E-009   2.2681139754740238E-008
   7.9786910000000013        4.5738181995794701E-008   2.2287572559183937E-010   4.5748928948308208E-008
   8.0588790000000010        5.6483410328970486E-008   1.1117125796173603E-009   5.6901730643148433E-008
   8.1398720000000022        8.0244721870913382E-008   3.6964100082707288E-009   8.0042029564703111E-008
   8.2216799999999992        7.2460150686560534E-008   2.5765150823629272E-009   7.3369158338694056E-008
   8.3043099999999992        1.1550090226790549E-007   3.5620474346356087E-009   1.1488483154523312E-007
   8.3877710000000008        1.1437011845810305E-007   3.1238919934433221E-009   1.1688132280874112E-007
   8.4720700000000004        1.1095818546050528E-007   4.4486308055377356E-009   1.1505880346409662E-007
   8.5572160000000004        1.3638642920213574E-007   4.1735101786179421E-009   1.3914483819249850E-007
   8.6432179999999992        2.0284914193869459E-007   6.4209847711719295E-009   2.0287537987163800E-007
   8.7300850000000008        1.8699725996010227E-007   4.4875961493828742E-009   1.9041361859324543E-007
   8.8178239999999999        1.9066948390818701E-007   5.2379409858542881E-009   1.9332960215121884E-007
   8.9064460000000008        2.2407851204474688E-007   6.8551173063680873E-009   2.2505577412911908E-007
   8.9959579999999999        1.7437521092909471E-007   4.0099567353265383E-009   1.7934299587255278E-007
   9.0863689999999995        1.0624135277601032E-007   2.0555182864896643E-009   1.0897630365185211E-007
   9.1776900000000001        5.8875722106412234E-008   7.7571131754689155E-010   5.9559434336029885E-008
   9.2699280000000002        5.0049229232674078E-008   1.0878684399921438E-009   5.0769061076290463E-008
   9.3630929999999992        6.8893947992210226E-008   9.1505629081878231E-010   6.9646042575214417E-008
   9.4571939999999994        6.8840499572024997E-008   9.7282397335771683E-010   6.9625022287529361E-008
   9.5522419999999997        7.4249640973068059E-008   1.0770331242881963E-009   7.5364241587835346E-008
   9.6482440000000000        9.5539493081393984E-008   9.4220069562727588E-010   9.6661842420381980E-008
   9.7452110000000012        1.3260619999438317E-007   2.0758033334726762E-009   1.3452029459510547E-007
   9.8431530000000009        1.8290005499555646E-007   4.1021055898118578E-009   1.8725932724744177E-007
   9.9420790000000014        2.4716138490118449E-007   8.4659684102499699E-009   2.5151044162763571E-007
   10.042000000000000        2.0568020577665219E-007   6.3465703636888639E-009   2.0919725849466044E-007
   10.142920000000000        1.3330960781801759E-007   1.9722701720276442E-009   1.3429803016056447E-007
   10.244860000000001        1.0595102346684931E-007   1.5519177988031901E-009   1.0765353418348746E-007
   10.347830000000000        1.3503874301841785E-007   5.2035202193303646E-009   1.3541638054423381E-007
   10.451820000000000        1.4559205416265696E-007   1.7280494798068957E-009   1.4823922105799512E-007
   10.556870000000000        1.2043059110468724E-007   1.7549588588068507E-009   1.2271568163019088E-007
   10.662970000000000        1.4126589641887270E-007   2.0896069659403520E-009   1.4448765440588967E-007
   10.770130000000002        1.8434114850919484E-007   7.7682287137222123E-009   1.8432995411086192E-007
   10.878380000000000        1.9620900241920067E-007   3.9686985316548369E-009   2.0094067232009870E-007
   10.987710000000002        2.0905525558919327E-007   4.9412610653676715E-009   2.1581683613469909E-007
   11.098140000000003        2.7377075679453526E-007   9.5893802516841996E-009   2.8201446308553467E-007
   11.209670000000001        2.9727558473696334E-007   1.0451827155848910E-008   3.0700814973420694E-007
   11.322330000000001        3.1271803092879911E-007   1.1566435013557512E-008   3.2628641531400402E-007
   11.436130000000002        3.5375195571868236E-007   1.4226343366647207E-008   3.6696652704916127E-007
   11.551060000000000        3.2089413848539031E-007   1.2404716225681159E-008   3.3209813976753164E-007
   11.667149999999999        3.2351777440693226E-007   1.2017107020129328E-008   3.3815994204758632E-007
   11.784409999999999        3.3528009455605663E-007   1.0876197423541417E-008   3.4668561735215148E-007
   11.902850000000001        3.1696295357219497E-007   9.5233083646455704E-009   3.2849293315871110E-007
   12.022470000000000        2.8395601460682399E-007   9.0199397229111606E-009   2.9261235392257789E-007
   12.143300000000000        3.1293252199028366E-007   8.5564671951346583E-009   3.2083199599085044E-007
   12.265350000000000        2.5927351364889484E-007   6.4357471466362255E-009   2.6666753888591341E-007
   12.388620000000001        2.3922631110930131E-007   6.3836444990431434E-009   2.4674133941344344E-007
   12.513130000000000        2.1703874969038665E-007   8.1348850389608019E-009   2.2637787060836680E-007
   12.638890000000000        1.7687461745949143E-007   5.9439324185186707E-009   1.8314464811476143E-007
   12.765910000000002        2.1233244192796298E-007   7.2699926660492544E-009   2.2032860745893284E-007
   12.894209999999999        1.8880465148299678E-007   7.7505392498965335E-009   1.9639464945374491E-007
   13.023800000000001        1.6002512278858587E-007   7.3291092194515077E-009   1.6697837970040172E-007
   13.154690000000000        1.5146846986946870E-007   7.1662002724361016E-009   1.5740284910936654E-007
   13.286899999999999        1.1559597991062642E-007   6.7699012909629802E-009   1.2022361069967247E-007
   13.420439999999999        1.0386349633142685E-007   6.5420227313608561E-009   1.0667650855710335E-007
   13.555320000000000        8.2765594333535328E-008   6.4136518131245549E-009   8.4036905242667289E-008
   13.691549999999999        8.7690553201559941E-008   7.0205774467483826E-009   8.9024512130018057E-008
   13.829150000000002        7.8854302267270562E-008   6.7815514392042707E-009   8.0669754188964304E-008
   13.968140000000002        7.9598715707629134E-008   7.2671086355257129E-009   8.1029950087885540E-008
   14.108520000000002        6.3521391116200975E-008   7.8197818715866667E-009   6.4378015013630954E-008
   14.250320000000002        4.5271514957469613E-008   8.6013626161944115E-009   4.6111686069222605E-008
   14.393540000000002        3.3291342584295080E-008   9.5516099211131249E-009   3.4800362156719654E-008
   14.538200000000000        2.4192512985741888E-008   1.1497276907563239E-008   2.6214045089984254E-008
   14.684310000000000        1.8492038393860053E-008   1.0838331803787538E-008   1.9810663076594592E-008
   14.831890000000000        1.7698009848809645E-008   1.1641680998936712E-008   1.8895448917963667E-008
   14.980950000000000        1.2573446418850367E-008   4.4621811368784100E-008   3.3171050662713809E-008
   15.131520000000000        2.2669002604484216E-008   1.1792387386680167E-008   2.2502550287947453E-008
   15.283590000000002        2.6491825860890043E-008   1.3098458994827732E-008   2.7418950816431857E-008
   15.437190000000001        3.5716714129970201E-008   1.3093928605347152E-008   3.7383334967593561E-008
   15.592340000000000        5.4605312624421583E-008   1.2040390319697363E-008   5.5394665356212344E-008
   15.749050000000002        8.2879404144333455E-008   1.1767467988688154E-008   8.4242625728796066E-008
   15.907330000000000        1.1555683212069572E-007   1.1915767611258925E-008   1.1659508552097547E-007
   15.993430000000000        1.3195103685376867E-007   1.1988207821503966E-008   1.3417093011940793E-007
