   6.0301510000000009        2.7481757087493635E-010   4.7978624256173488E-010   7.3165154278918446E-010   1.0876966603584052E-009   1.9939044365617330E-009   5.0659625363557296E-009   1.4533056986078450E-008
   6.0907549999999997        3.4867264435485071E-010   5.8744617336294763E-010   8.9796281301529510E-010   1.3111418764016880E-009   2.2870652801052593E-009   4.9602825195022480E-009   1.5778941445029489E-008
   6.1519690000000002        4.2018378789865169E-010   7.1737650779073637E-010   1.1054102088002549E-009   1.6030397074595075E-009   2.5624259088480546E-009   4.1847286356189169E-009   8.8777005991562798E-009
   6.2137979999999997        2.1573129198380137E-009   3.1205408487864892E-009   4.1630755632201634E-009   5.3676938446893388E-009   7.0789886748524973E-009   9.7677205849764170E-009   1.3650469371613169E-008
   6.2762479999999998        4.1287242144121613E-009   5.6604799243677927E-009   7.4843158845971649E-009   9.4791000376169421E-009   1.2317813641544314E-008   1.6758161010393100E-008   2.3639353195712218E-008
   6.3393259999999998        2.0707660222865927E-009   3.0410158857524048E-009   4.1802903159867476E-009   5.4399792592336115E-009   7.2546420816314498E-009   1.0099696757853514E-008   1.4085320012782994E-008
   6.4030379999999996        5.2712138996039731E-010   8.3698825848154023E-010   1.2494321098754845E-009   1.7873668246072917E-009   2.9390928903488521E-009   5.7731932932183724E-009   1.1365123712123484E-008
   6.4673900000000000        6.0529801219252410E-010   9.2961167246156093E-010   1.3563319334608456E-009   1.9048492946398315E-009   3.1711653037284472E-009   7.4879929096140274E-009   1.6875691447800391E-008
   6.5323890000000011        4.9131470617709115E-010   7.9055521143754806E-010   1.1230844760661405E-009   1.6046421385185071E-009   2.9360323964771153E-009   8.5573594824600427E-009   1.8195504711263817E-008
   6.5980410000000012        5.5208985739599966E-010   8.6720697704316539E-010   1.2142471423251349E-009   1.7177005572083500E-009   3.2320749828686465E-009   1.1347475431014613E-008   2.5350714918420048E-008
   6.6643530000000002        8.6473130930506532E-010   1.3031621642823833E-009   1.8733400587257290E-009   2.5949581617391485E-009   4.2017788270811860E-009   9.6354037775519308E-009   2.1532011020206167E-008
   6.7313310000000008        2.4026192845496003E-009   3.3135279611544478E-009   4.4733014319526204E-009   5.7753684115236206E-009   7.7873988270681441E-009   1.0651624121934149E-008   1.4748232699879811E-008
   6.7989830000000007        2.1930900157529578E-009   3.1664822537564355E-009   4.2927875222833400E-009   5.5790445111642938E-009   7.6156827132556090E-009   1.0598425222791512E-008   1.5596831157619808E-008
   6.8673140000000004        2.3016249311348877E-009   3.2584480441608711E-009   4.3977870961426325E-009   5.7474647458971628E-009   7.9025116865434419E-009   1.0881110724669809E-008   1.5536935637862040E-008
   6.9363330000000003        5.1385856537222648E-009   6.6675303215677730E-009   8.5477781245738041E-009   1.0667721063510443E-008   1.3565542959100523E-008   1.7610467811061562E-008   2.3424555167830837E-008
   7.0060440000000010        3.6039972810327799E-009   4.7281661744208940E-009   6.2582274286275648E-009   7.9132801899971773E-009   1.0372837400234475E-008   1.3587641216861726E-008   1.8159374377289780E-008
   7.0764570000000004        7.1588873114073850E-009   8.8784955451054368E-009   1.1008568363200482E-008   1.3357802421916140E-008   1.6452248512376877E-008   2.0672039853494568E-008   2.6548082724126177E-008
   7.1475770000000001        6.7855779078553188E-009   8.5148838118542541E-009   1.0585234045214933E-008   1.2908982302551823E-008   1.5816218460314931E-008   2.0098633737611930E-008   2.5986470457405686E-008
   7.2194120000000011        1.0131078183638827E-008   1.2171317171667190E-008   1.4793702138293586E-008   1.7597954955955010E-008   2.0973366352044601E-008   2.6057210770357514E-008   3.2548078053498217E-008
   7.2919690000000008        1.0542134684902271E-008   1.2545393771211015E-008   1.5182419360947524E-008   1.8078544313377064E-008   2.1646824345495831E-008   2.6667275435643032E-008   3.3472453534814491E-008
   7.3652550000000012        1.9197485704674630E-008   2.2146262177931224E-008   2.5895677352186458E-008   2.9832622775377386E-008   3.4650988684217286E-008   4.0750426984798735E-008   4.5050658309082482E-008
   7.4392779999999998        2.4419194935179945E-008   2.7567621826809150E-008   3.1605552445494075E-008   3.5543431000447661E-008   3.9545475492652306E-008   4.3752296348436203E-008   4.6453193510771486E-008
   7.5140440000000002        3.7149787180883390E-008   4.0728220578265611E-008   4.5158795127352613E-008   4.9220987161272155E-008   5.3114837335151079E-008   5.7034686838607888E-008   6.1611302806769427E-008
   7.5895620000000008        2.9771795196066860E-008   3.3080497506894213E-008   3.7714370844666795E-008   4.2357612907805738E-008   4.7743392378879947E-008   5.4394931977532183E-008   6.0650198205509364E-008
   7.6658390000000001        5.3734787579462366E-008   5.5876205740193313E-008   5.7547318104147123E-008   5.9205692991514185E-008   6.1096528143725030E-008   6.3193633505632343E-008   6.4459002917774931E-008
   7.7428830000000000        5.4104565396085819E-008   5.8270812069196007E-008   5.9888442339231800E-008   6.1521600788531205E-008   6.3541749755832252E-008   6.6361162578382604E-008   6.9577418010876892E-008
   7.8207009999999997        6.2515712731664072E-008   6.8144347001524877E-008   7.0230630601081032E-008   7.1957492965843068E-008   7.4475637753462652E-008   7.8267956156769833E-008   8.1708825578129032E-008
   7.8993010000000004        4.8007468737440712E-008   5.2320912814758928E-008   5.6090937067494502E-008   5.9994460421127353E-008   6.4531693209049660E-008   6.9252062164220237E-008   7.5101774740310390E-008
   7.9786910000000013        1.1715944521312110E-007   1.1797289727116475E-007   1.1856839791038171E-007   1.1911285949410907E-007   1.1971689200788992E-007   1.2027657143971314E-007   1.2090670325382752E-007
   8.0588790000000010        1.3575766610285142E-007   1.3997084472381050E-007   1.4290744976770149E-007   1.4522627772490901E-007   1.4758310460701797E-007   1.5253178088821884E-007   1.6012378093798182E-007
   8.1398720000000022        1.8313649212865556E-007   1.8738132508488357E-007   1.9157195523201202E-007   1.9781835920176048E-007   2.1223200727387404E-007   2.1783982983918004E-007   2.2456440258277437E-007
   8.2216799999999992        1.5911336062159474E-007   1.6652894956961200E-007   1.7388249632309627E-007   1.8084166451019968E-007   1.8622022712615276E-007   1.9279835043969060E-007   1.9916294543200132E-007
   8.3043099999999992        2.4668171198660756E-007   2.5769757535349552E-007   2.6704931588134472E-007   2.7876160956653878E-007   2.8477237996773289E-007   2.9117803249401031E-007   2.9737832924422428E-007
   8.3877710000000008        2.5284552088128468E-007   2.6210850660118464E-007   2.6915673731444391E-007   2.7618824064439414E-007   2.8348045033793289E-007   2.9263700345463613E-007   3.0353007507451415E-007
   8.4720700000000004        2.3915994636088177E-007   2.4806481675007278E-007   2.5705636690190761E-007   2.6618110713190115E-007   2.7655615978639198E-007   2.9010511661155743E-007   3.1240006112801212E-007
   8.5572160000000004        2.8892814652526401E-007   2.9873862928190584E-007   3.0797204702046022E-007   3.1598172790953346E-007   3.2543927873396941E-007   3.3696600479095692E-007   3.6564850529245578E-007
   8.6432179999999992        4.1015232659278513E-007   4.2394878408607333E-007   4.3855772577856863E-007   4.5273497182976458E-007   4.6655022274893321E-007   4.8149311986959451E-007   4.9842871470720903E-007
   8.7300850000000008        3.8644772843989919E-007   3.9716613921801514E-007   4.0724615456711283E-007   4.1704383290129844E-007   4.2629784446828234E-007   4.3707405919072783E-007   4.4825531308054406E-007
   8.8178239999999999        3.8244276958750630E-007   3.9201220399593686E-007   4.0440034181784632E-007   4.1482580805741486E-007   4.2570897735558323E-007   4.3845596111284621E-007   4.5139823216545298E-007
   8.9064460000000008        4.2019569939822823E-007   4.4095599763750086E-007   4.6055587760256443E-007   4.7486452511876520E-007   4.8752510669241450E-007   5.0084369483244390E-007   5.1518152284544788E-007
   8.9959579999999999        3.3920551262536443E-007   3.5386635307559032E-007   3.6268517536903017E-007   3.7060428912303380E-007   3.7823111080344137E-007   3.8768154588453923E-007   3.9735678197888408E-007
   9.0863689999999995        2.0498165037043110E-007   2.1260390005085705E-007   2.1667154686682910E-007   2.2087868217445092E-007   2.2487740020514540E-007   2.2888091982032636E-007   2.3397206164433535E-007
   9.1776900000000001        1.1326312499675027E-007   1.1540099838637147E-007   1.1686320832582941E-007   1.1823118250901588E-007   1.1984256760198310E-007   1.2159546504552806E-007   1.2390511186608129E-007
   9.2699280000000002        9.1510826331221086E-008   9.5022103269958233E-008   9.6848726198111882E-008   9.8798814552393341E-008   1.0085414648090013E-007   1.0363814237401840E-007   1.0631789579093582E-007
   9.3630929999999992        1.2790972843791554E-007   1.2965141022925043E-007   1.3131141191797650E-007   1.3283346144868117E-007   1.3468446771908067E-007   1.3667919397803119E-007   1.3947868643439558E-007
   9.4571939999999994        1.2472239490513170E-007   1.2696782180466763E-007   1.2861282884539976E-007   1.3018673966810614E-007   1.3203529635342153E-007   1.3421312178584265E-007   1.3750259876893234E-007
   9.5522419999999997        1.3269652664049499E-007   1.3446184584124789E-007   1.3632407250503052E-007   1.3811552580278094E-007   1.4018150047603979E-007   1.4247959253502150E-007   1.4396094778445174E-007
   9.6482440000000000        1.6836649481393948E-007   1.7049111422321539E-007   1.7215817611042528E-007   1.7383978436995793E-007   1.7546853204284686E-007   1.7714742297197948E-007   1.7916344324225298E-007
   9.7452110000000012        2.2669736693009664E-007   2.2944864991327267E-007   2.3334916398480163E-007   2.3731139424692866E-007   2.4062761947082490E-007   2.4445486605357178E-007   2.4735298899596917E-007
   9.8431530000000009        2.9761244796552461E-007   3.0819970015157595E-007   3.1695672765766771E-007   3.2365274063396102E-007   3.3037537964095824E-007   3.3708214976155018E-007   3.4364404928631820E-007
   9.9420790000000014        3.8157482317103572E-007   3.9419007251903977E-007   4.1206765074131371E-007   4.2661378738749063E-007   4.4019204913497406E-007   4.5425069107011643E-007   4.6836666771079033E-007
   10.042000000000000        3.1026212810029248E-007   3.2403893758999608E-007   3.3736027242108203E-007   3.4770668219930554E-007   3.5769240206915129E-007   3.6742263401755843E-007   3.7902155080967580E-007
   10.142920000000000        2.0926089501167886E-007   2.1209343623447914E-007   2.1550064911204011E-007   2.1862651797999985E-007   2.2159616335547575E-007   2.2544084609041548E-007   2.2860907543447625E-007
   10.244860000000001        1.6451263846686065E-007   1.6662962299525253E-007   1.6933152032058199E-007   1.7176080933996551E-007   1.7420363370725428E-007   1.7684396402681703E-007   1.8133419912442258E-007
   10.347830000000000        1.5841137755733248E-007   1.8670958934002311E-007   2.0902944842796498E-007   2.1400443976381979E-007   2.1687716795576682E-007   2.1993498655530759E-007   2.2278251282316869E-007
   10.451820000000000        2.1945911049044183E-007   2.2189726246595747E-007   2.2466218337646711E-007   2.2727858681459949E-007   2.2980326675259306E-007   2.3298010408398201E-007   2.3518209610207877E-007
   10.556870000000000        1.7693925354367690E-007   1.7917193897154509E-007   1.8181962065108399E-007   1.8433246073812583E-007   1.8699300815167733E-007   1.9003144504344807E-007   1.9216266887557884E-007
   10.662970000000000        2.0392706646254550E-007   2.0660218373282841E-007   2.0976671555817145E-007   2.1283174183097029E-007   2.1590625938415847E-007   2.1891120808296043E-007   2.2228177249350670E-007
   10.770130000000002        1.9830747403094071E-007   2.3508111550180594E-007   2.5816283636868019E-007   2.6935016564113494E-007   2.7428060120367082E-007   2.7908106334166511E-007   2.8285135119180251E-007
   10.878380000000000        2.6182481208833996E-007   2.7272215677033179E-007   2.7911157535694097E-007   2.8454908347239223E-007   2.8975344326679971E-007   2.9556758280235890E-007   3.0170975737686564E-007
   10.987710000000002        2.6795529545856437E-007   2.8500139221009471E-007   2.9288099036865468E-007   2.9965513502730004E-007   3.0602920398832589E-007   3.1260944394712131E-007   3.1855919978176310E-007
   11.098140000000003        3.3958104225679137E-007   3.5594439456337395E-007   3.7120199828984741E-007   3.8361871718210250E-007   3.9567036889951125E-007   4.1004125511454070E-007   4.2669971483215783E-007
   11.209670000000001        3.5220865332978443E-007   3.7880028003615919E-007   3.9662074405949757E-007   4.0953458814391371E-007   4.2268948766521328E-007   4.3687156899627294E-007   4.5076165594416160E-007
   11.322330000000001        3.6897552003788372E-007   3.9572741446347615E-007   4.1275181553483519E-007   4.2635124773198155E-007   4.4063384157397341E-007   4.5882142011882606E-007   4.7559135758261932E-007
   11.436130000000002        4.0508228355216706E-007   4.3124253190739983E-007   4.5345005352278832E-007   4.7046856848464451E-007   4.8701651298248964E-007   5.0811714771870100E-007   5.2627591404237835E-007
   11.551060000000000        3.5476041688855652E-007   3.8333835718784900E-007   4.0255982586901517E-007   4.1739275059924736E-007   4.3173934972395111E-007   4.4845262382019890E-007   4.6409718294076850E-007
   11.667149999999999        3.5277363194415993E-007   3.8601448815033408E-007   4.0255841725599099E-007   4.1615651620756834E-007   4.3041014512598016E-007   4.4642463128793505E-007   4.5726593934121939E-007
   11.784409999999999        3.6178596518568639E-007   3.8866839978368596E-007   4.0628484028005005E-007   4.1883013407615558E-007   4.3083159940846611E-007   4.4462817711182300E-007   4.5565362445292117E-007
   11.902850000000001        3.4094017292893079E-007   3.6618891691891588E-007   3.7838982120121270E-007   3.8847535983833254E-007   3.9942857241344264E-007   4.1100673790808718E-007   4.2327134437073691E-007
   12.022470000000000        2.9722524733702328E-007   3.1679119725885207E-007   3.2972901377671015E-007   3.3936045931801912E-007   3.4868257537605467E-007   3.6018459209214762E-007   3.7376151716833470E-007
   12.143300000000000        3.2750351122324249E-007   3.4373043950958611E-007   3.5546721074541915E-007   3.6475911720716591E-007   3.7391313070091877E-007   3.8430467887943815E-007   3.9469204424766465E-007
   12.265350000000000        2.7321307445241197E-007   2.8226924396635930E-007   2.9019292389114430E-007   2.9713423120932229E-007   3.0423178611200850E-007   3.1128131403253376E-007   3.1841354450898876E-007
   12.388620000000001        2.4548261055249475E-007   2.5576887684377305E-007   2.6248710360485558E-007   2.6931994659393685E-007   2.7625962894206299E-007   2.8411857958540756E-007   2.9038875722246848E-007
   12.513130000000000        2.1500217602594400E-007   2.2571902591786091E-007   2.3337212015425194E-007   2.4234435659049691E-007   2.5112104108086111E-007   2.5940611455338045E-007   2.6671836850572987E-007
   12.638890000000000        1.7263058423882759E-007   1.7969501486150617E-007   1.8595489862221015E-007   1.9218707303032854E-007   1.9833660767438314E-007   2.0474784698010997E-007   2.1132728168531565E-007
   12.765910000000002        2.0179338833906911E-007   2.1232902835077531E-007   2.1920510332138864E-007   2.2654348826842309E-007   2.3406080189839632E-007   2.4185314045980820E-007   2.4893481739902568E-007
   12.894209999999999        1.7401256838491634E-007   1.8283317137540632E-007   1.8999140750050861E-007   1.9781679871150372E-007   2.0582461266078904E-007   2.1392702205614876E-007   2.2055142416888437E-007
   13.023800000000001        1.4182792212455958E-007   1.5077994441438012E-007   1.5773491621431531E-007   1.6493082230004911E-007   1.7219057662152398E-007   1.7995566352586293E-007   1.8682656521696571E-007
   13.154690000000000        1.2879798250611058E-007   1.3863469194233343E-007   1.4540987053181396E-007   1.5243185579014375E-007   1.5955138864061113E-007   1.6628918039945209E-007   1.7244906859843796E-007
   13.286899999999999        8.7073714685405122E-008   1.0092470339474882E-007   1.0787638853583260E-007   1.1420082700659044E-007   1.2027203947420111E-007   1.2688504408529594E-007   1.3345631296421402E-007
   13.420439999999999        7.5066857039518750E-008   8.6960803656797467E-008   9.3522549708128850E-008   9.9414385195592149E-008   1.0516798668622937E-007   1.1130934058636337E-007   1.1591865592922531E-007
   13.555320000000000        5.4214674903443027E-008   6.4446661417338463E-008   7.1041768911880957E-008   7.6858353375109119E-008   8.2231224102896023E-008   8.8059170023435750E-008   9.5644653126044768E-008
   13.691549999999999        5.5279459953766264E-008   6.6512947506542313E-008   7.3507715882022261E-008   7.9812565343770583E-008   8.5820001140807436E-008   9.1707058557564613E-008   9.9460045334535037E-008
   13.829150000000002        5.2226543379171472E-008   5.9359815913952376E-008   6.4951406367084109E-008   7.0766896548924103E-008   7.6553406792604623E-008   8.3016440230195883E-008   8.9879279723514672E-008
   13.968140000000002        4.8752741126778134E-008   5.7429689560282168E-008   6.3670016221871789E-008   6.9594519832542938E-008   7.5834004896507299E-008   8.2022708729599352E-008   8.9069771759851293E-008
   14.108520000000002        3.1483237092062209E-008   4.1991592339500300E-008   4.7781296679267264E-008   5.4018239560767655E-008   6.0748199957755218E-008   6.8807120593372904E-008   7.6665220880894528E-008
   14.250320000000002        1.6464272652211943E-008   2.6195840474483998E-008   3.0947281147819550E-008   3.7281589774696202E-008   4.5034423275710406E-008   5.3782883611373669E-008   6.3317947675401511E-008
   14.393540000000002        6.9856992409666771E-009   1.6386143894801358E-008   2.0754173445705836E-008   2.6730461340353535E-008   3.6322873011986399E-008   4.5755253372039806E-008   5.7161615899079633E-008
   14.538200000000000        1.7252913756102442E-009   8.7041104867561405E-009   1.2678551458168338E-008   1.8646366967673763E-008   2.9499777647934268E-008   4.3596699795817997E-008   6.5281191891013683E-008
   14.684310000000000        3.0472940351806476E-010   4.4923926855843761E-009   7.5469026181423010E-009   1.3399303176670751E-008   2.3809502127048771E-008   3.5690670948127321E-008   4.9673690633393370E-008
   14.831890000000000        1.5732433010725246E-010   3.4885835982921155E-009   6.3122868658501439E-009   1.2092317424838118E-008   2.2818647785901240E-008   3.5839122207503107E-008   5.4481485775109384E-008
   14.980950000000000        8.6001283340637924E-011   2.0996528026765711E-009   4.3688272886444055E-009   1.1629704307570950E-008   4.5972752130037045E-008   1.2347436667784467E-007   2.0992371075029032E-007
   15.131520000000000        3.1484682396378674E-010   4.8753238543158674E-009   8.3637760306816321E-009   1.4546108169828921E-008   2.5217427549185631E-008   3.7312895899989752E-008   5.0664145065467758E-008
   15.283590000000002        6.7333859722896639E-010   6.9074304238466502E-009   1.0812627396067035E-008   1.7620909613146561E-008   2.9185271176330978E-008   4.1764818960563578E-008   5.6854574284979204E-008
   15.437190000000001        3.1703005329146844E-009   1.2900042718438499E-008   1.7668024638859077E-008   2.4489996112083547E-008   3.5721665289728225E-008   4.8026254943532120E-008   6.0924298238484686E-008
   15.592340000000000        1.2493870347519816E-008   2.4389806945587920E-008   3.0059888595761692E-008   3.7163819590174818E-008   4.6414547132386022E-008   5.7071947620360349E-008   6.8878402016680903E-008
   15.749050000000002        3.1843563028385920E-008   4.2182464416403279E-008   4.9056496456129597E-008   5.6633014721899188E-008   6.4793476328133559E-008   7.4598776522356550E-008   8.5731251136468786E-008
   15.907330000000000        4.8665791356928960E-008   6.1692025629980813E-008   6.9601039712043793E-008   7.7295961927411183E-008   8.4760643704893555E-008   9.3557258204763655E-008   1.0193475134927948E-007
   15.993430000000000        5.9561648316889757E-008   7.1875946867837007E-008   8.0299120701094817E-008   8.8265950181863977E-008   9.5656575187103134E-008   1.0331915907218780E-007   1.1383494515965512E-007
