#  lambda [mu]     flux/flux_star
      6.030151     1.2695045E-010     0.0000000E+000
      6.090755     1.5514779E-010     0.0000000E+000
      6.151969     1.9453154E-010     0.0000000E+000
      6.213798     6.9704762E-010     0.0000000E+000
      6.276248     1.2787754E-009     0.0000000E+000
      6.339326     7.1893681E-010     0.0000000E+000
      6.403038     2.5144925E-010     0.0000000E+000
      6.467390     2.7943889E-010     0.0000000E+000
      6.532389     2.5089678E-010     0.0000000E+000
      6.598041     2.7825143E-010     0.0000000E+000
      6.664353     4.0817468E-010     0.0000000E+000
      6.731331     9.1478046E-010     0.0000000E+000
      6.798983     9.0179639E-010     0.0000000E+000
      6.867314     9.5131321E-010     0.0000000E+000
      6.936333     1.8595811E-009     0.0000000E+000
      7.006044     1.4103406E-009     0.0000000E+000
      7.076457     2.5655206E-009     0.0000000E+000
      7.147577     2.5350570E-009     0.0000000E+000
      7.219412     3.7006924E-009     0.0000000E+000
      7.291969     3.8635232E-009     0.0000000E+000
      7.365255     6.8583607E-009     0.0000000E+000
      7.439278     8.7523161E-009     0.0000000E+000
      7.514044     1.3267336E-008     0.0000000E+000
      7.589562     1.0983428E-008     0.0000000E+000
      7.665839     2.0035958E-008     0.0000000E+000
      7.742883     2.1689154E-008     0.0000000E+000
      7.820701     2.6229517E-008     0.0000000E+000
      7.899301     1.9173430E-008     0.0000000E+000
      7.978691     4.5682196E-008     0.0000000E+000
      8.058879     6.0429211E-008     0.0000000E+000
      8.139872     8.5643177E-008     0.0000000E+000
      8.221680     6.6943319E-008     0.0000000E+000
      8.304310     1.1560484E-007     0.0000000E+000
      8.387771     1.1196196E-007     0.0000000E+000
      8.472070     1.0619659E-007     0.0000000E+000
      8.557216     1.3523904E-007     0.0000000E+000
      8.643218     2.1240054E-007     0.0000000E+000
      8.730085     1.9097368E-007     0.0000000E+000
      8.817824     1.9420221E-007     0.0000000E+000
      8.906446     2.3229060E-007     0.0000000E+000
      8.995958     1.7901222E-007     0.0000000E+000
      9.086369     1.0950087E-007     0.0000000E+000
      9.177690     5.8747247E-008     0.0000000E+000
      9.269928     4.9212737E-008     0.0000000E+000
      9.363093     6.8802673E-008     0.0000000E+000
      9.457194     6.8913914E-008     0.0000000E+000
      9.552242     7.4509990E-008     0.0000000E+000
      9.648244     9.7360208E-008     0.0000000E+000
      9.745211     1.3791393E-007     0.0000000E+000
      9.843153     1.8944319E-007     0.0000000E+000
      9.942079     2.6494615E-007     0.0000000E+000
     10.042000     2.1660596E-007     0.0000000E+000
     10.142920     1.3600577E-007     0.0000000E+000
     10.244860     1.0678187E-007     0.0000000E+000
     10.347830     1.2868716E-007     0.0000000E+000
     10.451820     1.4914412E-007     0.0000000E+000
     10.556870     1.2212377E-007     0.0000000E+000
     10.662970     1.4530220E-007     0.0000000E+000
     10.770130     1.7703485E-007     0.0000000E+000
     10.878380     2.0450590E-007     0.0000000E+000
     10.987710     2.1421226E-007     0.0000000E+000
     11.098140     2.9435310E-007     0.0000000E+000
     11.209670     3.1058971E-007     0.0000000E+000
     11.322330     3.2947445E-007     0.0000000E+000
     11.436130     3.7863672E-007     0.0000000E+000
     11.551060     3.3792496E-007     0.0000000E+000
     11.667150     3.3386900E-007     0.0000000E+000
     11.784410     3.5002174E-007     0.0000000E+000
     11.902850     3.3237480E-007     0.0000000E+000
     12.022470     3.0062162E-007     0.0000000E+000
     12.143300     3.3162932E-007     0.0000000E+000
     12.265350     2.6716376E-007     0.0000000E+000
     12.388620     2.4393073E-007     0.0000000E+000
     12.513130     2.1599830E-007     0.0000000E+000
     12.638890     1.8111442E-007     0.0000000E+000
     12.765910     2.1618941E-007     0.0000000E+000
     12.894210     1.9146507E-007     0.0000000E+000
     13.023800     1.6320778E-007     0.0000000E+000
     13.154690     1.5507428E-007     0.0000000E+000
     13.286900     1.1854181E-007     0.0000000E+000
     13.420440     1.0670792E-007     0.0000000E+000
     13.555320     8.7520534E-008     0.0000000E+000
     13.691550     9.1260505E-008     0.0000000E+000
     13.829150     8.5490181E-008     0.0000000E+000
     13.968140     8.6823423E-008     0.0000000E+000
     14.108520     7.3234633E-008     0.0000000E+000
     14.250320     5.9385365E-008     0.0000000E+000
     14.393540     5.1141304E-008     0.0000000E+000
     14.538200     4.5602484E-008     0.0000000E+000
     14.684310     4.3114285E-008     0.0000000E+000
     14.831890     4.4273357E-008     0.0000000E+000
     14.980950     3.8066371E-008     0.0000000E+000
     15.131520     5.1432382E-008     0.0000000E+000
     15.283590     5.5396781E-008     0.0000000E+000
     15.437190     6.2860971E-008     0.0000000E+000
     15.592340     7.8752330E-008     0.0000000E+000
     15.749050     1.0241439E-007     0.0000000E+000
     15.907330     1.3140892E-007     0.0000000E+000
     15.993430     1.4595162E-007     0.0000000E+000
