   6.0301510000000009        5.6180520635500352E-010
   6.0907549999999997        6.7397341350844003E-010
   6.1519690000000002        8.2953039483952492E-010
   6.2137979999999997        2.9177593981928096E-009
   6.2762479999999998        5.2544309437266990E-009
   6.3393259999999998        2.8997867331875563E-009
   6.4030379999999996        9.9556405618127326E-010
   6.4673900000000000        1.0860476768120753E-009
   6.5323890000000011        9.5704522187660803E-010
   6.5980410000000012        1.0414301943730878E-009
   6.6643530000000002        1.4989729799150151E-009
   6.7313310000000008        3.2962434612874072E-009
   6.7989830000000007        3.1883433513164170E-009
   6.8673140000000004        3.3001528202034585E-009
   6.9363330000000003        6.3296408797407288E-009
   7.0060440000000010        4.7102200977912106E-009
   7.0764570000000004        8.4070855126503754E-009
   7.1475770000000001        8.1509860826861637E-009
   7.2194120000000011        1.1675016657613776E-008
   7.2919690000000008        1.1959411412225238E-008
   7.3652550000000012        2.0830420997892156E-008
   7.4392779999999998        2.6077515862955533E-008
   7.5140440000000002        3.8776598655972068E-008
   7.5895620000000008        3.1489535719291598E-008
   7.6658390000000001        5.6348262015217741E-008
   7.7428830000000000        5.9834919554822426E-008
   7.8207009999999997        7.0981276332746041E-008
   7.8993010000000004        5.0897262797372365E-008
   7.9786910000000013        1.1895491537551569E-007
   8.0588790000000010        1.5435575634713083E-007
   8.1398720000000022        2.1458973974736888E-007
   8.2216799999999992        1.6453161863561506E-007
   8.3043099999999992        2.7870192155442436E-007
   8.3877710000000008        2.6476216329241479E-007
   8.4720700000000004        2.4632999137727359E-007
   8.5572160000000004        3.0770163277254675E-007
   8.6432179999999992        4.7402805069486330E-007
   8.7300850000000008        4.1806354656955758E-007
   8.8178239999999999        4.1700681373266426E-007
   8.9064460000000008        4.8926081326043326E-007
   8.9959579999999999        3.6983762331770527E-007
   9.0863689999999995        2.2190413077357319E-007
   9.1776900000000001        1.1672625056174470E-007
   9.2699280000000002        9.5850921901657341E-008
   9.3630929999999992        1.3135953148358286E-007
   9.4571939999999994        1.2897349933717855E-007
   9.5522419999999997        1.3669259540864303E-007
   9.6482440000000000        1.7508493088107482E-007
   9.7452110000000012        2.4311510735387931E-007
   9.8431530000000009        3.2735506078917712E-007
   9.9420790000000014        4.4878021581159241E-007
   10.042000000000000        3.5965179895429599E-007
   10.142920000000000        2.2136304664761381E-007
   10.244860000000001        1.7036506903949425E-007
   10.347830000000000        2.0125782693535063E-007
   10.451820000000000        2.2864371576384035E-007
   10.556870000000000        1.8352170732207241E-007
   10.662970000000000        2.1403944102577554E-007
   10.770130000000002        2.5563190997932060E-007
   10.878380000000000        2.8946465682809832E-007
   10.987710000000002        2.9721303458371962E-007
   11.098140000000003        4.0033693496547176E-007
   11.209670000000001        4.1407420567400027E-007
   11.322330000000001        4.3057224031686915E-007
   11.436130000000002        4.8504205714914758E-007
   11.551060000000000        4.2433626656766672E-007
   11.667149999999999        4.1095911275563749E-007
   11.784409999999999        4.2232788208124824E-007
   11.902850000000001        3.9311057769554447E-007
   12.022470000000000        3.4852930498774235E-007
   12.143300000000000        3.7688054799202439E-007
   12.265350000000000        2.9761820044059644E-007
   12.388620000000001        2.6636665871438745E-007
   12.513130000000000        2.3120372683186489E-007
   12.638890000000000        1.9003281141537913E-007
   12.765910000000002        2.2235203813487307E-007
   12.894209999999999        1.9303097271896740E-007
   13.023800000000001        1.6129051427779001E-007
   13.154690000000000        1.5022362834547928E-007
   13.286899999999999        1.1256414561902267E-007
   13.420439999999999        9.9324173368375293E-008
   13.555320000000000        7.9854251430782606E-008
   13.691549999999999        8.1620810295021072E-008
   13.829150000000002        7.4948681526181617E-008
   13.968140000000002        7.4612877929412141E-008
   14.108520000000002        6.1691139211369972E-008
   14.250320000000002        4.9035926018868406E-008
   14.393540000000002        4.1393827139429155E-008
   14.538200000000000        3.6181028976933140E-008
   14.684310000000000        3.3530676497244769E-008
   14.831890000000000        3.3751420416938029E-008
   14.980950000000000        2.8445893143644163E-008
   15.131520000000000        3.7674058457391865E-008
   15.283590000000002        3.9775768439940579E-008
   15.437190000000001        4.4242857937653818E-008
   15.592340000000000        5.4331668445563212E-008
   15.749050000000002        6.9259282368178781E-008
   15.907330000000000        8.7110266128510068E-008
   15.993430000000000        9.5713214388932899E-008
