   948.33911547656317        1.0000000000000000E-050   1.0000000000000000E-050   1.0000000000000000E-050   1.0000000000000000E-050   1.0000000000000000E-050   3.4432504913062165E-008   6.3742081324932760E-003
   540.17668346768926        1.0000000000000000E-050   1.0000000000000000E-050   1.0000000000000000E-050   1.0000000000000000E-050   1.2037573500102092E-010   3.2334357916742807E-004   2.0224606921045087E-002
   307.68619009827569        1.0000000000000000E-050   1.0000000000000000E-050   1.0000000000000000E-050   1.0000000000000000E-050   6.7038511162392146E-007   1.2793685497472145E-003   3.2034288422009401E-002
   175.25893744514963        1.0000000000000000E-050   1.0000000000000000E-050   1.0000000000000000E-050   4.1786355674427256E-012   7.9461147565815599E-006   2.9966520606442256E-003   3.2034288422009401E-002
   99.827994050016400        1.0000000000000000E-050   1.0000000000000000E-050   1.0000000000000000E-050   5.0397670181799990E-009   3.8437186734081077E-005   5.1182485031490005E-003   3.2191289602852356E-002
   56.862312081339851        1.0000000000000000E-050   1.0000000000000000E-050   1.0000000000000000E-050   5.2967490204020165E-008   1.0132573962791184E-004   6.3598687505718792E-003   3.2191289602852356E-002
   32.388936249842999        1.0000000000000000E-050   1.0000000000000000E-050   1.9399673888248020E-011   2.1142770114763610E-007   1.5031728567034926E-004   6.3742081324932760E-003   3.2191289602852356E-002
   18.448831097401879        1.0000000000000000E-050   1.0000000000000000E-050   1.4891072898904780E-010   3.4595467279878924E-007   1.8201901083145632E-004   6.5482736697373622E-003   3.2191289602852356E-002
   10.508507171553447        1.0000000000000000E-050   1.0000000000000000E-050   4.5661869931033358E-010   5.1428409867714367E-007   1.9276913294004328E-004   6.5520137443333144E-003   3.2191289602852356E-002
   5.9856758616073966        1.0000000000000000E-050   1.0000000000000000E-050   8.6093819327664193E-010   7.4899515541061717E-007   2.2421139212949905E-004   7.3273887307666553E-003   3.2191289602852356E-002
   3.4094581595011659        1.0000000000000000E-050   9.3785919482238791E-012   1.2877055252753164E-009   8.1896148690009910E-007   2.5367774483746151E-004   7.5653420150173616E-003   3.2191289602852356E-002
   1.9420371584016021        1.0000000000000000E-050   1.9675229663738146E-011   1.5478387953434413E-009   8.8141976575381364E-007   2.7356864540828668E-004   8.3311227030024842E-003   3.7591254644447715E-002
   1.1061899422647188        2.3546973028599137E-012   2.0546285727023552E-011   1.5606635988571284E-009   9.0350137561838437E-007   2.8496444925946092E-004   8.3311227030024842E-003   3.7591254644447715E-002
  0.63008896769758649        2.3546973028599137E-012   2.0546285727023552E-011   1.5606635988571284E-009   9.0350137561838437E-007   2.8496444925946092E-004   8.3311227030024842E-003   3.7591254644447715E-002
  0.35890048539168795        2.3546973028599137E-012   2.0546285727023552E-011   1.5606635988571284E-009   9.0350137561838437E-007   2.8496444925946092E-004   8.3311227030024842E-003   3.7591254644447715E-002
  0.20443074711349610        2.3546973028599137E-012   2.0546285727023552E-011   1.5606635988571284E-009   9.0350137561838437E-007   2.8496444925946092E-004   8.3311227030024842E-003   3.7591254644447715E-002
  0.11644434060815591        2.3546973028599137E-012   2.0546285727023552E-011   1.5606635988571284E-009   9.0350137561838437E-007   2.8496444925946092E-004   8.3311227030024842E-003   3.7591254644447715E-002
   6.6327030797086461E-002   2.3546973028599137E-012   2.0546285727023552E-011   1.5606635988571284E-009   9.0350137561838437E-007   2.8496444925946092E-004   8.3311227030024842E-003   3.7591254644447715E-002
   3.7780067209634040E-002   2.3546973028599137E-012   2.0546285727023552E-011   1.5606635988571284E-009   9.0350137561838437E-007   2.8496444925946092E-004   8.3311227030024842E-003   3.7591254644447715E-002
   2.1519634773507202E-002   2.3546973028599137E-012   2.0546285727023552E-011   1.5606635988571284E-009   9.0350137561838437E-007   2.8496444925946092E-004   8.3311227030024842E-003   3.7591254644447715E-002
   1.2257645763717693E-002   2.3546973028599137E-012   2.0546285727023552E-011   1.5606635988571284E-009   9.0350137561838437E-007   2.8496444925946092E-004   8.3311227030024842E-003   3.7591254644447715E-002
   6.9819902266073323E-003   2.3546973028599137E-012   2.0546285727023552E-011   1.5606635988571284E-009   9.0350137561838437E-007   2.8496444925946092E-004   8.3311227030024842E-003   3.7591254644447715E-002
   3.9769616828652004E-003   2.3546973028599137E-012   2.0546285727023552E-011   1.5606635988571284E-009   9.0350137561838437E-007   2.8496444925946092E-004   8.3311227030024842E-003   3.7591254644447715E-002
   2.2652887949777835E-003   2.3546973028599137E-012   2.0546285727023552E-011   1.5606635988571284E-009   9.0350137561838437E-007   2.8496444925946092E-004   8.3311227030024842E-003   3.7591254644447715E-002
   1.2903150027221066E-003   2.3546973028599137E-012   2.0546285727023552E-011   1.5606635988571284E-009   9.0350137561838437E-007   2.8496444925946092E-004   8.3311227030024842E-003   3.7591254644447715E-002
   7.3496713087572096E-004   2.3546973028599137E-012   2.0546285727023552E-011   1.5606635988571284E-009   9.0350137561838437E-007   2.8496444925946092E-004   8.3311227030024842E-003   3.7591254644447715E-002
   4.1863938831069100E-004   2.3546973028599137E-012   2.0546285727023552E-011   1.5606635988571284E-009   9.0350137561838437E-007   2.8496444925946092E-004   8.3311227030024842E-003   3.7591254644447715E-002
   2.3845819776501634E-004   2.3546973028599137E-012   2.0546285727023552E-011   1.5606635988571284E-009   9.0350137561838437E-007   2.8496444925946092E-004   8.3311227030024842E-003   3.7591254644447715E-002
   1.3582647421398351E-004   2.3546973028599137E-012   2.0546285727023552E-011   1.5606635988571284E-009   9.0350137561838437E-007   2.8496444925946092E-004   8.3311227030024842E-003   3.7591254644447715E-002
   7.7367149757551540E-005   2.3546973028599137E-012   2.0546285727023552E-011   1.5606635988571284E-009   9.0350137561838437E-007   2.8496444925946092E-004   8.3311227030024842E-003   3.7591254644447715E-002
   4.4068550672805239E-005   2.3546973028599137E-012   2.0546285727023552E-011   1.5606635988571284E-009   9.0350137561838437E-007   2.8496444925946092E-004   8.3311227030024842E-003   3.7591254644447715E-002
   2.5101573012414721E-005   2.3546973028599137E-012   2.0546285727023552E-011   1.5606635988571284E-009   9.0350137561838437E-007   2.8496444925946092E-004   8.3311227030024842E-003   3.7591254644447715E-002
   1.4297928070650519E-005   2.3546973028599137E-012   2.0546285727023552E-011   1.5606635988571284E-009   9.0350137561838437E-007   2.8496444925946092E-004   8.3311227030024842E-003   3.7591254644447715E-002
   8.1441408876005043E-006   2.3546973028599137E-012   2.0546285727023552E-011   1.5606635988571284E-009   9.0350137561838437E-007   2.8496444925946092E-004   8.3311227030024842E-003   3.7591254644447715E-002
   4.6389260366497884E-006   2.3546973028599137E-012   2.0546285727023552E-011   1.5606635988571284E-009   9.0350137561838437E-007   2.8496444925946092E-004   8.3311227030024842E-003   3.7591254644447715E-002
   2.6423455918193887E-006   2.3546973028599137E-012   2.0546285727023552E-011   1.5606635988571284E-009   9.0350137561838437E-007   2.8496444925946092E-004   8.3311227030024842E-003   3.7591254644447715E-002
   1.5050876369759321E-006   2.3546973028599137E-012   2.0546285727023552E-011   1.5606635988571284E-009   9.0350137561838437E-007   2.8496444925946092E-004   8.3311227030024842E-003   3.7591254644447715E-002
   8.5730224009722700E-007   2.3546973028599137E-012   2.0546285727023552E-011   1.5606635988571284E-009   9.0350137561838437E-007   2.8496444925946092E-004   8.3311227030024842E-003   3.7591254644447715E-002
   4.8832181782613124E-007   2.3546973028599137E-012   2.0546285727023552E-011   1.5606635988571284E-009   9.0350137561838437E-007   2.8496444925946092E-004   8.3311227030024842E-003   3.7591254644447715E-002
   2.7814950972013524E-007   2.3546973028599137E-012   2.0546285727023552E-011   1.5606635988571284E-009   9.0350137561838437E-007   2.8496444925946092E-004   8.3311227030024842E-003   3.7591254644447715E-002
   1.5843475948293271E-007   2.3546973028599137E-012   2.0546285727023552E-011   1.5606635988571284E-009   9.0350137561838437E-007   2.8496444925946092E-004   8.3311227030024842E-003   3.7591254644447715E-002
   9.0244893969689559E-008   2.3546973028599137E-012   2.0546285727023552E-011   1.5606635988571284E-009   9.0350137561838437E-007   2.8496444925946092E-004   8.3311227030024842E-003   3.7591254644447715E-002
   5.1403750756334897E-008   2.3546973028599137E-012   2.0546285727023552E-011   1.5606635988571284E-009   9.0350137561838437E-007   2.8496444925946092E-004   8.3311227030024842E-003   3.7591254644447715E-002
   2.9279724044075802E-008   2.3546973028599137E-012   2.0546285727023552E-011   1.5606635988571284E-009   9.0350137561838437E-007   2.8496444925946092E-004   8.3311227030024842E-003   3.7591254644447715E-002
   1.6677814896446609E-008   2.3546973028599137E-012   2.0546285727023552E-011   1.5606635988571284E-009   9.0350137561838437E-007   2.8496444925946092E-004   8.3311227030024842E-003   3.7591254644447715E-002
   9.4997312577614491E-009   2.3546973028599137E-012   2.0546285727023552E-011   1.5606635988571284E-009   9.0350137561838437E-007   2.8496444925946092E-004   8.3311227030024842E-003   3.7591254644447715E-002
   5.4110742042662478E-009   2.3546973028599137E-012   2.0546285727023552E-011   1.5606635988571284E-009   9.0350137561838437E-007   2.8496444925946092E-004   8.3311227030024842E-003   3.7591254644447715E-002
   3.0821634054283023E-009   2.3546973028599137E-012   2.0546285727023552E-011   1.5606635988571284E-009   9.0350137561838437E-007   2.8496444925946092E-004   8.3311227030024842E-003   3.7591254644447715E-002
   1.7556091266077246E-009   2.3546973028599137E-012   2.0546285727023552E-011   1.5606635988571284E-009   9.0350137561838437E-007   2.8496444925946092E-004   8.3311227030024842E-003   3.7591254644447715E-002
   1.0000000000000007E-009   2.3546973028599137E-012   2.0546285727023552E-011   1.5606635988571284E-009   9.0350137561838437E-007   2.8496444925946092E-004   8.3311227030024842E-003   3.7591254644447715E-002
