   948.33911547656317        1.0000000000000000E-050   1.0000000000000000E-050   1.0000000000000000E-050   1.0000000000000000E-050   1.0000000000000000E-050  0.20825986794708518       0.35023382993178925     
   540.17668346768926        1.0000000000000000E-050   1.0000000000000000E-050   1.0000000000000000E-050   1.0000000000000000E-050  0.12342298295106763       0.26884604178075572       0.37151290516639951     
   307.68619009827569        1.0000000000000000E-050   1.0000000000000000E-050   1.0000000000000000E-050   1.0000000000000000E-050  0.20671353760093014       0.30291636429524799       0.37151290516639951     
   175.25893744514963        1.0000000000000000E-050   1.0000000000000000E-050   1.0000000000000000E-050   8.9254316695768651E-002  0.22884448750539124       0.31143555485183338       0.37151290516639951     
   99.827994050016400        1.0000000000000000E-050   1.0000000000000000E-050   1.0000000000000000E-050  0.15762778090232465       0.24304652356025958       0.31408397828503887       0.37151290516639951     
   56.862312081339851        1.0000000000000000E-050   1.0000000000000000E-050   1.0000000000000000E-050  0.18068795558425491       0.25340827026885027       0.32149770413919426       0.37151290516639951     
   32.388936249842999        1.0000000000000000E-050   1.0000000000000000E-050   9.5932656144390463E-002  0.19304858718491846       0.25755310235223855       0.32673132995000631       0.37423575202024645     
   18.448831097401879        1.0000000000000000E-050   1.0000000000000000E-050  0.12112879243805573       0.19868028911084534       0.25917225717774978       0.32678673465894675       0.37423575202024645     
   10.508507171553447        1.0000000000000000E-050   1.0000000000000000E-050  0.13356398831301453       0.20138487794687199       0.26224064032604355       0.32958014359085869       0.37423575202024645     
   5.9856758616073966        1.0000000000000000E-050   1.0000000000000000E-050  0.13937425177096346       0.20253045807958853       0.26303285647222985       0.33062452195933134       0.37423575202024645     
   3.4094581595011659        1.0000000000000000E-050   9.2006764817113854E-002  0.14329253470447861       0.20388548023829461       0.26327987226581501       0.33062452195933134       0.37423575202024645     
   1.9420371584016021        1.0000000000000000E-050   9.6773337513416269E-002  0.14552113690980711       0.20462506730654939       0.26351954263737903       0.33062452195933134       0.37423575202024645     
   1.1061899422647188        6.5095133697797916E-002   9.7466167297686659E-002  0.14644149601943932       0.20462506730654939       0.26352665012291376       0.33062452195933134       0.37423575202024645     
  0.63008896769758649        6.5095133697797916E-002   9.7466167297686659E-002  0.14644149601943932       0.20462506730654939       0.26352665012291376       0.33062452195933134       0.37423575202024645     
  0.35890048539168795        6.5095133697797916E-002   9.7466167297686659E-002  0.14644149601943932       0.20462506730654939       0.26352665012291376       0.33062452195933134       0.37423575202024645     
  0.20443074711349610        6.5095133697797916E-002   9.7466167297686659E-002  0.14644149601943932       0.20462506730654939       0.26352665012291376       0.33062452195933134       0.37423575202024645     
  0.11644434060815591        6.5095133697797916E-002   9.7466167297686659E-002  0.14644149601943932       0.20462506730654939       0.26352665012291376       0.33062452195933134       0.37423575202024645     
   6.6327030797086461E-002   6.5095133697797916E-002   9.7466167297686659E-002  0.14644149601943932       0.20462506730654939       0.26352665012291376       0.33062452195933134       0.37423575202024645     
   3.7780067209634040E-002   6.5095133697797916E-002   9.7466167297686659E-002  0.14644149601943932       0.20462506730654939       0.26352665012291376       0.33062452195933134       0.37423575202024645     
   2.1519634773507202E-002   6.5095133697797916E-002   9.7466167297686659E-002  0.14644149601943932       0.20462506730654939       0.26352665012291376       0.33062452195933134       0.37423575202024645     
   1.2257645763717693E-002   6.5095133697797916E-002   9.7466167297686659E-002  0.14644149601943932       0.20462506730654939       0.26352665012291376       0.33062452195933134       0.37423575202024645     
   6.9819902266073323E-003   6.5095133697797916E-002   9.7466167297686659E-002  0.14644149601943932       0.20462506730654939       0.26352665012291376       0.33062452195933134       0.37423575202024645     
   3.9769616828652004E-003   6.5095133697797916E-002   9.7466167297686659E-002  0.14644149601943932       0.20462506730654939       0.26352665012291376       0.33062452195933134       0.37423575202024645     
   2.2652887949777835E-003   6.5095133697797916E-002   9.7466167297686659E-002  0.14644149601943932       0.20462506730654939       0.26352665012291376       0.33062452195933134       0.37423575202024645     
   1.2903150027221066E-003   6.5095133697797916E-002   9.7466167297686659E-002  0.14644149601943932       0.20462506730654939       0.26352665012291376       0.33062452195933134       0.37423575202024645     
   7.3496713087572096E-004   6.5095133697797916E-002   9.7466167297686659E-002  0.14644149601943932       0.20462506730654939       0.26352665012291376       0.33062452195933134       0.37423575202024645     
   4.1863938831069100E-004   6.5095133697797916E-002   9.7466167297686659E-002  0.14644149601943932       0.20462506730654939       0.26352665012291376       0.33062452195933134       0.37423575202024645     
   2.3845819776501634E-004   6.5095133697797916E-002   9.7466167297686659E-002  0.14644149601943932       0.20462506730654939       0.26352665012291376       0.33062452195933134       0.37423575202024645     
   1.3582647421398351E-004   6.5095133697797916E-002   9.7466167297686659E-002  0.14644149601943932       0.20462506730654939       0.26352665012291376       0.33062452195933134       0.37423575202024645     
   7.7367149757551540E-005   6.5095133697797916E-002   9.7466167297686659E-002  0.14644149601943932       0.20462506730654939       0.26352665012291376       0.33062452195933134       0.37423575202024645     
   4.4068550672805239E-005   6.5095133697797916E-002   9.7466167297686659E-002  0.14644149601943932       0.20462506730654939       0.26352665012291376       0.33062452195933134       0.37423575202024645     
   2.5101573012414721E-005   6.5095133697797916E-002   9.7466167297686659E-002  0.14644149601943932       0.20462506730654939       0.26352665012291376       0.33062452195933134       0.37423575202024645     
   1.4297928070650519E-005   6.5095133697797916E-002   9.7466167297686659E-002  0.14644149601943932       0.20462506730654939       0.26352665012291376       0.33062452195933134       0.37423575202024645     
   8.1441408876005043E-006   6.5095133697797916E-002   9.7466167297686659E-002  0.14644149601943932       0.20462506730654939       0.26352665012291376       0.33062452195933134       0.37423575202024645     
   4.6389260366497884E-006   6.5095133697797916E-002   9.7466167297686659E-002  0.14644149601943932       0.20462506730654939       0.26352665012291376       0.33062452195933134       0.37423575202024645     
   2.6423455918193887E-006   6.5095133697797916E-002   9.7466167297686659E-002  0.14644149601943932       0.20462506730654939       0.26352665012291376       0.33062452195933134       0.37423575202024645     
   1.5050876369759321E-006   6.5095133697797916E-002   9.7466167297686659E-002  0.14644149601943932       0.20462506730654939       0.26352665012291376       0.33062452195933134       0.37423575202024645     
   8.5730224009722700E-007   6.5095133697797916E-002   9.7466167297686659E-002  0.14644149601943932       0.20462506730654939       0.26352665012291376       0.33062452195933134       0.37423575202024645     
   4.8832181782613124E-007   6.5095133697797916E-002   9.7466167297686659E-002  0.14644149601943932       0.20462506730654939       0.26352665012291376       0.33062452195933134       0.37423575202024645     
   2.7814950972013524E-007   6.5095133697797916E-002   9.7466167297686659E-002  0.14644149601943932       0.20462506730654939       0.26352665012291376       0.33062452195933134       0.37423575202024645     
   1.5843475948293271E-007   6.5095133697797916E-002   9.7466167297686659E-002  0.14644149601943932       0.20462506730654939       0.26352665012291376       0.33062452195933134       0.37423575202024645     
   9.0244893969689559E-008   6.5095133697797916E-002   9.7466167297686659E-002  0.14644149601943932       0.20462506730654939       0.26352665012291376       0.33062452195933134       0.37423575202024645     
   5.1403750756334897E-008   6.5095133697797916E-002   9.7466167297686659E-002  0.14644149601943932       0.20462506730654939       0.26352665012291376       0.33062452195933134       0.37423575202024645     
   2.9279724044075802E-008   6.5095133697797916E-002   9.7466167297686659E-002  0.14644149601943932       0.20462506730654939       0.26352665012291376       0.33062452195933134       0.37423575202024645     
   1.6677814896446609E-008   6.5095133697797916E-002   9.7466167297686659E-002  0.14644149601943932       0.20462506730654939       0.26352665012291376       0.33062452195933134       0.37423575202024645     
   9.4997312577614491E-009   6.5095133697797916E-002   9.7466167297686659E-002  0.14644149601943932       0.20462506730654939       0.26352665012291376       0.33062452195933134       0.37423575202024645     
   5.4110742042662478E-009   6.5095133697797916E-002   9.7466167297686659E-002  0.14644149601943932       0.20462506730654939       0.26352665012291376       0.33062452195933134       0.37423575202024645     
   3.0821634054283023E-009   6.5095133697797916E-002   9.7466167297686659E-002  0.14644149601943932       0.20462506730654939       0.26352665012291376       0.33062452195933134       0.37423575202024645     
   1.7556091266077246E-009   6.5095133697797916E-002   9.7466167297686659E-002  0.14644149601943932       0.20462506730654939       0.26352665012291376       0.33062452195933134       0.37423575202024645     
   1.0000000000000007E-009   6.5095133697797916E-002   9.7466167297686659E-002  0.14644149601943932       0.20462506730654939       0.26352665012291376       0.33062452195933134       0.37423575202024645     
