   948.33911547656317        1.0000000000000000E-050   1.0000000000000000E-050   1.0000000000000000E-050   1.0000000000000000E-050   1.0000000000000000E-050   9.1004604751080068E-008   2.3018313962004502E-002
   540.17668346768926        1.0000000000000000E-050   1.0000000000000000E-050   1.0000000000000000E-050   1.0000000000000000E-050   9.5747265558163806E-011   7.2735772902723255E-004  0.10652484434585138     
   307.68619009827569        1.0000000000000000E-050   1.0000000000000000E-050   1.0000000000000000E-050   1.0000000000000000E-050   5.2262852146207828E-007   8.3696934791909587E-003  0.11541639564210456     
   175.25893744514963        1.0000000000000000E-050   1.0000000000000000E-050   1.0000000000000000E-050   4.7384281101659966E-012   6.2045814769545409E-006   2.0348600180847897E-002  0.18850025893989600     
   99.827994050016400        1.0000000000000000E-050   1.0000000000000000E-050   1.0000000000000000E-050   1.6434701597991295E-009   5.2669459243752388E-005   3.2355290197522708E-002  0.22865325966538314     
   56.862312081339851        1.0000000000000000E-050   1.0000000000000000E-050   1.0000000000000000E-050   2.4360595640982997E-008   1.8471831687996048E-004   4.2594981586169325E-002  0.23415079546685591     
   32.388936249842999        1.0000000000000000E-050   1.0000000000000000E-050   1.1648877452363041E-011   1.1720650381718753E-007   2.8527990082187422E-004   4.3315068608054612E-002  0.23415079546685591     
   18.448831097401879        1.0000000000000000E-050   1.0000000000000000E-050   9.5747265558163806E-011   2.3970760333780982E-007   4.7125382066218576E-004   4.5760066025452059E-002  0.23415079546685591     
   10.508507171553447        1.0000000000000000E-050   1.0000000000000000E-050   2.5258423865592372E-010   3.7130520913108247E-007   6.8623322703539294E-004   5.2723961594153677E-002  0.28759741048503235     
   5.9856758616073966        1.0000000000000000E-050   1.0000000000000000E-050   4.6756658647032383E-010   5.3105958415808474E-007   8.1937693595468162E-004   7.5724334716998576E-002  0.28759741048503235     
   3.4094581595011659        1.0000000000000000E-050   8.0020463956047517E-012   6.4814891871448464E-010   6.0722842829604456E-007   8.2359417739757816E-004   7.7459890259208339E-002  0.28759741048503235     
   1.9420371584016021        1.0000000000000000E-050   1.2640889677327774E-011   7.7698320187465041E-010   6.7673104708952554E-007   9.5515212988286642E-004   7.9536185290550523E-002  0.28759741048503235     
   1.1061899422647188        2.5825340454194948E-012   1.3982267045015747E-011   7.8857307747530546E-010   6.8999883645519389E-007   9.5515212988286642E-004   7.9536185290550523E-002  0.28759741048503235     
  0.63008896769758649        2.5825340454194948E-012   1.3982267045015747E-011   7.8857307747530546E-010   6.8999883645519389E-007   9.5515212988286642E-004   7.9536185290550523E-002  0.28759741048503235     
  0.35890048539168795        2.5825340454194948E-012   1.3982267045015747E-011   7.8857307747530546E-010   6.8999883645519389E-007   9.5515212988286642E-004   7.9536185290550523E-002  0.28759741048503235     
  0.20443074711349610        2.5825340454194948E-012   1.3982267045015747E-011   7.8857307747530546E-010   6.8999883645519389E-007   9.5515212988286642E-004   7.9536185290550523E-002  0.28759741048503235     
  0.11644434060815591        2.5825340454194948E-012   1.3982267045015747E-011   7.8857307747530546E-010   6.8999883645519389E-007   9.5515212988286642E-004   7.9536185290550523E-002  0.28759741048503235     
   6.6327030797086461E-002   2.5825340454194948E-012   1.3982267045015747E-011   7.8857307747530546E-010   6.8999883645519389E-007   9.5515212988286642E-004   7.9536185290550523E-002  0.28759741048503235     
   3.7780067209634040E-002   2.5825340454194948E-012   1.3982267045015747E-011   7.8857307747530546E-010   6.8999883645519389E-007   9.5515212988286642E-004   7.9536185290550523E-002  0.28759741048503235     
   2.1519634773507202E-002   2.5825340454194948E-012   1.3982267045015747E-011   7.8857307747530546E-010   6.8999883645519389E-007   9.5515212988286642E-004   7.9536185290550523E-002  0.28759741048503235     
   1.2257645763717693E-002   2.5825340454194948E-012   1.3982267045015747E-011   7.8857307747530546E-010   6.8999883645519389E-007   9.5515212988286642E-004   7.9536185290550523E-002  0.28759741048503235     
   6.9819902266073323E-003   2.5825340454194948E-012   1.3982267045015747E-011   7.8857307747530546E-010   6.8999883645519389E-007   9.5515212988286642E-004   7.9536185290550523E-002  0.28759741048503235     
   3.9769616828652004E-003   2.5825340454194948E-012   1.3982267045015747E-011   7.8857307747530546E-010   6.8999883645519389E-007   9.5515212988286642E-004   7.9536185290550523E-002  0.28759741048503235     
   2.2652887949777835E-003   2.5825340454194948E-012   1.3982267045015747E-011   7.8857307747530546E-010   6.8999883645519389E-007   9.5515212988286642E-004   7.9536185290550523E-002  0.28759741048503235     
   1.2903150027221066E-003   2.5825340454194948E-012   1.3982267045015747E-011   7.8857307747530546E-010   6.8999883645519389E-007   9.5515212988286642E-004   7.9536185290550523E-002  0.28759741048503235     
   7.3496713087572096E-004   2.5825340454194948E-012   1.3982267045015747E-011   7.8857307747530546E-010   6.8999883645519389E-007   9.5515212988286642E-004   7.9536185290550523E-002  0.28759741048503235     
   4.1863938831069100E-004   2.5825340454194948E-012   1.3982267045015747E-011   7.8857307747530546E-010   6.8999883645519389E-007   9.5515212988286642E-004   7.9536185290550523E-002  0.28759741048503235     
   2.3845819776501634E-004   2.5825340454194948E-012   1.3982267045015747E-011   7.8857307747530546E-010   6.8999883645519389E-007   9.5515212988286642E-004   7.9536185290550523E-002  0.28759741048503235     
   1.3582647421398351E-004   2.5825340454194948E-012   1.3982267045015747E-011   7.8857307747530546E-010   6.8999883645519389E-007   9.5515212988286642E-004   7.9536185290550523E-002  0.28759741048503235     
   7.7367149757551540E-005   2.5825340454194948E-012   1.3982267045015747E-011   7.8857307747530546E-010   6.8999883645519389E-007   9.5515212988286642E-004   7.9536185290550523E-002  0.28759741048503235     
   4.4068550672805239E-005   2.5825340454194948E-012   1.3982267045015747E-011   7.8857307747530546E-010   6.8999883645519389E-007   9.5515212988286642E-004   7.9536185290550523E-002  0.28759741048503235     
   2.5101573012414721E-005   2.5825340454194948E-012   1.3982267045015747E-011   7.8857307747530546E-010   6.8999883645519389E-007   9.5515212988286642E-004   7.9536185290550523E-002  0.28759741048503235     
   1.4297928070650519E-005   2.5825340454194948E-012   1.3982267045015747E-011   7.8857307747530546E-010   6.8999883645519389E-007   9.5515212988286642E-004   7.9536185290550523E-002  0.28759741048503235     
   8.1441408876005043E-006   2.5825340454194948E-012   1.3982267045015747E-011   7.8857307747530546E-010   6.8999883645519389E-007   9.5515212988286642E-004   7.9536185290550523E-002  0.28759741048503235     
   4.6389260366497884E-006   2.5825340454194948E-012   1.3982267045015747E-011   7.8857307747530546E-010   6.8999883645519389E-007   9.5515212988286642E-004   7.9536185290550523E-002  0.28759741048503235     
   2.6423455918193887E-006   2.5825340454194948E-012   1.3982267045015747E-011   7.8857307747530546E-010   6.8999883645519389E-007   9.5515212988286642E-004   7.9536185290550523E-002  0.28759741048503235     
   1.5050876369759321E-006   2.5825340454194948E-012   1.3982267045015747E-011   7.8857307747530546E-010   6.8999883645519389E-007   9.5515212988286642E-004   7.9536185290550523E-002  0.28759741048503235     
   8.5730224009722700E-007   2.5825340454194948E-012   1.3982267045015747E-011   7.8857307747530546E-010   6.8999883645519389E-007   9.5515212988286642E-004   7.9536185290550523E-002  0.28759741048503235     
   4.8832181782613124E-007   2.5825340454194948E-012   1.3982267045015747E-011   7.8857307747530546E-010   6.8999883645519389E-007   9.5515212988286642E-004   7.9536185290550523E-002  0.28759741048503235     
   2.7814950972013524E-007   2.5825340454194948E-012   1.3982267045015747E-011   7.8857307747530546E-010   6.8999883645519389E-007   9.5515212988286642E-004   7.9536185290550523E-002  0.28759741048503235     
   1.5843475948293271E-007   2.5825340454194948E-012   1.3982267045015747E-011   7.8857307747530546E-010   6.8999883645519389E-007   9.5515212988286642E-004   7.9536185290550523E-002  0.28759741048503235     
   9.0244893969689559E-008   2.5825340454194948E-012   1.3982267045015747E-011   7.8857307747530546E-010   6.8999883645519389E-007   9.5515212988286642E-004   7.9536185290550523E-002  0.28759741048503235     
   5.1403750756334897E-008   2.5825340454194948E-012   1.3982267045015747E-011   7.8857307747530546E-010   6.8999883645519389E-007   9.5515212988286642E-004   7.9536185290550523E-002  0.28759741048503235     
   2.9279724044075802E-008   2.5825340454194948E-012   1.3982267045015747E-011   7.8857307747530546E-010   6.8999883645519389E-007   9.5515212988286642E-004   7.9536185290550523E-002  0.28759741048503235     
   1.6677814896446609E-008   2.5825340454194948E-012   1.3982267045015747E-011   7.8857307747530546E-010   6.8999883645519389E-007   9.5515212988286642E-004   7.9536185290550523E-002  0.28759741048503235     
   9.4997312577614491E-009   2.5825340454194948E-012   1.3982267045015747E-011   7.8857307747530546E-010   6.8999883645519389E-007   9.5515212988286642E-004   7.9536185290550523E-002  0.28759741048503235     
   5.4110742042662478E-009   2.5825340454194948E-012   1.3982267045015747E-011   7.8857307747530546E-010   6.8999883645519389E-007   9.5515212988286642E-004   7.9536185290550523E-002  0.28759741048503235     
   3.0821634054283023E-009   2.5825340454194948E-012   1.3982267045015747E-011   7.8857307747530546E-010   6.8999883645519389E-007   9.5515212988286642E-004   7.9536185290550523E-002  0.28759741048503235     
   1.7556091266077246E-009   2.5825340454194948E-012   1.3982267045015747E-011   7.8857307747530546E-010   6.8999883645519389E-007   9.5515212988286642E-004   7.9536185290550523E-002  0.28759741048503235     
   1.0000000000000007E-009   2.5825340454194948E-012   1.3982267045015747E-011   7.8857307747530546E-010   6.8999883645519389E-007   9.5515212988286642E-004   7.9536185290550523E-002  0.28759741048503235     
