   948.33911547656317        1.0000000000000000E-050   1.0000000000000000E-050   1.0000000000000000E-050   1.0000000000000000E-050   1.0000000000000000E-050   9.2980508129695429E-010   3.3575598432226192E-007
   540.17668346768926        1.0000000000000000E-050   1.0000000000000000E-050   1.0000000000000000E-050   1.0000000000000000E-050   2.0364755010939066E-011   8.0901766669466099E-008   8.4257334478775437E-007
   307.68619009827569        1.0000000000000000E-050   1.0000000000000000E-050   1.0000000000000000E-050   1.0000000000000000E-050   1.7169669790261467E-009   1.9002253708263330E-007   1.4949903593856435E-006
   175.25893744514963        1.0000000000000000E-050   1.0000000000000000E-050   1.0000000000000000E-050   2.9812932637415876E-012   9.8824906623397535E-009   3.4273619735533046E-007   2.0344261916513228E-006
   99.827994050016400        1.0000000000000000E-050   1.0000000000000000E-050   1.0000000000000000E-050   1.4910403070064312E-010   2.2762644140383660E-008   4.0036117739709344E-007   2.0344261916513228E-006
   56.862312081339851        1.0000000000000000E-050   1.0000000000000000E-050   1.0000000000000000E-050   5.4585620654503728E-010   3.9108448859674662E-008   4.6565200186476071E-007   2.2378456607573364E-006
   32.388936249842999        1.0000000000000000E-050   1.0000000000000000E-050   8.6661966261323538E-012   1.0758172806952548E-009   6.1819948534345630E-008   5.1692440597492443E-007   2.4793247366707782E-006
   18.448831097401879        1.0000000000000000E-050   1.0000000000000000E-050   3.2976548302397131E-011   1.7079810265399140E-009   7.2352937879563667E-008   5.4915668079413791E-007   2.4793247366707782E-006
   10.508507171553447        1.0000000000000000E-050   1.0000000000000000E-050   5.5259940310122383E-011   2.5025635243673474E-009   8.0901766669466099E-008   5.5243031426194277E-007   2.4793247366707782E-006
   5.9856758616073966        1.0000000000000000E-050   1.0000000000000000E-050   7.8874428436104513E-011   3.1016009407550606E-009   8.7578775284479229E-008   5.7021259769602044E-007   2.4793247366707782E-006
   3.4094581595011659        1.0000000000000000E-050   5.7092843243225247E-012   9.2403076712092574E-011   3.4322583632132758E-009   9.1988001862958417E-008   5.8955751774978010E-007   2.4793247366707782E-006
   1.9420371584016021        1.0000000000000000E-050   9.6020886643744231E-012   1.0606494422764197E-010   3.6321197266896409E-009   9.5836863228901739E-008   6.0111707585421076E-007   2.4793247366707782E-006
   1.1061899422647188        1.7422014544463278E-012   1.0052471043107309E-011   1.0684345922025912E-010   3.6712416783714343E-009   9.7139810683339840E-008   6.0111707585421076E-007   2.4793247366707782E-006
  0.63008896769758649        1.7422014544463278E-012   1.0052471043107309E-011   1.0684345922025912E-010   3.6712416783714343E-009   9.7139810683339840E-008   6.0111707585421076E-007   2.4793247366707782E-006
  0.35890048539168795        1.7422014544463278E-012   1.0052471043107309E-011   1.0684345922025912E-010   3.6712416783714343E-009   9.7139810683339840E-008   6.0111707585421076E-007   2.4793247366707782E-006
  0.20443074711349610        1.7422014544463278E-012   1.0052471043107309E-011   1.0684345922025912E-010   3.6712416783714343E-009   9.7139810683339840E-008   6.0111707585421076E-007   2.4793247366707782E-006
  0.11644434060815591        1.7422014544463278E-012   1.0052471043107309E-011   1.0684345922025912E-010   3.6712416783714343E-009   9.7139810683339840E-008   6.0111707585421076E-007   2.4793247366707782E-006
   6.6327030797086461E-002   1.7422014544463278E-012   1.0052471043107309E-011   1.0684345922025912E-010   3.6712416783714343E-009   9.7139810683339840E-008   6.0111707585421076E-007   2.4793247366707782E-006
   3.7780067209634040E-002   1.7422014544463278E-012   1.0052471043107309E-011   1.0684345922025912E-010   3.6712416783714343E-009   9.7139810683339840E-008   6.0111707585421076E-007   2.4793247366707782E-006
   2.1519634773507202E-002   1.7422014544463278E-012   1.0052471043107309E-011   1.0684345922025912E-010   3.6712416783714343E-009   9.7139810683339840E-008   6.0111707585421076E-007   2.4793247366707782E-006
   1.2257645763717693E-002   1.7422014544463278E-012   1.0052471043107309E-011   1.0684345922025912E-010   3.6712416783714343E-009   9.7139810683339840E-008   6.0111707585421076E-007   2.4793247366707782E-006
   6.9819902266073323E-003   1.7422014544463278E-012   1.0052471043107309E-011   1.0684345922025912E-010   3.6712416783714343E-009   9.7139810683339840E-008   6.0111707585421076E-007   2.4793247366707782E-006
   3.9769616828652004E-003   1.7422014544463278E-012   1.0052471043107309E-011   1.0684345922025912E-010   3.6712416783714343E-009   9.7139810683339840E-008   6.0111707585421076E-007   2.4793247366707782E-006
   2.2652887949777835E-003   1.7422014544463278E-012   1.0052471043107309E-011   1.0684345922025912E-010   3.6712416783714343E-009   9.7139810683339840E-008   6.0111707585421076E-007   2.4793247366707782E-006
   1.2903150027221066E-003   1.7422014544463278E-012   1.0052471043107309E-011   1.0684345922025912E-010   3.6712416783714343E-009   9.7139810683339840E-008   6.0111707585421076E-007   2.4793247366707782E-006
   7.3496713087572096E-004   1.7422014544463278E-012   1.0052471043107309E-011   1.0684345922025912E-010   3.6712416783714343E-009   9.7139810683339840E-008   6.0111707585421076E-007   2.4793247366707782E-006
   4.1863938831069100E-004   1.7422014544463278E-012   1.0052471043107309E-011   1.0684345922025912E-010   3.6712416783714343E-009   9.7139810683339840E-008   6.0111707585421076E-007   2.4793247366707782E-006
   2.3845819776501634E-004   1.7422014544463278E-012   1.0052471043107309E-011   1.0684345922025912E-010   3.6712416783714343E-009   9.7139810683339840E-008   6.0111707585421076E-007   2.4793247366707782E-006
   1.3582647421398351E-004   1.7422014544463278E-012   1.0052471043107309E-011   1.0684345922025912E-010   3.6712416783714343E-009   9.7139810683339840E-008   6.0111707585421076E-007   2.4793247366707782E-006
   7.7367149757551540E-005   1.7422014544463278E-012   1.0052471043107309E-011   1.0684345922025912E-010   3.6712416783714343E-009   9.7139810683339840E-008   6.0111707585421076E-007   2.4793247366707782E-006
   4.4068550672805239E-005   1.7422014544463278E-012   1.0052471043107309E-011   1.0684345922025912E-010   3.6712416783714343E-009   9.7139810683339840E-008   6.0111707585421076E-007   2.4793247366707782E-006
   2.5101573012414721E-005   1.7422014544463278E-012   1.0052471043107309E-011   1.0684345922025912E-010   3.6712416783714343E-009   9.7139810683339840E-008   6.0111707585421076E-007   2.4793247366707782E-006
   1.4297928070650519E-005   1.7422014544463278E-012   1.0052471043107309E-011   1.0684345922025912E-010   3.6712416783714343E-009   9.7139810683339840E-008   6.0111707585421076E-007   2.4793247366707782E-006
   8.1441408876005043E-006   1.7422014544463278E-012   1.0052471043107309E-011   1.0684345922025912E-010   3.6712416783714343E-009   9.7139810683339840E-008   6.0111707585421076E-007   2.4793247366707782E-006
   4.6389260366497884E-006   1.7422014544463278E-012   1.0052471043107309E-011   1.0684345922025912E-010   3.6712416783714343E-009   9.7139810683339840E-008   6.0111707585421076E-007   2.4793247366707782E-006
   2.6423455918193887E-006   1.7422014544463278E-012   1.0052471043107309E-011   1.0684345922025912E-010   3.6712416783714343E-009   9.7139810683339840E-008   6.0111707585421076E-007   2.4793247366707782E-006
   1.5050876369759321E-006   1.7422014544463278E-012   1.0052471043107309E-011   1.0684345922025912E-010   3.6712416783714343E-009   9.7139810683339840E-008   6.0111707585421076E-007   2.4793247366707782E-006
   8.5730224009722700E-007   1.7422014544463278E-012   1.0052471043107309E-011   1.0684345922025912E-010   3.6712416783714343E-009   9.7139810683339840E-008   6.0111707585421076E-007   2.4793247366707782E-006
   4.8832181782613124E-007   1.7422014544463278E-012   1.0052471043107309E-011   1.0684345922025912E-010   3.6712416783714343E-009   9.7139810683339840E-008   6.0111707585421076E-007   2.4793247366707782E-006
   2.7814950972013524E-007   1.7422014544463278E-012   1.0052471043107309E-011   1.0684345922025912E-010   3.6712416783714343E-009   9.7139810683339840E-008   6.0111707585421076E-007   2.4793247366707782E-006
   1.5843475948293271E-007   1.7422014544463278E-012   1.0052471043107309E-011   1.0684345922025912E-010   3.6712416783714343E-009   9.7139810683339840E-008   6.0111707585421076E-007   2.4793247366707782E-006
   9.0244893969689559E-008   1.7422014544463278E-012   1.0052471043107309E-011   1.0684345922025912E-010   3.6712416783714343E-009   9.7139810683339840E-008   6.0111707585421076E-007   2.4793247366707782E-006
   5.1403750756334897E-008   1.7422014544463278E-012   1.0052471043107309E-011   1.0684345922025912E-010   3.6712416783714343E-009   9.7139810683339840E-008   6.0111707585421076E-007   2.4793247366707782E-006
   2.9279724044075802E-008   1.7422014544463278E-012   1.0052471043107309E-011   1.0684345922025912E-010   3.6712416783714343E-009   9.7139810683339840E-008   6.0111707585421076E-007   2.4793247366707782E-006
   1.6677814896446609E-008   1.7422014544463278E-012   1.0052471043107309E-011   1.0684345922025912E-010   3.6712416783714343E-009   9.7139810683339840E-008   6.0111707585421076E-007   2.4793247366707782E-006
   9.4997312577614491E-009   1.7422014544463278E-012   1.0052471043107309E-011   1.0684345922025912E-010   3.6712416783714343E-009   9.7139810683339840E-008   6.0111707585421076E-007   2.4793247366707782E-006
   5.4110742042662478E-009   1.7422014544463278E-012   1.0052471043107309E-011   1.0684345922025912E-010   3.6712416783714343E-009   9.7139810683339840E-008   6.0111707585421076E-007   2.4793247366707782E-006
   3.0821634054283023E-009   1.7422014544463278E-012   1.0052471043107309E-011   1.0684345922025912E-010   3.6712416783714343E-009   9.7139810683339840E-008   6.0111707585421076E-007   2.4793247366707782E-006
   1.7556091266077246E-009   1.7422014544463278E-012   1.0052471043107309E-011   1.0684345922025912E-010   3.6712416783714343E-009   9.7139810683339840E-008   6.0111707585421076E-007   2.4793247366707782E-006
   1.0000000000000007E-009   1.7422014544463278E-012   1.0052471043107309E-011   1.0684345922025912E-010   3.6712416783714343E-009   9.7139810683339840E-008   6.0111707585421076E-007   2.4793247366707782E-006
