#  lambda [mu]   flux(180.0) [Jy]         fstar [Jy]
      6.030151     5.6180521E-010     4.4253895E+000     7.6801671E-009
      6.090755     6.7397341E-010     4.3440735E+000     7.5385974E-009
      6.151969     8.2953039E-010     4.2642464E+000     7.3983158E-009
      6.213798     2.9177594E-009     4.1858824E+000     7.2532629E-009
      6.276248     5.2544309E-009     4.1089552E+000     7.1123935E-009
      6.339326     2.8997867E-009     4.0334376E+000     6.9911506E-009
      6.403038     9.9556406E-010     3.9593042E+000     6.8700449E-009
      6.467390     1.0860477E-009     3.8865302E+000     6.7440143E-009
      6.532389     9.5704522E-010     3.8144979E+000     6.6209434E-009
      6.598041     1.0414302E-009     3.7427667E+000     6.4967646E-009
      6.664353     1.4989730E-009     3.6723811E+000     6.3717264E-009
      6.731331     3.2962435E-009     3.6033164E+000     6.2449959E-009
      6.798983     3.1883434E-009     3.5355468E+000     6.1279656E-009
      6.867314     3.3001528E-009     3.4690497E+000     6.0137185E-009
      6.936333     6.3296409E-009     3.4037993E+000     5.8947850E-009
      7.006044     4.7102201E-009     3.3397750E+000     5.7874053E-009
      7.076457     8.4070855E-009     3.2769510E+000     5.6741471E-009
      7.147577     8.1509861E-009     3.2153068E+000     5.5676058E-009
      7.219412     1.1675017E-008     3.1548196E+000     5.4601585E-009
      7.291969     1.1959411E-008     3.0954677E+000     5.3582316E-009
      7.365255     2.0830421E-008     3.0372303E+000     5.2533999E-009
      7.439278     2.6077516E-008     2.9794989E+000     5.1527105E-009
      7.514044     3.8776599E-008     2.9227118E+000     5.0506223E-009
      7.589562     3.1489536E-008     2.8670044E+000     4.9557682E-009
      7.665839     5.6348262E-008     2.8123568E+000     4.8592982E-009
      7.742883     5.9834920E-008     2.7587485E+000     4.7659303E-009
      7.820701     7.0981276E-008     2.7061603E+000     4.6748791E-009
      7.899301     5.0897263E-008     2.6545727E+000     4.5871174E-009
      7.978691     1.1895492E-007     2.6039667E+000     4.4935221E-009
      8.058879     1.5435576E-007     2.5543235E+000     4.4052742E-009
      8.139872     2.1458974E-007     2.5056256E+000     4.3185008E-009
      8.221680     1.6453162E-007     2.4577750E+000     4.2376767E-009
      8.304310     2.7870192E-007     2.4108154E+000     4.1522079E-009
      8.387771     2.6476216E-007     2.3647511E+000     4.0734973E-009
      8.472070     2.4632999E-007     2.3195658E+000     3.9961250E-009
      8.557216     3.0770163E-007     2.2752426E+000     3.9188745E-009
      8.643218     4.7402805E-007     2.2317648E+000     3.8391278E-009
      8.730085     4.1806355E-007     2.1891161E+000     3.7664305E-009
      8.817824     4.1700681E-007     2.1472815E+000     3.6957625E-009
      8.906446     4.8926081E-007     2.1062446E+000     3.6234715E-009
      8.995958     3.6983762E-007     2.0659909E+000     3.5561025E-009
      9.086369     2.2190413E-007     2.0265056E+000     3.4917196E-009
      9.177690     1.1672625E-007     1.9869229E+000     3.4276108E-009
      9.269928     9.5850922E-008     1.9476853E+000     3.3621128E-009
      9.363093     1.3135953E-007     1.9092214E+000     3.2943313E-009
      9.457194     1.2897350E-007     1.8715161E+000     3.2291947E-009
      9.552242     1.3669260E-007     1.8345539E+000     3.1652121E-009
      9.648244     1.7508493E-007     1.7983212E+000     3.1010385E-009
      9.745211     2.4311511E-007     1.7628031E+000     3.0378564E-009
      9.843153     3.2735506E-007     1.7279853E+000     2.9759623E-009
      9.942079     4.4878022E-007     1.6938545E+000     2.9145451E-009
     10.042000     3.5965180E-007     1.6603966E+000     2.8588520E-009
     10.142920     2.2136305E-007     1.6276004E+000     2.8055970E-009
     10.244860     1.7036507E-007     1.5954494E+000     2.7523518E-009
     10.347830     2.0125783E-007     1.5639309E+000     2.6984943E-009
     10.451820     2.2864372E-007     1.5330388E+000     2.6434946E-009
     10.556870     1.8352171E-007     1.5027518E+000     2.5923715E-009
     10.662970     2.1403944E-007     1.4730640E+000     2.5403282E-009
     10.770130     2.5563191E-007     1.4439637E+000     2.4903136E-009
     10.878380     2.8946466E-007     1.4154342E+000     2.4393231E-009
     10.987710     2.9721303E-007     1.3874697E+000     2.3911667E-009
     11.098140     4.0033693E-007     1.3600568E+000     2.3419291E-009
     11.209670     4.1407421E-007     1.3331871E+000     2.2959357E-009
     11.322330     4.3057224E-007     1.3068456E+000     2.2504427E-009
     11.436130     4.8504206E-007     1.2810222E+000     2.2055295E-009
     11.551060     4.2433627E-007     1.2557115E+000     2.1629172E-009
     11.667150     4.1095911E-007     1.2308993E+000     2.1202034E-009
     11.784410     4.2232788E-007     1.2065761E+000     2.0785419E-009
     11.902850     3.9311058E-007     1.1827328E+000     2.0375922E-009
     12.022470     3.4852930E-007     1.1593621E+000     1.9983068E-009
     12.143300     3.7688055E-007     1.1364512E+000     1.9583102E-009
     12.265350     2.9761820E-007     1.1139916E+000     1.9209508E-009
     12.388620     2.6636666E-007     1.0919766E+000     1.8836813E-009
     12.513130     2.3120373E-007     1.0703960E+000     1.8474394E-009
     12.638890     1.9003281E-007     1.0492417E+000     1.8120503E-009
     12.765910     2.2235204E-007     1.0285057E+000     1.7748646E-009
     12.894210     1.9303097E-007     1.0081785E+000     1.7403243E-009
     13.023800     1.6129051E-007     9.8825261E-001     1.7068184E-009
     13.154690     1.5022363E-007     9.6872048E-001     1.6739556E-009
     13.286900     1.1256415E-007     9.4957337E-001     1.6430388E-009
     13.420440     9.9324173E-008     9.3080417E-001     1.6117144E-009
     13.555320     7.9854251E-008     9.1240589E-001     1.5812060E-009
     13.691550     8.1620810E-008     8.9437167E-001     1.5499836E-009
     13.829150     7.4948682E-008     8.7669345E-001     1.5201708E-009
     13.968140     7.4612878E-008     8.5936347E-001     1.4900302E-009
     14.108520     6.1691139E-008     8.4237657E-001     1.4615678E-009
     14.250320     4.9035926E-008     8.2572408E-001     1.4339456E-009
     14.393540     4.1393827E-008     8.0940108E-001     1.4067847E-009
     14.538200     3.6181029E-008     7.9340040E-001     1.3801190E-009
     14.684310     3.3530676E-008     7.7771617E-001     1.3536343E-009
     14.831890     3.3751420E-008     7.6234156E-001     1.3271170E-009
     14.980950     2.8445893E-008     7.4727095E-001     1.3029697E-009
     15.131520     3.7674058E-008     7.3249687E-001     1.2748190E-009
     15.283590     3.9775768E-008     7.1801588E-001     1.2493349E-009
     15.437190     4.4242858E-008     7.0382078E-001     1.2241571E-009
     15.592340     5.4331668E-008     6.8990554E-001     1.1988153E-009
     15.749050     6.9259282E-008     6.7626513E-001     1.1740386E-009
     15.907330     8.7110266E-008     6.6289461E-001     1.1498122E-009
     15.993430     9.5713214E-008     6.5578728E-001     1.1371293E-009
