   948.33911547656317        358.07283711813307        412.03023006150954        486.00679112919477        620.79988628334411        862.33943818546027        1194.3930019261215        1833.9403471191724     
   540.17668346768926        358.07283711813307        412.03023006150954        485.58713674367493        618.97730043143520        849.96240097322868        1139.6568772179351        1644.6478743151715     
   307.68619009827569        358.07283711813307        412.03023006150954        484.44168602093265        614.09124182292487        821.53765076979994        1051.0086146681658        1409.2293257444339     
   175.25893744514963        358.07283711813307        412.03023006150954        480.66415021067201        598.87317685057519        768.90460357551899        968.35006742983035        1243.8986287744719     
   99.827994050016400        358.07283711813307        412.03023006150954        474.25472762462135        577.08304492214120        719.52448005485780        889.64458513761463        1073.3960795985936     
   56.862312081339851        358.07283711813307        410.99844970755311        463.09323103293207        548.74576525871487        660.42989218419245        794.36104698862312        929.28544790480055     
   32.388936249842999        358.07283711813307        409.32783560026741        449.07839419574884        518.50610033067687        603.96830440970621        702.14986604908654        812.08526680819944     
   18.448831097401879        358.07283711813307        400.86185536510169        431.85304602632453        485.09914190535000        550.19402834118307        625.35965402251031        704.61242814104594     
   10.508507171553447        358.07283711813307        387.88092606472719        411.88365189122123        452.20551460499706        501.50032405335321        557.89875544139898        615.13931388224091     
   5.9856758616073966        353.66271560308877        372.35143483893830        391.02248933092289        420.87190023293624        457.20216457188025        498.74449478332986        539.10694454059353     
   3.4094581595011659        339.29130996576436        353.54135200599342        368.90786167017012        391.47990582725868        418.28505007161834        448.24547508776470        478.14105401912383     
   1.9420371584016021        322.98733327253808        333.96837385847937        346.50171448837483        362.81552322106103        382.97017711824765        405.93306448093375        426.46040245590160     
   1.1061899422647188        305.19734409325076        314.10865616849441        324.74047698165867        336.86854424726653        351.87825106500867        367.24809663830609        389.10103476709736     
  0.63008896769758649        287.24186800220804        293.77364504694071        302.73785074725646        311.91295267667431        323.66369569051659        336.50529436517468        359.67852861034282     
  0.35890048539168795        268.41523067392399        273.99901496171191        281.66031671381921        289.24912669352256        299.20473875974039        310.20669096889145        327.56913001464983     
  0.20443074711349610        249.86355638564501        255.25721755532430        261.57984270685944        268.52779330194625        277.32705915697892        287.39894575004325        301.40877033315218     
  0.11644434060815591        229.87112038843688        236.69874553583276        242.74912745035945        249.10485956647088        257.59972154525866        266.72879100912553        279.60617269054376     
   6.6327030797086461E-002   211.79352746763411        219.01562618639088        225.24044608386393        231.34974825967331        239.35144131806121        247.59417813144856        257.52248999698998     
   3.7780067209634040E-002   191.43551645458709        202.74882528623536        208.98594987914370        214.88312672653663        222.43438853671103        230.38765384222370        238.42276523344816     
   2.1519634773507202E-002   173.32339477652616        187.03383506277345        193.88024108424054        199.99571658544201        206.94049963391382        213.99463560464696        221.65155332635217     
   1.2257645763717693E-002   155.72983821421397        172.52552173388526        179.75481668230529        186.34936199143684        192.95542234836040        199.61789742255104        208.04223878291745     
   6.9819902266073323E-003   133.47426841948996        157.52466018578713        166.52336770892788        173.69151062035320        180.84829177717594        187.81347788899819        194.08124494199666     
   3.9769616828652004E-003   111.24040613672190        143.81548226810460        154.02042248530290        162.06271259296747        170.09152277104047        177.58809330501524        183.71566355695126     
   2.2652887949777835E-003   90.645974638671220        128.78799333346379        141.44558264629521        151.14074437092648        161.19217847562439        170.19984209027470        178.65961515860076     
   1.2903150027221066E-003   72.619580734918131        114.17739133761428        129.72556659040634        140.99284943153026        153.68741226988814        164.24210496557706        174.19203736132843     
   7.3496713087572096E-004   57.518892894131938        99.126529856791748        118.00067562850376        131.25069566606393        146.67684106097039        158.97999635850073        170.02787075720178     
   4.1863938831069100E-004   45.300065318256145        85.863022116406768        107.07540606130647        122.53216580148386        140.56427708731033        154.62499797744539        165.86066518658117     
   2.3845819776501634E-004   35.682495827420802        72.517412187098017        95.754894857606942        114.15898969055013        134.45593660166969        150.69690776776264        161.44270733182782     
   1.3582647421398351E-004   28.332905163412157        61.720409276707507        85.320298552375888        106.38207002984041        128.95961854379556        147.43414205611370        157.79785921409774     
   7.7367149757551540E-005   22.846209321628592        53.146550870344065        75.131494668935304        98.903400491924799        123.40058704400573        143.55912250249662        155.35711318485954     
   4.4068550672805239E-005   18.759323519069397        46.235905277257963        66.403605904974143        91.498521085643546        118.21073484648196        139.31382621024301        153.34912845976822     
   2.5101573012414721E-005   14.269525875095891        35.694795337144136        57.751284790926626        84.926711957487242        112.79476405313895        135.55764861483431        151.43246680747529     
   1.4297928070650519E-005   9.1792439356611961        27.801678637251662        50.324365215797251        78.262070720499011        107.84010036618321        131.58951936560626        148.46832822998311     
   8.1441408876005043E-006   6.9898852398609188        22.501308936159056        43.305200030857598        72.234637360609113        102.12801780084054        127.53727675359485        235.29143387868442     
   4.6389260366497884E-006   4.5749141419917034        15.826180883868588        37.706682664781503        66.055757884578298        97.070268926610382        122.50387527497185        260.75067982889396     
   2.6423455918193887E-006   3.5728963687022164        11.477921626613043        32.082554308578167        59.830348252262382        91.693114447765467        122.80209998429669        228.43507451158280     
   1.5050876369759321E-006   3.9760743773924179        8.2882769283682602        26.551086401898168        54.470934841661631        87.356303221123426        124.44366307299609        322.17965179296493     
   8.5730224009722700E-007   3.6677460876388213        6.5653164771264390        21.922866414964556        48.330633069986149        84.541861407899461        154.45278868541834        316.78186013408680     
   4.8832181782613124E-007   3.4303383894058697        5.4844060376609898        17.239979428105361        42.848969395069119        80.011053708804255        175.52830119495104        347.03921294176831     
   2.7814950972013524E-007   3.3850640688746396        4.8752183619909726        14.273976096846820        38.389964304186513        80.595723076688202        191.04580692597719        341.23996846920636     
   1.5843475948293271E-007   3.3359786265842466        4.7028122869181450        11.709430437287011        34.213155576128656        83.181853010818386        227.20384640651812        373.34496207954425     
   9.0244893969689559E-008   3.2718329920801632        4.2615690715442183        10.363128623991802        33.821480065402795        89.346538543107172        259.31079560398973        420.59639367757205     
   5.1403750756334897E-008   3.2535125201111925        4.1071359232161946        9.3689009871866933        32.687237430976353        103.99897343624940        275.61603206254421        422.97244571438642     
   2.9279724044075802E-008   3.2564729924894236        4.1109373433706828        8.9440301664257937        32.496445367849773        118.72919981763910        309.26437898061562        468.29299035461537     
   1.6677814896446609E-008   3.2547700862772659        4.1705449711623013        9.0198684238710314        34.368763736581798        132.72840112830335        351.55695000629265        502.74792336176392     
   9.4997312577614491E-009   3.2758538078250363        4.0981974906977650        10.067230940397641        37.556712012329918        148.34603562582785        382.36637922089818        600.07679864071338     
   5.4110742042662478E-009   3.5936411000813901        4.3174030419652265        10.749652527285697        41.089784598192480        165.96970709546912        428.23259285412399        634.07230506223982     
   3.0821634054283023E-009   3.4266432576751971        4.6999605721494291        11.921449766015975        47.069032036980339        184.29113644372535        494.34089791921110        928.11125519859911     
   1.7556091266077246E-009   3.5991305975973349        5.0605131578168150        13.784310641735189        50.692313612135521        195.05163352381945        568.42416507127973        1194.5548608845886     
   1.0000000000000007E-009   3.2868649399682641        3.7415141965194612        8.4685733960129284        50.926167594298704        328.30433037546140        977.71641001421540        2269.5304000011361     
