#      par      median  1sig lower  1sig upper  (  3sig lower  3sig upper)
      pmax  5.0961E-01  4.0458E-03  3.4154E+01  (  1.0199E-04  8.8423E+02)
        H2  1.2901E-04  2.1945E-07  3.4033E-02  (  1.1053E-09  1.7084E+01)
       H2O  3.3937E+01  7.4523E+00  1.1315E+02  (  2.5334E-01  4.3881E+02)
       CO2  1.4095E+02  2.8957E+01  4.5224E+02  (  1.1888E+00  9.7777E+02)
       CH4  3.5722E-03  7.2301E-04  1.2729E-02  (  2.6277E-05  6.3279E-02)
       NH3  4.6233E-07  1.6598E-08  1.0742E-05  (  1.0081E-09  9.7938E-04)
        N2  1.1548E-04  1.1186E-07  9.9551E-02  (  1.0354E-09  1.0486E+02)
        Rp  8.6617E-02  8.2115E-02  9.1174E-02  (  6.9299E-02  1.0038E-01)
        Mp  3.4925E-03  2.0618E-03  4.9056E-03  (  1.0340E-03  5.9635E-03)
 Tpoint001  5.0926E+01  8.4466E+00  3.2830E+02  (  2.8237E+00  2.2695E+03)
 Tpoint002  4.1277E+01  8.5542E+00  2.1159E+02  (  2.7692E+00  1.4248E+03)
 Tpoint003  2.5893E+01  6.3940E+00  1.3868E+02  (  2.7147E+00  7.5379E+02)
 Tpoint004  5.5913E+01  2.7999E+01  8.0746E+01  (  6.4975E+00  1.1503E+02)
 Tpoint005  1.6993E+02  1.2479E+02  2.1268E+02  (  7.3312E+01  3.2866E+02)
 Tpoint006  8.3439E+02  5.7633E+02  1.1626E+03  (  4.4322E+02  1.9940E+03)
 Ppoint002  7.5863E-09  2.2613E-09  3.2712E-08  (  1.0033E-09  1.1309E-06)
 Ppoint003  7.3876E-08  1.3403E-08  4.7673E-07  (  1.3898E-09  2.1558E-05)
 Ppoint004  7.7272E-07  1.3540E-07  5.4890E-06  (  5.9885E-09  2.1617E-04)
 Ppoint005  5.4952E-03  6.7147E-04  3.4719E-02  (  2.5872E-05  1.0469E+00)
       C/O  4.4278E-01  4.2352E-01  4.6031E-01  (  3.8057E-01  4.8219E-01)
       [Z]  3.8554E+00  3.7245E+00  4.0205E+00  (  3.5173E+00  4.3735E+00)
   hotspot  0.0000E+00  0.0000E+00  0.0000E+00  (  0.0000E+00  0.0000E+00)
       MMW  3.8331E+01  3.6762E+01  3.9854E+01  (  3.3405E+01  4.1910E+01)
