   6.0301510000000009        7.1038172930982908E-005   8.4044014795536643E-006   7.7372374059299937E-005
   6.0907549999999997        7.1035004538691376E-005   8.4035224670486006E-006   7.7369021672404130E-005
   6.1519690000000002        7.1025814190741905E-005   8.4019381135284482E-006   7.7360115708690342E-005
   6.2137979999999997        7.0957867532719549E-005   8.3816542753635287E-006   7.7284899376861181E-005
   6.2762479999999998        7.0899499850620421E-005   8.3639101151666504E-006   7.7218990883589500E-005
   6.3393259999999998        7.0974702862147676E-005   8.3869011050102781E-006   7.7303711815585900E-005
   6.4030379999999996        7.1025928087078115E-005   8.4003325562477332E-006   7.7358847714128589E-005
   6.4673900000000000        7.1026379629085431E-005   8.3992897407863395E-006   7.7357960932757450E-005
   6.5323890000000011        7.1039611637341532E-005   8.4026544527859589E-006   7.7371738188073184E-005
   6.5980410000000012        7.1036740355193901E-005   8.4005209948002166E-006   7.7366789424698521E-005
   6.6643530000000002        7.1016303965797871E-005   8.3958786021621175E-006   7.7346364907759568E-005
   6.7313310000000008        7.0962128734371012E-005   8.3803448417631254E-006   7.7286541957876775E-005
   6.7989830000000007        7.0966983942501516E-005   8.3820599742926021E-006   7.7292384281095068E-005
   6.8673140000000004        7.0974282579021192E-005   8.3839101677826614E-006   7.7300203427650479E-005
   6.9363330000000003        7.0924556738603882E-005   8.3696062101909735E-006   7.7245340782859624E-005
   7.0060440000000010        7.0954108415452788E-005   8.3778797165398467E-006   7.7277766272226388E-005
   7.0764570000000004        7.0915583574185294E-005   8.3676400010797658E-006   7.7236407142751876E-005
   7.1475770000000001        7.0919333009964185E-005   8.3694867932331584E-006   7.7241618816100441E-005
   7.2194120000000011        7.0896597439751066E-005   8.3645445685501928E-006   7.7219305138068737E-005
   7.2919690000000008        7.0902343492383916E-005   8.3641940086487355E-006   7.7223259070294408E-005
   7.3652550000000012        7.0865780855628048E-005   8.3529663340622454E-006   7.7184781650462697E-005
   7.4392779999999998        7.0860173396472117E-005   8.3498915060498019E-006   7.7178874083780452E-005
   7.5140440000000002        7.0824664580585020E-005   8.3409692691562425E-006   7.7142750576626189E-005
   7.5895620000000008        7.0833197360146120E-005   8.3453445111517067E-006   7.7150707265175969E-005
   7.6658390000000001        7.0830028203453771E-005   8.3417881567733090E-006   7.7151712533744051E-005
   7.7428830000000000        7.0819715376567907E-005   8.3447589299983119E-006   7.7143973672203089E-005
   7.8207009999999997        7.0817034989651025E-005   8.3453573220747174E-006   7.7141905019209719E-005
   7.8993010000000004        7.0823046316040124E-005   8.3419744100943790E-006   7.7142045305561753E-005
   7.9786910000000013        7.0756338055859969E-005   8.3236682382380338E-006   7.7071276320764983E-005
   8.0588790000000010        7.0724692183828507E-005   8.3127095988524941E-006   7.7034581195333716E-005
   8.1398720000000022        7.0686185435913526E-005   8.3024240514283721E-006   7.6991468238678281E-005
   8.2216799999999992        7.0700163303916001E-005   8.3041574330445422E-006   7.7002280128953582E-005
   8.3043099999999992        7.0641425101699681E-005   8.2884391657102818E-006   7.6938650442573935E-005
   8.3877710000000008        7.0644257957578553E-005   8.2888375733855524E-006   7.6939665704691733E-005
   8.4720700000000004        7.0646678243899385E-005   8.2893429257762559E-006   7.6940405561067590E-005
   8.5572160000000004        7.0632690155610732E-005   8.2849402155610424E-006   7.6923674857569358E-005
   8.6432179999999992        7.0555521131052704E-005   8.2642727584960423E-006   7.6842048963585892E-005
   8.7300850000000008        7.0565232301360832E-005   8.2665729007633149E-006   7.6850517602199123E-005
   8.8178239999999999        7.0585688976562084E-005   8.2720697598529013E-006   7.6871813090821617E-005
   8.9064460000000008        7.0551015411387250E-005   8.2635190119461512E-006   7.6836901207260437E-005
   8.9959579999999999        7.0591283024675150E-005   8.2757509397715281E-006   7.6881657642784208E-005
   9.0863689999999995        7.0666022803248985E-005   8.2996356722368769E-006   7.6970812831380644E-005
   9.1776900000000001        7.0737276491826922E-005   8.3199078218551611E-006   7.7050164918254972E-005
   9.2699280000000002        7.0771648049387662E-005   8.3311835150222435E-006   7.7088842440325308E-005
   9.3630929999999992        7.0747178346279279E-005   8.3243006006844303E-006   7.7062081725623964E-005
   9.4571939999999994        7.0748708707859956E-005   8.3246909651557027E-006   7.7063634153018133E-005
   9.5522419999999997        7.0743538513476809E-005   8.3232778677328595E-006   7.7058571945487261E-005
   9.6482440000000000        7.0714341554384481E-005   8.3143191560774347E-006   7.7025943634925206E-005
   9.7452110000000012        7.0678409823203941E-005   8.3037520026209168E-006   7.6985388534203057E-005
   9.8431530000000009        7.0633415842417751E-005   8.2911594783074900E-006   7.6935673699388886E-005
   9.9420790000000014        7.0578823275134942E-005   8.2768158241136988E-006   7.6876299447281371E-005
   10.042000000000000        7.0619838849675902E-005   8.2892356630899266E-006   7.6924393236386403E-005
   10.142920000000000        7.0700527403285524E-005   8.3095175650638348E-006   7.7008449638880171E-005
   10.244860000000001        7.0738964232198995E-005   8.3214351678442088E-006   7.7052215297508886E-005
   10.347830000000000        7.0719522809411403E-005   8.3211201307959143E-006   7.7042123994741055E-005
   10.451820000000000        7.0711715314210989E-005   8.3138075704637142E-006   7.7022429723078284E-005
   10.556870000000000        7.0737611576302090E-005   8.3208622972612793E-006   7.7050683641114397E-005
   10.662970000000000        7.0717874208665806E-005   8.3154849053674268E-006   7.7030064410898449E-005
   10.770130000000002        7.0692345366664500E-005   8.3123814381020370E-006   7.7011554438570953E-005
   10.878380000000000        7.0683916134090994E-005   8.3046133215775397E-006   7.6990374098608719E-005
   10.987710000000002        7.0679724156619183E-005   8.3032933859230387E-006   7.6985866326826502E-005
   11.098140000000003        7.0641347335346821E-005   8.2932776598150264E-006   7.6943554168748310E-005
   11.209670000000001        7.0632585020517663E-005   8.2920392807820077E-006   7.6936832104228942E-005
   11.322330000000001        7.0636626165321084E-005   8.2906657404145277E-006   7.6935504367472694E-005
   11.436130000000002        7.0617903968383212E-005   8.2875444012285061E-006   7.6919182299344606E-005
   11.551060000000000        7.0644020072159412E-005   8.2950304033426914E-006   7.6949262347796453E-005
   11.667149999999999        7.0644416318987188E-005   8.2935359596814634E-006   7.6946696210467035E-005
   11.784409999999999        7.0647630854192645E-005   8.2957188545900906E-006   7.6952430166026949E-005
   11.902850000000001        7.0663697722611713E-005   8.2983993944116192E-006   7.6966208075854054E-005
   12.022470000000000        7.0690279706569906E-005   8.3074477477966963E-006   7.6999246629852865E-005
   12.143300000000000        7.0678112410398538E-005   8.3035303399293868E-006   7.6983914541405623E-005
   12.265350000000000        7.0711851129156921E-005   8.3134359319426925E-006   7.7022315464057609E-005
   12.388620000000001        7.0732934522069551E-005   8.3193783714527263E-006   7.7044891902094270E-005
   12.513130000000000        7.0758603591352398E-005   8.3257004730326752E-006   7.7071308313029263E-005
   12.638890000000000        7.0796658988294520E-005   8.3373125488917817E-006   7.7114174650884677E-005
   12.765910000000002        7.0757733864347058E-005   8.3251798578839225E-006   7.7070676237798511E-005
   12.894209999999999        7.0774296519273067E-005   8.3297611275053157E-006   7.7088894070626498E-005
   13.023800000000001        7.0803277570470304E-005   8.3386353597389661E-006   7.7120879885250862E-005
   13.154690000000000        7.0829595295490686E-005   8.3479777050772683E-006   7.7152074822691550E-005
   13.286899999999999        7.0894969202817357E-005   8.3675665631315468E-006   7.7223311696216786E-005
   13.420439999999999        7.0931733422298360E-005   8.3780975717933845E-006   7.7264170774084284E-005
   13.555320000000000        7.0973336152493075E-005   8.3884367458396839E-006   7.7307547813613330E-005
   13.691549999999999        7.0974561499589028E-005   8.3887233999351418E-006   7.7308535758069581E-005
   13.829150000000002        7.0998782876468040E-005   8.3941136434681181E-006   7.7333130875075479E-005
   13.968140000000002        7.0996739538456145E-005   8.3937261143695718E-006   7.7331302188097389E-005
   14.108520000000002        7.1027301957330365E-005   8.4009206284815748E-006   7.7362321594165397E-005
   14.250320000000002        7.1066642672756132E-005   8.4093381192026145E-006   7.7400481400513159E-005
   14.393540000000002        7.1104797610900764E-005   8.4201281245457196E-006   7.7442033973586864E-005
   14.538200000000000        7.1148335290668497E-005   8.4354530440723564E-006   7.7494247556868289E-005
   14.684310000000000        7.1187767673246851E-005   8.4471371452177310E-006   7.7534780113392416E-005
   14.831890000000000        7.1201453081554803E-005   8.4505920105375860E-006   7.7547946116560376E-005
   14.980950000000000        7.1260481603449969E-005   8.4624288846653290E-006   7.7608670600774651E-005
   15.131520000000000        7.1188215354575112E-005   8.4477426989640803E-006   7.7535093553465344E-005
   15.283590000000002        7.1172282558372251E-005   8.4435755883381295E-006   7.7521055234612462E-005
   15.437190000000001        7.1140865019994531E-005   8.4330975415372324E-006   7.7486138868997393E-005
   15.592340000000000        7.1094840024390292E-005   8.4177454567157950E-006   7.7432143932454944E-005
   15.749050000000002        7.1053025970996091E-005   8.4062509870649637E-006   7.7387219557177570E-005
   15.907330000000000        7.1014122072298160E-005   8.3980413773201661E-006   7.7349281011315679E-005
   15.993430000000000        7.0999530039469525E-005   8.3944701386937951E-006   7.7334087387045424E-005
