   6.0301510000000009        5.0227513413387120E-005   6.0819319354266442E-005   6.9135876135237339E-005   7.7316567330379266E-005   8.5787660074146827E-005   9.5039581189386422E-005   1.0344408757444242E-004
   6.0907549999999997        5.0223139988156982E-005   6.0817767041459941E-005   6.9130182631772997E-005   7.7310835031943267E-005   8.5783053599374344E-005   9.5032640133905743E-005   1.0344091855490088E-004
   6.1519690000000002        5.0211452697311885E-005   6.0813291939542313E-005   6.9122518998111746E-005   7.7299706813300061E-005   8.5766229171402631E-005   9.5021471170693997E-005   1.0343513519947228E-004
   6.2137979999999997        5.0126251777805616E-005   6.0776904963937529E-005   6.9076901808908217E-005   7.7234991713581318E-005   8.5652009949408687E-005   9.4875973605840279E-005   1.0336221442483026E-004
   6.2762479999999998        5.0049690169012986E-005   6.0744840010366732E-005   6.9036508282112208E-005   7.7167551389031562E-005   8.5556733367618307E-005   9.4744963166963666E-005   1.0329729181867569E-004
   6.3393259999999998        5.0144631567144489E-005   6.0786214768432026E-005   6.9088356392057670E-005   7.7249159722030447E-005   8.5681355406601605E-005   9.4912181163115409E-005   1.0338164732661240E-004
   6.4030379999999996        5.0212812697804195E-005   6.0812934138145126E-005   6.9121945180488094E-005   7.7301826118766898E-005   8.5768009444519896E-005   9.5010014521774313E-005   1.0342840512325799E-004
   6.4673900000000000        5.0215255881979674E-005   6.0812737676301296E-005   6.9124573899389760E-005   7.7300457108974026E-005   8.5765358937725574E-005   9.5000611211357370E-005   1.0342443485214059E-004
   6.5323890000000011        5.0232372651944319E-005   6.0819481454334091E-005   6.9142196723405317E-005   7.7317545050965399E-005   8.5786013230007322E-005   9.5025483379177240E-005   1.0343660103458503E-004
   6.5980410000000012        5.0233659327310439E-005   6.0816897632193356E-005   6.9138982227029151E-005   7.7312653762488651E-005   8.5778703556482704E-005   9.5017309202825712E-005   1.0342790074433642E-004
   6.6643530000000002        5.0208803852563972E-005   6.0806565563838898E-005   6.9116716062280604E-005   7.7289395984210331E-005   8.5745600468253773E-005   9.4982653373366607E-005   1.0341094722405362E-004
   6.7313310000000008        5.0134138244672388E-005   6.0777503676359563E-005   6.9077177892927849E-005   7.7238785217732694E-005   8.5649358792667376E-005   9.4866353823608836E-005   1.0335379830722946E-004
   6.7989830000000007        5.0140190810127678E-005   6.0780396156287229E-005   6.9081070810250755E-005   7.7241799236357436E-005   8.5657910388250500E-005   9.4875808056105402E-005   1.0336034655629545E-004
   6.8673140000000004        5.0149106662677162E-005   6.0784202419850622E-005   6.9085365697774763E-005   7.7249353262316404E-005   8.5665178355684104E-005   9.4890888745942923E-005   1.0336692713758661E-004
   6.9363330000000003        5.0086805880457955E-005   6.0757602830239646E-005   6.9053295004558736E-005   7.7199374694599828E-005   8.5588914245736958E-005   9.4785518032840563E-005   1.0331404326974457E-004
   7.0060440000000010        5.0126065798516417E-005   6.0773233035235459E-005   6.9072163628753781E-005   7.7232451770558187E-005   8.5635573050502154E-005   9.4846633619532337E-005   1.0334347184021912E-004
   7.0764570000000004        5.0077710056764310E-005   6.0752559094227041E-005   6.9049212000262718E-005   7.7186846629503404E-005   8.5575394395233330E-005   9.4770823231681326E-005   1.0330318644107212E-004
   7.1475770000000001        5.0081193748422081E-005   6.0754325502706353E-005   6.9053902698458224E-005   7.7190023886364374E-005   8.5582036883615284E-005   9.4780809500643177E-005   1.0330755006110976E-004
   7.2194120000000011        5.0055336856274504E-005   6.0742064025842213E-005   6.9043927686628006E-005   7.7157610345389375E-005   8.5553979786409949E-005   9.4742095406140245E-005   1.0328390982741304E-004
   7.2919690000000008        5.0064454476581843E-005   6.0745636476374652E-005   6.9044666724099674E-005   7.7165893299976888E-005   8.5558328047219715E-005   9.4742881829083328E-005   1.0328714916050914E-004
   7.3652550000000012        5.0030432051716724E-005   6.0727751833299200E-005   6.9022950489105910E-005   7.7114627700379285E-005   8.5496705570298120E-005   9.4660097103624097E-005   1.0324560098471796E-004
   7.4392779999999998        5.0034451239650208E-005   6.0725773312376108E-005   6.9020993290127693E-005   7.7104987986046936E-005   8.5490594046854510E-005   9.4642986179306883E-005   1.0323382699727581E-004
   7.5140440000000002        4.9994238149196418E-005   6.0707404355187049E-005   6.8995688807857892E-005   7.7053577507469982E-005   8.5436660898185584E-005   9.4572802101786603E-005   1.0319382208573094E-004
   7.5895620000000008        4.9990465504163578E-005   6.0709589239581760E-005   6.8997251121888844E-005   7.7070616791291522E-005   8.5448738030941603E-005   9.4601110024178893E-005   1.0321354184332288E-004
   7.6658390000000001        5.0011201558254841E-005   6.0712802947162763E-005   6.8998385666887768E-005   7.7049368993071924E-005   8.5461602759611280E-005   9.4579354250106222E-005   1.0318604819061853E-004
   7.7428830000000000        4.9985903020263203E-005   6.0704191550746822E-005   6.8988502403297822E-005   7.7038209018253094E-005   8.5450335394299834E-005   9.4588645820148820E-005   1.0319272236484795E-004
   7.8207009999999997        4.9971368907633804E-005   6.0702797435309154E-005   6.8986421350582524E-005   7.7035417400372685E-005   8.5446893087095252E-005   9.4589735350498374E-005   1.0319453581286206E-004
   7.8993010000000004        4.9985712806008591E-005   6.0706355413208857E-005   6.8994483754318135E-005   7.7050390502803002E-005   8.5437580988791177E-005   9.4575323489527423E-005   1.0319704510680698E-004
   7.9786910000000013        4.9904560760249923E-005   6.0671816264138972E-005   6.8923092213790901E-005   7.6971107889326683E-005   8.5337552126590798E-005   9.4479358355456367E-005   1.0312087792064924E-004
   8.0588790000000010        4.9870800886765661E-005   6.0652155567862006E-005   6.8889141232238860E-005   7.6942864891848240E-005   8.5282440403301393E-005   9.4445954762317622E-005   1.0308108640244485E-004
   8.1398720000000022        4.9816371870017004E-005   6.0619942929839919E-005   6.8859205911836192E-005   7.6868221604334909E-005   8.5219943949419537E-005   9.4305143181582651E-005   1.0304275907422052E-004
   8.2216799999999992        4.9828788700809040E-005   6.0628842378030540E-005   6.8866250243724113E-005   7.6888139217431487E-005   8.5234383117668223E-005   9.4330152467427179E-005   1.0305954869805902E-004
   8.3043099999999992        4.9749335935761150E-005   6.0583104999517008E-005   6.8799433421033103E-005   7.6810305265144209E-005   8.5120357874165914E-005   9.4220938035831671E-005   1.0299726364885232E-004
   8.3877710000000008        4.9747569593812325E-005   6.0583149059749162E-005   6.8806324516277408E-005   7.6818427445874752E-005   8.5118963202947056E-005   9.4219695346311631E-005   1.0300347453064716E-004
   8.4720700000000004        4.9743225205881593E-005   6.0582975098647901E-005   6.8811388710468058E-005   7.6824776216721970E-005   8.5123019749606496E-005   9.4218804843027821E-005   1.0300879547957020E-004
   8.5572160000000004        4.9721085648843229E-005   6.0571176603070370E-005   6.8794487651397581E-005   7.6809233388559092E-005   8.5103718206242039E-005   9.4206601887598246E-005   1.0299761327886807E-004
   8.6432179999999992        4.9624638773912357E-005   6.0512788686016499E-005   6.8657322049700198E-005   7.6712429124244406E-005   8.4996126678303139E-005   9.4081302948871551E-005   1.0291181972584694E-004
   8.7300850000000008        4.9631431224205398E-005   6.0518805504950290E-005   6.8675589195286868E-005   7.6721309237475632E-005   8.5009946361279555E-005   9.4113625456118035E-005   1.0292305172131885E-004
   8.8178239999999999        4.9654646572895596E-005   6.0533630355076863E-005   6.8713330329814166E-005   7.6749309033397240E-005   8.5024917301384134E-005   9.4158028270989108E-005   1.0294700200742757E-004
   8.9064460000000008        4.9609941661010315E-005   6.0508382106938949E-005   6.8647630810404829E-005   7.6709247927657761E-005   8.4985740380977352E-005   9.4054838180176529E-005   1.0291013027577083E-004
   8.9959579999999999        4.9667459748467639E-005   6.0538233714839557E-005   6.8726182703589920E-005   7.6751731594754488E-005   8.5034851017280286E-005   9.4184053072200976E-005   1.0294750732598927E-004
   9.0863689999999995        4.9785687058286178E-005   6.0599084685329279E-005   6.8843202671067528E-005   7.6841253854930652E-005   8.5183827299218322E-005   9.4258888639038837E-005   1.0300507068650134E-004
   9.1776900000000001        4.9891808368732765E-005   6.0651916997594909E-005   6.8911523722621577E-005   7.6949191314763671E-005   8.5297951905020458E-005   9.4464484882453493E-005   1.0307833429564350E-004
   9.2699280000000002        4.9928303157449333E-005   6.0670857696172725E-005   6.8946514616538971E-005   7.6977683899573412E-005   8.5356141415860698E-005   9.4513314203985212E-005   1.0312786316742727E-004
   9.3630929999999992        4.9893867352346173E-005   6.0658393522691180E-005   6.8919478039832852E-005   7.6958602930316341E-005   8.5317954390307937E-005   9.4494404824666716E-005   1.0309996543152758E-004
   9.4571939999999994        4.9896377410988324E-005   6.0658825528239742E-005   6.8919341831297150E-005   7.6960095920290165E-005   8.5321269079850827E-005   9.4496584507680739E-005   1.0310133315828143E-004
   9.5522419999999997        4.9890930479569857E-005   6.0656458550046624E-005   6.8916035026095470E-005   7.6955899861597384E-005   8.5312453237834415E-005   9.4484184855052054E-005   1.0309369535411825E-004
   9.6482440000000000        4.9854116826028968E-005   6.0637095807125826E-005   6.8885048252323295E-005   7.6932284264405758E-005   8.5264313159165987E-005   9.4445626203146568E-005   1.0305534385241014E-004
   9.7452110000000012        4.9802112267121037E-005   6.0608824988249481E-005   6.8851423268787636E-005   7.6878056582456810E-005   8.5206370446630941E-005   9.4313543831802822E-005   1.0301767002831219E-004
   9.8431530000000009        4.9734559533208925E-005   6.0573406036952932E-005   6.8801001948957482E-005   7.6798535077331854E-005   8.5124069691083166E-005   9.4224114169287981E-005   1.0297587081759933E-004
   9.9420790000000014        4.9658919490361893E-005   6.0529677728523288E-005   6.8704454756576713E-005   7.6731933429121602E-005   8.5046845461517648E-005   9.4186496756972507E-005   1.0292530089219874E-004
   10.042000000000000        4.9718368449287716E-005   6.0563597474242271E-005   6.8781435005802217E-005   7.6792424018354912E-005   8.5107269314362447E-005   9.4221343320727334E-005   1.0295989100844350E-004
   10.142920000000000        4.9834004476018186E-005   6.0625374655766605E-005   6.8863217045093738E-005   7.6920629809237628E-005   8.5243185745302924E-005   9.4403847268844857E-005   1.0304070940357826E-004
   10.244860000000001        4.9882720476026063E-005   6.0653878416185795E-005   6.8907295957191272E-005   7.6952181418665075E-005   8.5305244349089435E-005   9.4466352592214120E-005   1.0308990681596599E-004
   10.347830000000000        4.9852945047205988E-005   6.0643233774302605E-005   6.8909194498692570E-005   7.6937581257504394E-005   8.5276255265509781E-005   9.4475616213898450E-005   1.0306923924730052E-004
   10.451820000000000        4.9844364835522191E-005   6.0633772300924621E-005   6.8879835900218823E-005   7.6928580128421029E-005   8.5261196532822686E-005   9.4442481824471585E-005   1.0305946413317458E-004
   10.556870000000000        4.9883418602838763E-005   6.0652793033493333E-005   6.8907201321396886E-005   7.6950635559272000E-005   8.5302009159817711E-005   9.4465197578866175E-005   1.0308579748675715E-004
   10.662970000000000        4.9860743238610041E-005   6.0639526212235176E-005   6.8890184916330525E-005   7.6935113431286724E-005   8.5270427929636335E-005   9.4450259944863071E-005   1.0305950056041544E-004
   10.770130000000002        4.9822698429072896E-005   6.0623495590078021E-005   6.8887014115430131E-005   7.6912280648363542E-005   8.5228744546222843E-005   9.4369473738469993E-005   1.0303098877689464E-004
   10.878380000000000        4.9813385537127369E-005   6.0613056807719191E-005   6.8853629441019922E-005   7.6895837600127781E-005   8.5214386347045801E-005   9.4337285272509271E-005   1.0302037043899069E-004
   10.987710000000002        4.9806558167161387E-005   6.0610337816004151E-005   6.8851179507926503E-005   7.6878154751879908E-005   8.5205629221219651E-005   9.4312881217983256E-005   1.0301629227740287E-004
   11.098140000000003        4.9753552701663201E-005   6.0579129767644754E-005   6.8806516976206573E-005   7.6802591704929060E-005   8.5150088952702459E-005   9.4220931323277344E-005   1.0297676393003319E-004
   11.209670000000001        4.9737193791186923E-005   6.0573470871087866E-005   6.8800739956906531E-005   7.6800414439322999E-005   8.5129948548447448E-005   9.4225727653222209E-005   1.0297167022114348E-004
   11.322330000000001        4.9739296759001676E-005   6.0574303004202458E-005   6.8793535321017850E-005   7.6795870130221536E-005   8.5132075212124544E-005   9.4214146273617069E-005   1.0298065217016448E-004
   11.436130000000002        4.9714234130139408E-005   6.0560511984180816E-005   6.8779072776525325E-005   7.6784853171574027E-005   8.5100249950977418E-005   9.4212209757273059E-005   1.0296119045399956E-004
   11.551060000000000        4.9755529439405403E-005   6.0582285799894923E-005   6.8813193750179237E-005   7.6809963312040585E-005   8.5151941438480015E-005   9.4231627880209779E-005   1.0298262431142593E-004
   11.667149999999999        4.9754926920027920E-005   6.0582359782318165E-005   6.8811866514396249E-005   7.6805947120930343E-005   8.5148071469840522E-005   9.4226574387931602E-005   1.0298439862162525E-004
   11.784409999999999        4.9754146937471568E-005   6.0584503888008306E-005   6.8818342288869372E-005   7.6811717228440410E-005   8.5156410028092299E-005   9.4235343458692430E-005   1.0299112986727491E-004
   11.902850000000001        4.9778323604162947E-005   6.0596067308364097E-005   6.8837589301720762E-005   7.6830822882275118E-005   8.5182127768180122E-005   9.4249891957372001E-005   1.0300632270545608E-004
   12.022470000000000        4.9823702646372612E-005   6.0618142680451724E-005   6.8858377399648612E-005   7.6911419662134141E-005   8.5225564638946409E-005   9.4370281246381157E-005   1.0302637681541229E-004
   12.143300000000000        4.9798329107520797E-005   6.0607410894207504E-005   6.8851384335720783E-005   7.6876537986165721E-005   8.5207718299512317E-005   9.4315447043052757E-005   1.0302118386826788E-004
   12.265350000000000        4.9848142194935996E-005   6.0634212816132273E-005   6.8881595071078168E-005   7.6927830093850350E-005   8.5260062449311517E-005   9.4440417444367062E-005   1.0305738081782951E-004
   12.388620000000001        4.9873075447144200E-005   6.0649528367319598E-005   6.8902446159009611E-005   7.6946289904118389E-005   8.5294338526441471E-005   9.4461350255878963E-005   1.0308372653603477E-004
   12.513130000000000        4.9908836884966407E-005   6.0664916264962822E-005   6.8931541262562976E-005   7.6963446118641203E-005   8.5332103179748439E-005   9.4503137922437834E-005   1.0311824302714463E-004
   12.638890000000000        4.9961395869146957E-005   6.0683145694960736E-005   6.8967665168059595E-005   7.7001116656692258E-005   8.5390687154366483E-005   9.4528848279244076E-005   1.0315250761710410E-004
   12.765910000000002        4.9916303614786938E-005   6.0662153410719047E-005   6.8929609068041719E-005   7.6964994737484038E-005   8.5329629605949498E-005   9.4499224169758878E-005   1.0310773261958853E-004
   12.894209999999999        4.9944319205237358E-005   6.0670511240006906E-005   6.8948871772254541E-005   7.6977659693624304E-005   8.5354135952772311E-005   9.4510608494821453E-005   1.0312523011429803E-004
   13.023800000000001        4.9984937348359197E-005   6.0685169383217866E-005   6.8971850191174109E-005   7.7009659158098053E-005   8.5399891890717517E-005   9.4533172940714169E-005   1.0316075897591125E-004
   13.154690000000000        5.0008211148153472E-005   6.0700843289420808E-005   6.8994540918466049E-005   7.7047068188412920E-005   8.5469412930226312E-005   9.4604215240444613E-005   1.0319562683202006E-004
   13.286899999999999        5.0072640896423521E-005   6.0737160851500296E-005   6.9043749292803432E-005   7.7138084736801403E-005   8.5559072840545497E-005   9.4748499052969774E-005   1.0326971572554616E-004
   13.420439999999999        5.0111113864100903E-005   6.0757717653102365E-005   6.9070858087531844E-005   7.7188334046286584E-005   8.5608697740608994E-005   9.4821898725633104E-005   1.0330906063842200E-004
   13.555320000000000        5.0176070598040674E-005   6.0779431945916767E-005   6.9096351047770704E-005   7.7243492282868690E-005   8.5660845175384448E-005   9.4902272898463749E-005   1.0334816628718831E-004
   13.691549999999999        5.0166529159673870E-005   6.0780408949505631E-005   6.9097748444082351E-005   7.7244280735984773E-005   8.5664051994702677E-005   9.4902752592588896E-005   1.0335056775118681E-004
   13.829150000000002        5.0199048024565409E-005   6.0793033278812261E-005   6.9110689487184666E-005   7.7269838524259110E-005   8.5709696997970477E-005   9.4946909124953225E-005   1.0337153066011089E-004
   13.968140000000002        5.0203770454110755E-005   6.0791495176434539E-005   6.9109849645650906E-005   7.7266123691771996E-005   8.5704358804808339E-005   9.4945711566302564E-005   1.0336971493164758E-004
   14.108520000000002        5.0235425675596981E-005   6.0808186113701603E-005   6.9128494876183468E-005   7.7311612088288155E-005   8.5759911094583109E-005   9.4992747718615866E-005   1.0339811019928972E-004
   14.250320000000002        5.0274598828427160E-005   6.0828372377038060E-005   6.9165936631411013E-005   7.7334223407219524E-005   8.5817441234371504E-005   9.5052375404254636E-005   1.0343225263978432E-004
   14.393540000000002        5.0317641008831138E-005   6.0848655697356604E-005   6.9208598790505168E-005   7.7365962544723846E-005   8.5848610182990867E-005   9.5130944920757897E-005   1.0347378675074469E-004
   14.538200000000000        5.0384766554750784E-005   6.0872178644345176E-005   6.9245552926891195E-005   7.7425486922351477E-005   8.5921337977501501E-005   9.5247521235096214E-005   1.0353026739864933E-004
   14.684310000000000        5.0414433214138189E-005   6.0894395278261447E-005   6.9279063673078527E-005   7.7450224780950647E-005   8.5993959687824694E-005   9.5305317505746287E-005   1.0357644107286763E-004
   14.831890000000000        5.0422159652256780E-005   6.0900535618282775E-005   6.9289865313587989E-005   7.7457532951194827E-005   8.6012443597100786E-005   9.5328407000163409E-005   1.0359043407596026E-004
   14.980950000000000        5.0469842593856660E-005   6.0932584832212408E-005   6.9347347177755022E-005   7.7506506897648896E-005   8.6053152957840998E-005   9.5391420505393454E-005   1.0364372877950679E-004
   15.131520000000000        5.0412979126265740E-005   6.0893948656602744E-005   6.9280097645887416E-005   7.7450581555716925E-005   8.5996971396878444E-005   9.5308230402912559E-005   1.0357838577124839E-004
   15.283590000000002        5.0407466362398928E-005   6.0885825305369886E-005   6.9267135862962563E-005   7.7442125515735929E-005   8.5968255476460829E-005   9.5289870487866090E-005   1.0356118569614838E-004
   15.437190000000001        5.0374100259906648E-005   6.0868719836698990E-005   6.9238940184962398E-005   7.7411662038991128E-005   8.5907379054853751E-005   9.5236925864941729E-005   1.0352107430482488E-004
   15.592340000000000        5.0309348812497992E-005   6.0843436492961960E-005   6.9201041296996750E-005   7.7358705161406698E-005   8.5841994960402120E-005   9.5115598096345060E-005   1.0346420226069547E-004
   15.749050000000002        5.0269166900399930E-005   6.0821438462012404E-005   6.9142608665699259E-005   7.7327962039734903E-005   8.5798267133294171E-005   9.5030420851368867E-005   1.0342019117000680E-004
   15.907330000000000        5.0218626174635322E-005   6.0801454405918075E-005   6.9120390537324189E-005   7.7290178003731208E-005   8.5738412342088369E-005   9.4970468444380326E-005   1.0338626546085207E-004
   15.993430000000000        5.0201243204704018E-005   6.0793517562322243E-005   6.9112188476032671E-005   7.7267820431447230E-005   8.5705263302213102E-005   9.4945768420422514E-005   1.0337353603703145E-004
