#  lambda [mu]            Morning            Evening       Rp^2/Rstar^2
      6.030151     8.0292775E-005     0.0000000E+000     8.0292775E-005
      6.090755     8.0288010E-005     0.0000000E+000     8.0288010E-005
      6.151969     8.0269005E-005     0.0000000E+000     8.0269005E-005
      6.213798     8.0168489E-005     0.0000000E+000     8.0168489E-005
      6.276248     8.0083247E-005     0.0000000E+000     8.0083247E-005
      6.339326     8.0191922E-005     0.0000000E+000     8.0191922E-005
      6.403038     8.0278272E-005     0.0000000E+000     8.0278272E-005
      6.467390     8.0281180E-005     0.0000000E+000     8.0281180E-005
      6.532389     8.0304486E-005     0.0000000E+000     8.0304486E-005
      6.598041     8.0308530E-005     0.0000000E+000     8.0308530E-005
      6.664353     8.0272480E-005     0.0000000E+000     8.0272480E-005
      6.731331     8.0183878E-005     0.0000000E+000     8.0183878E-005
      6.798983     8.0189413E-005     0.0000000E+000     8.0189413E-005
      6.867314     8.0202863E-005     0.0000000E+000     8.0202863E-005
      6.936333     8.0123762E-005     0.0000000E+000     8.0123762E-005
      7.006044     8.0172237E-005     0.0000000E+000     8.0172237E-005
      7.076457     8.0110225E-005     0.0000000E+000     8.0110225E-005
      7.147577     8.0113067E-005     0.0000000E+000     8.0113067E-005
      7.219412     8.0073356E-005     0.0000000E+000     8.0073356E-005
      7.291969     8.0085245E-005     0.0000000E+000     8.0085245E-005
      7.365255     8.0023961E-005     0.0000000E+000     8.0023961E-005
      7.439278     8.0011023E-005     0.0000000E+000     8.0011023E-005
      7.514044     7.9949585E-005     0.0000000E+000     7.9949585E-005
      7.589562     7.9972362E-005     0.0000000E+000     7.9972362E-005
      7.665839     7.9939318E-005     0.0000000E+000     7.9939318E-005
      7.742883     7.9926884E-005     0.0000000E+000     7.9926884E-005
      7.820701     7.9923441E-005     0.0000000E+000     7.9923441E-005
      7.899301     7.9947066E-005     0.0000000E+000     7.9947066E-005
      7.978691     7.9837837E-005     0.0000000E+000     7.9837837E-005
      8.058879     7.9791080E-005     0.0000000E+000     7.9791080E-005
      8.139872     7.9739615E-005     0.0000000E+000     7.9739615E-005
      8.221680     7.9770625E-005     0.0000000E+000     7.9770625E-005
      8.304310     7.9684243E-005     0.0000000E+000     7.9684243E-005
      8.387771     7.9696512E-005     0.0000000E+000     7.9696512E-005
      8.472070     7.9705753E-005     0.0000000E+000     7.9705753E-005
      8.557216     7.9687637E-005     0.0000000E+000     7.9687637E-005
      8.643218     7.9586875E-005     0.0000000E+000     7.9586875E-005
      8.730085     7.9600989E-005     0.0000000E+000     7.9600989E-005
      8.817824     7.9629203E-005     0.0000000E+000     7.9629203E-005
      8.906446     7.9592722E-005     0.0000000E+000     7.9592722E-005
      8.995958     7.9634850E-005     0.0000000E+000     7.9634850E-005
      9.086369     7.9716617E-005     0.0000000E+000     7.9716617E-005
      9.177690     7.9811926E-005     0.0000000E+000     7.9811926E-005
      9.269928     7.9863953E-005     0.0000000E+000     7.9863953E-005
      9.363093     7.9830397E-005     0.0000000E+000     7.9830397E-005
      9.457194     7.9828501E-005     0.0000000E+000     7.9828501E-005
      9.552242     7.9823292E-005     0.0000000E+000     7.9823292E-005
      9.648244     7.9780579E-005     0.0000000E+000     7.9780579E-005
      9.745211     7.9729814E-005     0.0000000E+000     7.9729814E-005
      9.843153     7.9679148E-005     0.0000000E+000     7.9679148E-005
      9.942079     7.9607134E-005     0.0000000E+000     7.9607134E-005
     10.042000     7.9659421E-005     0.0000000E+000     7.9659421E-005
     10.142920     7.9750755E-005     0.0000000E+000     7.9750755E-005
     10.244860     7.9813845E-005     0.0000000E+000     7.9813845E-005
     10.347830     7.9829100E-005     0.0000000E+000     7.9829100E-005
     10.451820     7.9777899E-005     0.0000000E+000     7.9777899E-005
     10.556870     7.9811835E-005     0.0000000E+000     7.9811835E-005
     10.662970     7.9785783E-005     0.0000000E+000     7.9785783E-005
     10.770130     7.9791212E-005     0.0000000E+000     7.9791212E-005
     10.878380     7.9732787E-005     0.0000000E+000     7.9732787E-005
     10.987710     7.9734018E-005     0.0000000E+000     7.9734018E-005
     11.098140     7.9666184E-005     0.0000000E+000     7.9666184E-005
     11.209670     7.9675702E-005     0.0000000E+000     7.9675702E-005
     11.322330     7.9671130E-005     0.0000000E+000     7.9671130E-005
     11.436130     7.9655086E-005     0.0000000E+000     7.9655086E-005
     11.551060     7.9690643E-005     0.0000000E+000     7.9690643E-005
     11.667150     7.9691555E-005     0.0000000E+000     7.9691555E-005
     11.784410     7.9700558E-005     0.0000000E+000     7.9700558E-005
     11.902850     7.9705437E-005     0.0000000E+000     7.9705437E-005
     12.022470     7.9744435E-005     0.0000000E+000     7.9744435E-005
     12.143300     7.9723800E-005     0.0000000E+000     7.9723800E-005
     12.265350     7.9779555E-005     0.0000000E+000     7.9779555E-005
     12.388620     7.9808910E-005     0.0000000E+000     7.9808910E-005
     12.513130     7.9851488E-005     0.0000000E+000     7.9851488E-005
     12.638890     7.9900960E-005     0.0000000E+000     7.9900960E-005
     12.765910     7.9839134E-005     0.0000000E+000     7.9839134E-005
     12.894210     7.9863814E-005     0.0000000E+000     7.9863814E-005
     13.023800     7.9905497E-005     0.0000000E+000     7.9905497E-005
     13.154690     7.9947107E-005     0.0000000E+000     7.9947107E-005
     13.286900     8.0052816E-005     0.0000000E+000     8.0052816E-005
     13.420440     8.0110061E-005     0.0000000E+000     8.0110061E-005
     13.555320     8.0178452E-005     0.0000000E+000     8.0178452E-005
     13.691550     8.0180062E-005     0.0000000E+000     8.0180062E-005
     13.829150     8.0223562E-005     0.0000000E+000     8.0223562E-005
     13.968140     8.0218678E-005     0.0000000E+000     8.0218678E-005
     14.108520     8.0273093E-005     0.0000000E+000     8.0273093E-005
     14.250320     8.0344294E-005     0.0000000E+000     8.0344294E-005
     14.393540     8.0412054E-005     0.0000000E+000     8.0412054E-005
     14.538200     8.0478790E-005     0.0000000E+000     8.0478790E-005
     14.684310     8.0526257E-005     0.0000000E+000     8.0526257E-005
     14.831890     8.0540983E-005     0.0000000E+000     8.0540983E-005
     14.980950     8.0670274E-005     0.0000000E+000     8.0670274E-005
     15.131520     8.0519315E-005     0.0000000E+000     8.0519315E-005
     15.283590     8.0501157E-005     0.0000000E+000     8.0501157E-005
     15.437190     8.0469699E-005     0.0000000E+000     8.0469699E-005
     15.592340     8.0393318E-005     0.0000000E+000     8.0393318E-005
     15.749050     8.0319816E-005     0.0000000E+000     8.0319816E-005
     15.907330     8.0249021E-005     0.0000000E+000     8.0249021E-005
     15.993430     8.0223975E-005     0.0000000E+000     8.0223975E-005
