   997.12711832515788        1.0000000000000000E-050   1.0000000000000000E-050   1.0000000000000000E-050   1.0000000000000000E-050   1.0000000000000000E-050   1.0000000000000000E-050   2.9771073937506988E-003
   567.38528454982111        1.0000000000000000E-050   1.0000000000000000E-050   1.0000000000000000E-050   1.0000000000000000E-050   1.0000000000000000E-050   3.1282926754143442E-003   8.7923879347605056E-003
   322.85358126094314        1.0000000000000000E-050   1.0000000000000000E-050   1.0000000000000000E-050   1.0000000000000000E-050   1.4486616712138772E-004   4.9745482781790419E-003   1.0788844578800342E-002
   183.71014859103875        1.0000000000000000E-050   1.0000000000000000E-050   1.0000000000000000E-050   1.0000000000000000E-050   1.1872891521046050E-003   5.6938678525586869E-003   1.0788844578800342E-002
   104.53475090327061        1.0000000000000000E-050   1.0000000000000000E-050   1.0000000000000000E-050   1.0000000000000000E-050   1.8742260177654216E-003   6.9743897725593187E-003   1.3043474372893073E-002
   59.482365183508833        1.0000000000000000E-050   1.0000000000000000E-050   1.0000000000000000E-050   1.0000000000000000E-050   2.3978994509712272E-003   7.5745418448673243E-003   1.3043474372893073E-002
   33.846656133502158        1.0000000000000000E-050   1.0000000000000000E-050   1.0000000000000000E-050   4.9826520764424056E-005   2.9067058210189459E-003   7.7470841710609323E-003   1.4786846297706161E-002
   19.259424669568268        1.0000000000000000E-050   1.0000000000000000E-050   1.0000000000000000E-050   4.6311426147526016E-004   3.1458260106514537E-003   7.9925437551117539E-003   1.4786846297706161E-002
   10.958998051084427        1.0000000000000000E-050   1.0000000000000000E-050   1.0000000000000000E-050   6.9354724176149980E-004   3.3473926033042007E-003   8.4688614853578887E-003   1.7185214222227095E-002
   6.2358891994027879        1.0000000000000000E-050   1.0000000000000000E-050   1.0000000000000000E-050   8.8287094711416358E-004   3.6369023903455918E-003   9.1407651603717284E-003   1.7185214222227095E-002
   3.5483457452919600        1.0000000000000000E-050   1.0000000000000000E-050   1.0000000000000000E-050   1.0910726639303157E-003   3.9341974027208362E-003   1.0081192689835001E-002   1.7185214222227095E-002
   2.0190797375516811        1.0000000000000000E-050   1.0000000000000000E-050   9.0701722924109147E-010   1.1872891521046050E-003   4.0440467401550734E-003   1.0081192689835001E-002   1.7185214222227095E-002
   1.1488967759133464        1.0000000000000000E-050   1.0000000000000000E-050   3.6569100908991627E-005   1.3153600957277421E-003   4.1753287585070973E-003   1.0170291138944959E-002   1.7185214222227095E-002
  0.65374525688849605        1.0000000000000000E-050   1.0000000000000000E-050   1.2031542224096224E-004   1.3701154073573892E-003   4.2586834358028661E-003   1.0190197722399376E-002   1.7185214222227095E-002
  0.37199413373272433        1.0000000000000000E-050   1.0000000000000000E-050   2.0400874316841072E-004   1.4408572377035678E-003   4.3238690502653302E-003   1.0403274393552027E-002   2.0495795969768794E-002
  0.21167210633416886        1.0000000000000000E-050   1.0000000000000000E-050   2.5667917823726864E-004   1.4988322434353327E-003   4.3575169291084973E-003   1.0451021998992378E-002   2.0495795969768794E-002
  0.12044566442581536        1.0000000000000000E-050   1.0000000000000000E-050   2.9493426148969432E-004   1.5237868717680630E-003   4.3575169291084973E-003   1.0451021998992378E-002   2.0495795969768794E-002
   6.8535993382489238E-002   1.0000000000000000E-050   3.8956366503548636E-009   3.1931878058545551E-004   1.5508257508822715E-003   4.3874606801834384E-003   1.0451021998992378E-002   2.0495795969768794E-002
   3.8998351757341058E-002   1.0000000000000000E-050   1.4319394204803411E-007   3.3390425402499358E-004   1.5607024967757002E-003   4.3955384316024942E-003   1.0451021998992378E-002   2.0495795969768794E-002
   2.2190842573792547E-002   1.6804766002912213E-012   5.5333800291130047E-007   3.3929035366789977E-004   1.5842943817225845E-003   4.3978465052674463E-003   1.0487377399140050E-002   2.0495795969768794E-002
   1.2627033501285016E-002   3.2877129429388111E-012   6.4233541214230408E-007   3.3935767803808671E-004   1.5857208502733900E-003   4.3978465052674463E-003   1.0487377399140050E-002   2.0495795969768794E-002
   7.1850347508154366E-003   3.2877129429388111E-012   6.4233541214230408E-007   3.3935767803808671E-004   1.5857208502733900E-003   4.3978465052674463E-003   1.0487377399140050E-002   2.0495795969768794E-002
   4.0884285580751615E-003   3.2877129429388111E-012   6.4233541214230408E-007   3.3935767803808671E-004   1.5857208502733900E-003   4.3978465052674463E-003   1.0487377399140050E-002   2.0495795969768794E-002
   2.3263976660081623E-003   3.2877129429388111E-012   6.4233541214230408E-007   3.3935767803808671E-004   1.5857208502733900E-003   4.3978465052674463E-003   1.0487377399140050E-002   2.0495795969768794E-002
   1.3237668271636042E-003   3.2877129429388111E-012   6.4233541214230408E-007   3.3935767803808671E-004   1.5857208502733900E-003   4.3978465052674463E-003   1.0487377399140050E-002   2.0495795969768794E-002
   7.5324981549936096E-004   3.2877129429388111E-012   6.4233541214230408E-007   3.3935767803808671E-004   1.5857208502733900E-003   4.3978465052674463E-003   1.0487377399140050E-002   2.0495795969768794E-002
   4.2861421883908516E-004   3.2877129429388111E-012   6.4233541214230408E-007   3.3935767803808671E-004   1.5857208502733900E-003   4.3978465052674463E-003   1.0487377399140050E-002   2.0495795969768794E-002
   2.4389006782464344E-004   3.2877129429388111E-012   6.4233541214230408E-007   3.3935767803808671E-004   1.5857208502733900E-003   4.3978465052674463E-003   1.0487377399140050E-002   2.0495795969768794E-002
   1.3877832925052891E-004   3.2877129429388111E-012   6.4233541214230408E-007   3.3935767803808671E-004   1.5857208502733900E-003   4.3978465052674463E-003   1.0487377399140050E-002   2.0495795969768794E-002
   7.8967646535798130E-005   3.2877129429388111E-012   6.4233541214230408E-007   3.3935767803808671E-004   1.5857208502733900E-003   4.3978465052674463E-003   1.0487377399140050E-002   2.0495795969768794E-002
   4.4934171156834332E-005   3.2877129429388111E-012   6.4233541214230408E-007   3.3935767803808671E-004   1.5857208502733900E-003   4.3978465052674463E-003   1.0487377399140050E-002   2.0495795969768794E-002
   2.5568442598024907E-005   3.2877129429388111E-012   6.4233541214230408E-007   3.3935767803808671E-004   1.5857208502733900E-003   4.3978465052674463E-003   1.0487377399140050E-002   2.0495795969768794E-002
   1.4548955506639233E-005   3.2877129429388111E-012   6.4233541214230408E-007   3.3935767803808671E-004   1.5857208502733900E-003   4.3978465052674463E-003   1.0487377399140050E-002   2.0495795969768794E-002
   8.2786468328156956E-006   3.2877129429388111E-012   6.4233541214230408E-007   3.3935767803808671E-004   1.5857208502733900E-003   4.3978465052674463E-003   1.0487377399140050E-002   2.0495795969768794E-002
   4.7107157177856220E-006   3.2877129429388111E-012   6.4233541214230408E-007   3.3935767803808671E-004   1.5857208502733900E-003   4.3978465052674463E-003   1.0487377399140050E-002   2.0495795969768794E-002
   2.6804915129161433E-006   3.2877129429388111E-012   6.4233541214230408E-007   3.3935767803808671E-004   1.5857208502733900E-003   4.3978465052674463E-003   1.0487377399140050E-002   2.0495795969768794E-002
   1.5252533120790693E-006   3.2877129429388111E-012   6.4233541214230408E-007   3.3935767803808671E-004   1.5857208502733900E-003   4.3978465052674463E-003   1.0487377399140050E-002   2.0495795969768794E-002
   8.6789965750619029E-007   3.2877129429388111E-012   6.4233541214230408E-007   3.3935767803808671E-004   1.5857208502733900E-003   4.3978465052674463E-003   1.0487377399140050E-002   2.0495795969768794E-002
   4.9385227328083095E-007   3.2877129429388111E-012   6.4233541214230408E-007   3.3935767803808671E-004   1.5857208502733900E-003   4.3978465052674463E-003   1.0487377399140050E-002   2.0495795969768794E-002
   2.8101182632728962E-007   3.2877129429388111E-012   6.4233541214230408E-007   3.3935767803808671E-004   1.5857208502733900E-003   4.3978465052674463E-003   1.0487377399140050E-002   2.0495795969768794E-002
   1.5990135270855283E-007   3.2877129429388111E-012   6.4233541214230408E-007   3.3935767803808671E-004   1.5857208502733900E-003   4.3978465052674463E-003   1.0487377399140050E-002   2.0495795969768794E-002
   9.0987069591319635E-008   3.2877129429388111E-012   6.4233541214230408E-007   3.3935767803808671E-004   1.5857208502733900E-003   4.3978465052674463E-003   1.0487377399140050E-002   2.0495795969768794E-002
   5.1773463404683823E-008   3.2877129429388111E-012   6.4233541214230408E-007   3.3935767803808671E-004   1.5857208502733900E-003   4.3978465052674463E-003   1.0487377399140050E-002   2.0495795969768794E-002
   2.9460136753012327E-008   3.2877129429388111E-012   6.4233541214230408E-007   3.3935767803808671E-004   1.5857208502733900E-003   4.3978465052674463E-003   1.0487377399140050E-002   2.0495795969768794E-002
   1.6763407360297839E-008   3.2877129429388111E-012   6.4233541214230408E-007   3.3935767803808671E-004   1.5857208502733900E-003   4.3978465052674463E-003   1.0487377399140050E-002   2.0495795969768794E-002
   9.5387142525248126E-009   3.2877129429388111E-012   6.4233541214230408E-007   3.3935767803808671E-004   1.5857208502733900E-003   4.3978465052674463E-003   1.0487377399140050E-002   2.0495795969768794E-002
   5.4277192957090499E-009   3.2877129429388111E-012   6.4233541214230408E-007   3.3935767803808671E-004   1.5857208502733900E-003   4.3978465052674463E-003   1.0487377399140050E-002   2.0495795969768794E-002
   3.0884808972251692E-009   3.2877129429388111E-012   6.4233541214230408E-007   3.3935767803808671E-004   1.5857208502733900E-003   4.3978465052674463E-003   1.0487377399140050E-002   2.0495795969768794E-002
   1.7574074363178229E-009   3.2877129429388111E-012   6.4233541214230408E-007   3.3935767803808671E-004   1.5857208502733900E-003   4.3978465052674463E-003   1.0487377399140050E-002   2.0495795969768794E-002
   1.0000000000000007E-009   3.2877129429388111E-012   6.4233541214230408E-007   3.3935767803808671E-004   1.5857208502733900E-003   4.3978465052674463E-003   1.0487377399140050E-002   2.0495795969768794E-002
