   997.12711832515788        1.0000000000000000E-050   1.0000000000000000E-050   1.0000000000000000E-050   1.0000000000000000E-050   1.0000000000000000E-050   1.0000000000000000E-050   6.9584513972814849E-004
   567.38528454982111        1.0000000000000000E-050   1.0000000000000000E-050   1.0000000000000000E-050   1.0000000000000000E-050   1.0000000000000000E-050   5.3539098732780185E-006   4.8044875729864036E-003
   322.85358126094314        1.0000000000000000E-050   1.0000000000000000E-050   1.0000000000000000E-050   1.0000000000000000E-050   1.9243627837075511E-011   5.2586526770842408E-005   6.9635972012566244E-003
   183.71014859103875        1.0000000000000000E-050   1.0000000000000000E-050   1.0000000000000000E-050   1.0000000000000000E-050   1.9764104902735436E-008   3.0490185696469571E-004   8.6446240200934183E-003
   104.53475090327061        1.0000000000000000E-050   1.0000000000000000E-050   1.0000000000000000E-050   1.0000000000000000E-050   2.4604618270117284E-007   5.1853566295793181E-004   1.0182524583930442E-002
   59.482365183508833        1.0000000000000000E-050   1.0000000000000000E-050   1.0000000000000000E-050   1.0000000000000000E-050   1.0334204447167127E-006   1.0412410761526129E-003   1.0182524583930442E-002
   33.846656133502158        1.0000000000000000E-050   1.0000000000000000E-050   1.0000000000000000E-050   3.0194660089905075E-011   3.2558255710034075E-006   1.2249898286831307E-003   1.0182524583930442E-002
   19.259424669568268        1.0000000000000000E-050   1.0000000000000000E-050   1.0000000000000000E-050   4.3359361971532181E-010   9.1597963762638503E-006   1.2784737515361066E-003   1.0182524583930442E-002
   10.958998051084427        1.0000000000000000E-050   1.0000000000000000E-050   1.0000000000000000E-050   3.0344369864743624E-009   2.0454559866079550E-005   1.5681964032303625E-003   1.0182524583930442E-002
   6.2358891994027879        1.0000000000000000E-050   1.0000000000000000E-050   1.0000000000000000E-050   7.6593544517587007E-009   2.7059645729900790E-005   2.1418563934057981E-003   1.0182524583930442E-002
   3.5483457452919600        1.0000000000000000E-050   1.0000000000000000E-050   1.0000000000000000E-050   2.3337899510970794E-008   3.7486370282722392E-005   2.3133008095032942E-003   1.0182524583930442E-002
   2.0190797375516811        1.0000000000000000E-050   1.0000000000000000E-050   3.7729740015474276E-012   3.7941114457592800E-008   4.5200442958518695E-005   2.3133008095032942E-003   1.0182524583930442E-002
   1.1488967759133464        1.0000000000000000E-050   1.0000000000000000E-050   5.4173971873120605E-011   6.8157954828734467E-008   5.7506494136155341E-005   2.3857175351047104E-003   1.0506404195567622E-002
  0.65374525688849605        1.0000000000000000E-050   1.0000000000000000E-050   1.2883625533343786E-010   1.0047805638055450E-007   7.2813332880356183E-005   2.5693172495614537E-003   1.0506404195567622E-002
  0.37199413373272433        1.0000000000000000E-050   1.0000000000000000E-050   2.6748874559634906E-010   1.5475929295198109E-007   8.7647556698275053E-005   2.7043376258275992E-003   1.0506404195567622E-002
  0.21167210633416886        1.0000000000000000E-050   1.0000000000000000E-050   4.0455835652686996E-010   2.0197320695811746E-007   9.5584948999403934E-005   2.7043376258275992E-003   1.0506404195567622E-002
  0.12044566442581536        1.0000000000000000E-050   1.0000000000000000E-050   5.0914196953259968E-010   2.5627994017353027E-007   1.0869623571962576E-004   2.7043376258275992E-003   1.0506404195567622E-002
   6.8535993382489238E-002   1.0000000000000000E-050   4.8906748749964398E-012   6.6488511380051669E-010   2.9121299887862124E-007   1.1140436593682927E-004   2.7043376258275992E-003   1.0506404195567622E-002
   3.8998351757341058E-002   1.0000000000000000E-050   1.2320965210030016E-011   8.2964353676422412E-010   3.5556872518679796E-007   1.1552827285567968E-004   2.7043376258275992E-003   1.0506404195567622E-002
   2.2190842573792547E-002   1.4631884078433440E-012   1.4324990964388517E-011   8.6020746811242168E-010   3.7106654574259327E-007   1.1818151886610290E-004   2.7043376258275992E-003   1.0506404195567622E-002
   1.2627033501285016E-002   1.5947376864355365E-012   1.4857738999901628E-011   8.6020746811242168E-010   3.7343685809350034E-007   1.1818151886610290E-004   2.7043376258275992E-003   1.0506404195567622E-002
   7.1850347508154366E-003   1.5947376864355365E-012   1.4857738999901628E-011   8.6020746811242168E-010   3.7343685809350034E-007   1.1818151886610290E-004   2.7043376258275992E-003   1.0506404195567622E-002
   4.0884285580751615E-003   1.5947376864355365E-012   1.4857738999901628E-011   8.6020746811242168E-010   3.7343685809350034E-007   1.1818151886610290E-004   2.7043376258275992E-003   1.0506404195567622E-002
   2.3263976660081623E-003   1.5947376864355365E-012   1.4857738999901628E-011   8.6020746811242168E-010   3.7343685809350034E-007   1.1818151886610290E-004   2.7043376258275992E-003   1.0506404195567622E-002
   1.3237668271636042E-003   1.5947376864355365E-012   1.4857738999901628E-011   8.6020746811242168E-010   3.7343685809350034E-007   1.1818151886610290E-004   2.7043376258275992E-003   1.0506404195567622E-002
   7.5324981549936096E-004   1.5947376864355365E-012   1.4857738999901628E-011   8.6020746811242168E-010   3.7343685809350034E-007   1.1818151886610290E-004   2.7043376258275992E-003   1.0506404195567622E-002
   4.2861421883908516E-004   1.5947376864355365E-012   1.4857738999901628E-011   8.6020746811242168E-010   3.7343685809350034E-007   1.1818151886610290E-004   2.7043376258275992E-003   1.0506404195567622E-002
   2.4389006782464344E-004   1.5947376864355365E-012   1.4857738999901628E-011   8.6020746811242168E-010   3.7343685809350034E-007   1.1818151886610290E-004   2.7043376258275992E-003   1.0506404195567622E-002
   1.3877832925052891E-004   1.5947376864355365E-012   1.4857738999901628E-011   8.6020746811242168E-010   3.7343685809350034E-007   1.1818151886610290E-004   2.7043376258275992E-003   1.0506404195567622E-002
   7.8967646535798130E-005   1.5947376864355365E-012   1.4857738999901628E-011   8.6020746811242168E-010   3.7343685809350034E-007   1.1818151886610290E-004   2.7043376258275992E-003   1.0506404195567622E-002
   4.4934171156834332E-005   1.5947376864355365E-012   1.4857738999901628E-011   8.6020746811242168E-010   3.7343685809350034E-007   1.1818151886610290E-004   2.7043376258275992E-003   1.0506404195567622E-002
   2.5568442598024907E-005   1.5947376864355365E-012   1.4857738999901628E-011   8.6020746811242168E-010   3.7343685809350034E-007   1.1818151886610290E-004   2.7043376258275992E-003   1.0506404195567622E-002
   1.4548955506639233E-005   1.5947376864355365E-012   1.4857738999901628E-011   8.6020746811242168E-010   3.7343685809350034E-007   1.1818151886610290E-004   2.7043376258275992E-003   1.0506404195567622E-002
   8.2786468328156956E-006   1.5947376864355365E-012   1.4857738999901628E-011   8.6020746811242168E-010   3.7343685809350034E-007   1.1818151886610290E-004   2.7043376258275992E-003   1.0506404195567622E-002
   4.7107157177856220E-006   1.5947376864355365E-012   1.4857738999901628E-011   8.6020746811242168E-010   3.7343685809350034E-007   1.1818151886610290E-004   2.7043376258275992E-003   1.0506404195567622E-002
   2.6804915129161433E-006   1.5947376864355365E-012   1.4857738999901628E-011   8.6020746811242168E-010   3.7343685809350034E-007   1.1818151886610290E-004   2.7043376258275992E-003   1.0506404195567622E-002
   1.5252533120790693E-006   1.5947376864355365E-012   1.4857738999901628E-011   8.6020746811242168E-010   3.7343685809350034E-007   1.1818151886610290E-004   2.7043376258275992E-003   1.0506404195567622E-002
   8.6789965750619029E-007   1.5947376864355365E-012   1.4857738999901628E-011   8.6020746811242168E-010   3.7343685809350034E-007   1.1818151886610290E-004   2.7043376258275992E-003   1.0506404195567622E-002
   4.9385227328083095E-007   1.5947376864355365E-012   1.4857738999901628E-011   8.6020746811242168E-010   3.7343685809350034E-007   1.1818151886610290E-004   2.7043376258275992E-003   1.0506404195567622E-002
   2.8101182632728962E-007   1.5947376864355365E-012   1.4857738999901628E-011   8.6020746811242168E-010   3.7343685809350034E-007   1.1818151886610290E-004   2.7043376258275992E-003   1.0506404195567622E-002
   1.5990135270855283E-007   1.5947376864355365E-012   1.4857738999901628E-011   8.6020746811242168E-010   3.7343685809350034E-007   1.1818151886610290E-004   2.7043376258275992E-003   1.0506404195567622E-002
   9.0987069591319635E-008   1.5947376864355365E-012   1.4857738999901628E-011   8.6020746811242168E-010   3.7343685809350034E-007   1.1818151886610290E-004   2.7043376258275992E-003   1.0506404195567622E-002
   5.1773463404683823E-008   1.5947376864355365E-012   1.4857738999901628E-011   8.6020746811242168E-010   3.7343685809350034E-007   1.1818151886610290E-004   2.7043376258275992E-003   1.0506404195567622E-002
   2.9460136753012327E-008   1.5947376864355365E-012   1.4857738999901628E-011   8.6020746811242168E-010   3.7343685809350034E-007   1.1818151886610290E-004   2.7043376258275992E-003   1.0506404195567622E-002
   1.6763407360297839E-008   1.5947376864355365E-012   1.4857738999901628E-011   8.6020746811242168E-010   3.7343685809350034E-007   1.1818151886610290E-004   2.7043376258275992E-003   1.0506404195567622E-002
   9.5387142525248126E-009   1.5947376864355365E-012   1.4857738999901628E-011   8.6020746811242168E-010   3.7343685809350034E-007   1.1818151886610290E-004   2.7043376258275992E-003   1.0506404195567622E-002
   5.4277192957090499E-009   1.5947376864355365E-012   1.4857738999901628E-011   8.6020746811242168E-010   3.7343685809350034E-007   1.1818151886610290E-004   2.7043376258275992E-003   1.0506404195567622E-002
   3.0884808972251692E-009   1.5947376864355365E-012   1.4857738999901628E-011   8.6020746811242168E-010   3.7343685809350034E-007   1.1818151886610290E-004   2.7043376258275992E-003   1.0506404195567622E-002
   1.7574074363178229E-009   1.5947376864355365E-012   1.4857738999901628E-011   8.6020746811242168E-010   3.7343685809350034E-007   1.1818151886610290E-004   2.7043376258275992E-003   1.0506404195567622E-002
   1.0000000000000007E-009   1.5947376864355365E-012   1.4857738999901628E-011   8.6020746811242168E-010   3.7343685809350034E-007   1.1818151886610290E-004   2.7043376258275992E-003   1.0506404195567622E-002
