   997.12711832515788       -1.4872341851355522      -0.46085690733821288       -0.0000000000000000       -0.0000000000000000       -0.0000000000000000       -0.0000000000000000       -0.0000000000000000     
   567.38528454982111       -1.5624972277765463      -0.60799280552026025       -2.5602877940239997E-002  -0.0000000000000000       -0.0000000000000000       -0.0000000000000000        2.3609325212644927E-004
   322.85358126094314       -1.6330420747028689      -0.82519284270758586      -0.21665912862677625       -0.0000000000000000       -0.0000000000000000       -0.0000000000000000        1.5618401385402573E-003
   183.71014859103875       -1.3810697744012843      -0.93984556042710798      -0.38793195266505998       -0.0000000000000000       -0.0000000000000000       -0.0000000000000000        5.6852672853951363E-003
   104.53475090327061       -1.1769405969259434      -0.87280130841639192      -0.45736473350715523       -0.0000000000000000       -0.0000000000000000       -0.0000000000000000        7.3338227025233141E-003
   59.482365183508833      -0.95741952017843257      -0.79387265853388911      -0.46325072389199373       -8.7955089306331960E-003  -0.0000000000000000       -0.0000000000000000        1.3008400131700305E-002
   33.846656133502158      -0.82732554793644908      -0.70882782436326019      -0.44220881344595858       -5.3392417897022641E-002  -0.0000000000000000        1.2905107216909153E-003   2.5042165302806375E-002
   19.259424669568268      -0.69213198220455430      -0.62614940618682013      -0.41068788021227709       -8.6534053676681946E-002  -0.0000000000000000        3.6780212273831601E-003   2.7158735246203554E-002
   10.958998051084427      -0.59726721526248194      -0.54821059208996670      -0.36089455880529286       -8.9110663741785237E-002  -0.0000000000000000        5.8629592435057980E-003   3.1538092967588464E-002
   6.2358891994027879      -0.50805345034434013      -0.46914899189884612      -0.30654772550789333       -6.7805229998655805E-002  -0.0000000000000000        8.3926557707557845E-003   3.2970125168547665E-002
   3.5483457452919600      -0.44232224137636283      -0.39017957322665597      -0.24545786827824914       -4.4259493314340335E-002   2.8240940274259461E-003   1.1229442880201673E-002   3.4315260932230203E-002
   2.0190797375516811      -0.38274019349615473      -0.31848733931769563      -0.18360302115100147       -1.9359216102335333E-002   6.5976277440088996E-003   1.4050304635690503E-002   3.9915726823305527E-002
   1.1488967759133464      -0.32078966389715152      -0.25481632419265710      -0.12781350780803505       -2.3234074259908116E-003   1.0042081988069494E-002   1.7112782987474689E-002   4.0770176957546540E-002
  0.65374525688849605      -0.26437633621208684      -0.19710902167764305       -7.8476441229632737E-002   1.5972139696120481E-003   1.3670486594225774E-002   2.0687456989635946E-002   4.1571074783171014E-002
  0.37199413373272433      -0.20400955620860403      -0.13570904970610068       -3.4717726598425522E-002   8.0707037285756619E-003   1.7628533600571469E-002   2.4349637739103990E-002   4.0535590792404756E-002
  0.21167210633416886      -0.14134974778176421       -8.0777853998453386E-002  -7.4984682665447250E-003   1.3601252873470984E-002   2.1902118379069156E-002   2.8527539151902915E-002   5.0565340762687351E-002
  0.12044566442581536       -7.7274863258971246E-002  -3.6685191920694825E-002   4.3774431583436593E-003   1.9554821774340952E-002   2.6287658521546256E-002   3.3014743006583344E-002   5.5360419217419590E-002
   6.8535993382489238E-002  -3.9604767287172195E-002  -7.8086977005778829E-003   1.4971616079543653E-002   2.5349959932596186E-002   3.1225153697729723E-002   3.9051173212726505E-002   7.0865790347788712E-002
   3.8998351757341058E-002  -1.4895445871046827E-002   1.0793254517774815E-002   2.4489598959993721E-002   3.1443487376854921E-002   3.6387599876718871E-002   4.4604725535307532E-002   8.0504042051877514E-002
   2.2190842573792547E-002   9.3069058497726575E-003   2.5773758550826139E-002   3.3122330427534374E-002   3.7801431223401571E-002   4.2497969609542406E-002   5.3415268026149820E-002   8.9975768886111585E-002
   1.2627033501285016E-002   2.8721398420988344E-002   3.5620589646317653E-002   4.0487123135501700E-002   4.4187498209177951E-002   5.0638524614091421E-002   6.5065501810182558E-002   9.9284217585005025E-002
   7.1850347508154366E-003   3.6922487163619580E-002   4.2192085422006677E-002   4.6482281510129779E-002   5.1029089967976941E-002   6.0064038289078039E-002   7.9988203901188021E-002  0.12186742046396040     
   4.0884285580751615E-003   4.1423004757200697E-002   4.6969278891044089E-002   5.1857232984721967E-002   5.7845214268243100E-002   6.9793467284785832E-002   9.5886219737750272E-002  0.14592577890593095     
   2.3263976660081623E-003   3.8870034231651987E-002   5.1237069887243039E-002   5.6973899483533999E-002   6.5485100192019238E-002   8.0255286436611561E-002  0.11409483301276667       0.22086779974604376     
   1.3237668271636042E-003   4.1535896251867495E-002   5.5046781694669776E-002   6.2336343885409901E-002   7.3169107549912585E-002   9.2320919939155754E-002  0.13760679067775580       0.65240706646854962     
   7.5324981549936096E-004  -2.0128683533927737E-002   5.8503045285364312E-002   6.7533922857206496E-002   8.1451590414928735E-002  0.10652161686127783       0.19344543063320116        1.2907623420589633     
   4.2861421883908516E-004  -5.9948893310831634E-002   6.0266947201598510E-002   7.3215158271732916E-002   8.9899902948891983E-002  0.12327694916274079       0.46907792439263057        1.6550611445856451     
   2.4389006782464344E-004  -6.9035223520573036E-002   6.2709899130628785E-002   7.8659310902075494E-002   9.9253748012648524E-002  0.14245461171471657       0.86145146647540205        2.0512293430739716     
   1.3877832925052891E-004  -6.7065077893118191E-002   6.4152625495677476E-002   8.4369452699457198E-002  0.11023361632848647       0.17136249984306859        1.0854280229937576        2.9035950636933112     
   7.8967646535798130E-005 -0.30347795871196492        5.9885896338398657E-002   9.0061595009019543E-002  0.12226278117546048       0.24475898032477730        1.3946625439561438        2.3468458536628587     
   4.4934171156834332E-005  -1.2013552149282218        4.4791968936951788E-002   9.6184812178270601E-002  0.13453069568467854       0.39040787631744950        1.5661793443964034        2.5887298734401458     
   2.5568442598024907E-005  -1.2851904663329830       -1.5858227242607464E-002  0.10145974709519291       0.14810904365035241       0.49941091648698727        1.6569439649174269        2.7561592623001965     
   1.4548955506639233E-005  -1.3388636313314746      -0.13790990547634122       0.10585387203429329       0.16553763866976853       0.62895403900093061        1.5439676070364412        2.8846961509996043     
   8.2786468328156956E-006  -1.3393866159714582      -0.34577532618304652       0.10701979015308091       0.18438999913985052       0.70404392477584632        1.8392583990964844        2.6725025344664877     
   4.7107157177856220E-006  -1.9122398229639748      -0.52544512867076598        9.8465916847681564E-002  0.20019779851416591       0.78244073475227383        1.7696316670713590        2.7542792336323005     
   2.6804915129161433E-006  -1.5671921448630766      -0.65718340489839777        4.4518092375588368E-002  0.21571475957413427       0.80201052399920614        1.7910675306592898        2.6337413849447118     
   1.5252533120790693E-006  -2.3023037136640143      -0.76991209729722199       -3.7502048143686219E-002  0.22851258155442805       0.78846061070700391        1.7848652707251316        2.8223505004076630     
   8.6789965750619029E-007  -2.9419508725130501      -0.97311761618857839      -0.13840379395469596       0.22721368505330305       0.75473473283137427        1.7121379898177800        2.5486967881140741     
   4.9385227328083095E-007  -2.5301751144558713       -1.1199584545109769      -0.25487783079156512       0.19475990813073524       0.72888642981047636        1.6269376151943813        2.3613965306348663     
   2.8101182632728962E-007  -2.6091992468127216       -1.2118265348363799      -0.33493995704204876       0.15031518281306191       0.69717188527745655        1.5182071227875551        2.2325252553435129     
   1.5990135270855283E-007  -2.9999296911815008       -1.2734326588624185      -0.38240363318221837        8.4886143390586352E-002  0.60753559128200074        1.3690537215366769        2.1112101856351111     
   9.0987069591319635E-008  -3.0382035513126917       -1.4569235311749051      -0.47601561857244473        2.0430816619473699E-002  0.51744489169589813        1.2522088516991221        2.0002008901861812     
   5.1773463404683823E-008  -3.6675460797167840       -1.3462633646403688      -0.52471669225929340       -1.8229956591617198E-002  0.44936684677514960        1.0903317563465671        2.1824379261869522     
   2.9460136753012327E-008  -2.9287112876989734       -1.5331059569413428      -0.53899539378748496       -4.5569473525117192E-002  0.36327456275162689       0.95575705310489079        1.8007827270350616     
   1.6763407360297839E-008  -3.2677373029952963       -1.5856707739534019      -0.55678060081494563       -8.3090126961326963E-002  0.31548112923558941       0.89493934204818304        1.9274724287405491     
   9.5387142525248126E-009  -2.6758027777514033       -1.4135014696764170      -0.62737268083137177       -9.7829136183805995E-002  0.31631467472283337       0.90685247994266882        1.9217270438388372     
   5.4277192957090499E-009  -2.8042977838046128       -1.4305163777665739      -0.75240324114478441       -9.5450841606387837E-002  0.41331842579285705       0.98785559737739270        1.8743405429727451     
   3.0884808972251692E-009  -3.1530183774603588       -1.8511813926239864      -0.93111276116265562       -8.6813610540097355E-002  0.61449405187007267        1.3613319060274160        2.0597274108047778     
   1.7574074363178229E-009  -3.8101336957662078       -2.7233949521920717       -1.2884412313556926       -1.6661175477138239E-002   1.1938967932885265        2.8251166186850387        4.0228503438749499     
   1.0000000000000007E-009  -7.8920322727633030       -3.9425011427658814       -1.4284429605960849       -5.6174164913105366E-003   1.6227652404364097        4.9182158733410830        7.7079774529470599     
