   6.0301510000000009        3.9430217270503235E-009   3.3756752685459528E-010   3.8351799643477525E-009
   6.0907549999999997        3.5761145882264846E-009   2.6041731997598133E-010   3.6140358005571814E-009
   6.1519690000000002        3.4697073820528215E-009   2.4948157504130768E-010   3.5411959101965099E-009
   6.2137979999999997        5.0753854025039985E-009   1.7713942560882341E-010   5.1419876093432887E-009
   6.2762479999999998        7.0410398102183874E-009   2.0704201830411017E-010   7.0512765950924055E-009
   6.3393259999999998        6.8218587673813182E-009   1.1028989484398575E-010   7.0255019262587240E-009
   6.4030379999999996        5.6989687696526395E-009   3.6659868480392970E-010   5.8833566697145215E-009
   6.4673900000000000        5.7106945704877236E-009   4.6072093428000826E-010   6.0233872185572509E-009
   6.5323890000000011        6.3289339695011531E-009   5.8095460982798511E-010   6.0385513192432878E-009
   6.5980410000000012        6.5222008028613045E-009   7.5128092984532769E-010   6.5069197253792710E-009
   6.6643530000000002        8.4817979896078301E-009   7.0426648807701266E-010   8.6104652635318717E-009
   6.7313310000000008        1.1051386547959920E-008   3.9756137147336343E-010   1.0960708494496183E-008
   6.7989830000000007        1.2838928173236350E-008   7.7210977862236138E-010   1.3051515623215306E-008
   6.8673140000000004        1.3286052140156645E-008   1.0207448585317584E-009   1.3863218555364158E-008
   6.9363330000000003        1.7682990811626329E-008   1.0192339115474081E-009   1.8217273747623587E-008
   7.0060440000000010        1.6386586372045736E-008   1.2067394089592957E-009   1.7092040722232391E-008
   7.0764570000000004        2.0302620736142267E-008   1.1799833625294980E-009   2.0946332169485080E-008
   7.1475770000000001        2.1700734640475292E-008   1.3600264738530467E-009   2.2450621304704120E-008
   7.2194120000000011        2.5496125143152180E-008   1.4382874253254031E-009   2.6224541730912467E-008
   7.2919690000000008        2.6303961355769726E-008   1.7129419974267835E-009   2.6553214917641652E-008
   7.3652550000000012        3.1304108723346551E-008   2.5412949835540203E-009   2.9468972408154577E-008
   7.4392779999999998        3.1566807558791932E-008   2.7896600798518520E-009   3.0898591876416953E-008
   7.5140440000000002        3.8067528248961216E-008   2.7559172938734662E-009   3.6933487258502660E-008
   7.5895620000000008        3.9716682557034656E-008   1.9546528344161118E-009   3.9588054749003827E-008
   7.6658390000000001        4.1746337611064094E-008   4.8826329948382361E-009   3.9158006296207873E-008
   7.7428830000000000        4.6030971770988736E-008   4.0274733973047534E-009   4.3286122122163063E-008
   7.8207009999999997        5.4908245246904459E-008   3.7614050328920816E-009   5.0989625290270202E-008
   7.8993010000000004        5.0710419239667192E-008   3.0369968557105356E-009   4.8756628257620629E-008
   7.9786910000000013        6.0754886816814862E-008   4.2134351410270342E-009   5.7451678848456890E-008
   8.0588790000000010        6.5116200373880683E-008   4.0794328090906292E-009   6.1735458671788882E-008
   8.1398720000000022        7.0902861324578746E-008   3.2177499145157587E-009   6.7620132037203892E-008
   8.2216799999999992        7.0523482080405890E-008   2.6238617358067969E-009   6.8284630989039424E-008
   8.3043099999999992        8.1568652239396845E-008   2.3618109789255763E-009   7.8770677766152832E-008
   8.3877710000000008        7.8289408531292726E-008   1.6344013366149652E-009   7.6523793512127126E-008
   8.4720700000000004        8.1814488763214674E-008   7.0288812807078825E-010   8.0809969437989488E-008
   8.5572160000000004        8.8928511069971765E-008   9.3294013154438223E-010   8.7920513978784228E-008
   8.6432179999999992        8.1012257904846748E-008   1.1890346574229387E-009   8.0399602994488920E-008
   8.7300850000000008        8.8354695721384945E-008   1.1935919815898748E-009   8.7565194475221541E-008
   8.8178239999999999        8.4799425413226119E-008   1.2545531605540216E-009   8.4622567380412258E-008
   8.9064460000000008        8.6079447991935952E-008   1.2921988489054411E-009   8.5810722623902695E-008
   8.9959579999999999        8.8785376234551084E-008   1.2354121341612282E-009   8.8644357710146832E-008
   9.0863689999999995        8.8379538861969757E-008   1.1023648017173351E-009   8.8245858649686204E-008
   9.1776900000000001        8.6267528532826284E-008   9.0946664777474863E-010   8.6240461029380451E-008
   9.2699280000000002        9.6423842092297051E-008   1.0854094271737679E-009   9.6284202217421256E-008
   9.3630929999999992        9.6962866717863212E-008   9.7784334987243597E-010   9.6849316867123090E-008
   9.4571939999999994        1.1116820489620662E-007   1.0628364179770748E-009   1.1085484517441039E-007
   9.5522419999999997        1.0859864993674021E-007   9.7586700047216373E-010   1.0840625583728963E-007
   9.6482440000000000        1.1481978300238638E-007   8.1762208415336606E-010   1.1453911590931117E-007
   9.7452110000000012        1.3368536125027328E-007   1.1668405230274197E-009   1.3317516371541486E-007
   9.8431530000000009        1.4257480020272196E-007   8.9832425294222195E-010   1.4163066641716647E-007
   9.9420790000000014        1.5572981476298377E-007   1.2578757635718951E-009   1.5476239718820215E-007
   10.042000000000000        1.5546818842545178E-007   9.8014962429553293E-010   1.5452859688554630E-007
   10.142920000000000        2.1136096604538272E-007   2.6296394574947571E-009   2.0793252644235937E-007
   10.244860000000001        2.0310729506997096E-007   2.0909821064941842E-009   2.0044527633520163E-007
   10.347830000000000        8.9280426122747528E-008   4.8277213100523090E-009   8.9322521846981644E-008
   10.451820000000000        1.4096624569848929E-007   1.6540458466403747E-009   1.4131346333420670E-007
   10.556870000000000        1.6910020623973998E-007   1.3359090812654482E-009   1.6910290090006617E-007
   10.662970000000000        1.5353429638868925E-007   1.5741633084153709E-009   1.5388048337168550E-007
   10.770130000000002        1.0392268732945136E-007   6.6535599849796879E-009   1.0373497611539321E-007
   10.878380000000000        1.9144922399540014E-007   1.4516210586092271E-009   1.9193856205218989E-007
   10.987710000000002        2.0190287199912469E-007   1.2812836127908196E-009   2.0219882380211454E-007
   11.098140000000003        2.7952957988927742E-007   2.5999352051386777E-009   2.7782860071934702E-007
   11.209670000000001        2.2238203292051898E-007   7.8591756325127341E-010   2.2232989106058862E-007
   11.322330000000001        3.0266814512510893E-007   2.5955574212251779E-009   3.0109766326234194E-007
   11.436130000000002        2.7314250076132633E-007   1.3487835490790498E-009   2.7232951729221197E-007
   11.551060000000000        2.7030457364201577E-007   1.3251063112037429E-009   2.7015370939613616E-007
   11.667149999999999        2.9519364060329832E-007   1.7294809664711047E-009   2.9447971171953997E-007
   11.784409999999999        2.5841268914738872E-007   1.4236657698535436E-009   2.5911745569067192E-007
   11.902850000000001        3.5252280066618239E-007   3.1025810769014183E-009   3.5168079947428342E-007
   12.022470000000000        2.7219802861365277E-007   1.8850953330091947E-009   2.7320996516648933E-007
   12.143300000000000        3.5856185425186192E-007   2.9827419936573844E-009   3.5909321029748879E-007
   12.265350000000000        2.8878557710089531E-007   2.4819992396008496E-009   2.8986503952579246E-007
   12.388620000000001        3.1613967420756204E-007   2.2368403848141270E-009   3.1716127159772513E-007
   12.513130000000000        3.4535053789300206E-007   3.4885350077298507E-009   3.4736123532997046E-007
   12.638890000000000        3.7373868009910300E-007   2.8763054803964934E-009   3.7537687355977406E-007
   12.765910000000002        3.9050022640782131E-007   3.4137701638856613E-009   3.9229861855610228E-007
   12.894209999999999        3.9172937057793790E-007   3.7651557281437691E-009   3.9465912142670804E-007
   13.023800000000001        4.0215733586609676E-007   3.5350194503379061E-009   4.0446838956617906E-007
   13.154690000000000        4.4544919786878926E-007   3.6399271631209740E-009   4.4649367387012291E-007
   13.286899999999999        4.6301616098274702E-007   4.8226155591148722E-009   4.6482507635919728E-007
   13.420439999999999        4.3526778418429808E-007   4.6941132879055874E-009   4.3828022249356731E-007
   13.555320000000000        5.1228245037297044E-007   6.3986908562402768E-009   5.1146437024040312E-007
   13.691549999999999        5.0826774764908512E-007   7.0586086749745860E-009   5.0909387523682114E-007
   13.829150000000002        5.5369985368351936E-007   1.1718752887696719E-008   5.5029165705249599E-007
   13.968140000000002        5.9458139947611305E-007   1.2918251701153534E-008   5.9016212045471196E-007
   14.108520000000002        5.5163617732129557E-007   1.0420204382128648E-008   5.5116913497758641E-007
   14.250320000000002        6.1553200405419563E-007   1.9168830916355242E-008   6.0806694170126926E-007
   14.393540000000002        6.0629688489802544E-007   2.3042618475340206E-008   6.0132536918025643E-007
   14.538200000000000        6.1220569800894505E-007   2.6975956997679549E-008   6.0594249494820254E-007
   14.684310000000000        6.7018972564984522E-007   3.6038671000055091E-008   6.6045393748505845E-007
   14.831890000000000        7.0424720367649492E-007   4.0594946559086496E-008   6.9315197120590104E-007
   14.980950000000000        6.6561139256937794E-007   7.4768167551151986E-008   6.6772101164380387E-007
   15.131520000000000        7.1260581576338547E-007   3.1189929600384772E-008   7.0564320013178686E-007
   15.283590000000002        7.7568499404233368E-007   4.0275689413379209E-008   7.6354053086549915E-007
   15.437190000000001        7.5463783408866197E-007   3.5161951703405172E-008   7.4566160051519736E-007
   15.592340000000000        7.4271995632737789E-007   2.4052480737506277E-008   7.4075705627017920E-007
   15.749050000000002        6.9748944318054563E-007   1.8949433368968646E-008   7.0445097931214725E-007
   15.907330000000000        6.9785900249700109E-007   1.0346858949553589E-008   7.0293888152414980E-007
   15.993430000000000        7.2049015906755247E-007   1.5058913844103273E-008   7.2837916403559391E-007
