   6.0301510000000009        1.1389892272219412E-008   1.3019139079960248E-008   1.5730810057872295E-008   1.7201813566625414E-008   1.8257038199754795E-008   1.9379243334406879E-008   2.2202048842323422E-008
   6.0907549999999997        1.2510374474186381E-008   1.3751532892501988E-008   1.4916137908337142E-008   1.5574956435110738E-008   1.6338956123980293E-008   1.8622303607097425E-008   2.3151817131652626E-008
   6.1519690000000002        9.4747899635390728E-009   1.2110659786432171E-008   1.4418674777522747E-008   1.5295682406593703E-008   1.5874979780157428E-008   1.6623187260000214E-008   1.8652290350734635E-008
   6.2137979999999997        1.8310204857251118E-008   1.9198240104153085E-008   2.1104543922692034E-008   2.1600317157392009E-008   2.2047135307212291E-008   2.2700263352500721E-008   2.5522311679725932E-008
   6.2762479999999998        2.5729922659365427E-008   2.6878437672353417E-008   2.8291239015872840E-008   2.8995025865981565E-008   2.9720728269122701E-008   3.0722411014959201E-008   3.1852169564778981E-008
   6.3393259999999998        2.6831577558265723E-008   2.7493554307708493E-008   2.7878773397571333E-008   2.8343922599574635E-008   2.8780106400497170E-008   2.9200738394073738E-008   2.9525773880258933E-008
   6.4030379999999996        1.6544767578753455E-008   1.9237101965608598E-008   2.2336151951645137E-008   2.3418862123826607E-008   2.4322485681964212E-008   2.5794770410587432E-008   2.9068830924334285E-008
   6.4673900000000000        1.5633682757580862E-008   1.8787288746894010E-008   2.2224664977817578E-008   2.3530938654396735E-008   2.4591300121709577E-008   2.6791249531034632E-008   3.5117761903604885E-008
   6.5323890000000011        1.3411902677304015E-008   1.7393257898684303E-008   2.1662704308857814E-008   2.3196490293784784E-008   2.4443639472536482E-008   2.7043812813780353E-008   4.0190395543224399E-008
   6.5980410000000012        1.3297779302685674E-008   1.7544196911957034E-008   2.3057629644338120E-008   2.4441530423693464E-008   2.5940829226375738E-008   2.9091765223673646E-008   5.1554108141269466E-008
   6.6643530000000002        2.0324872510655280E-008   2.3706678922945732E-008   3.0624900178877423E-008   3.2040249163069821E-008   3.3263394761134772E-008   3.4531953050043464E-008   4.5969276135248776E-008
   6.7313310000000008        3.3179256447514728E-008   3.5390417592292485E-008   3.8764798415209613E-008   3.9529761729730415E-008   4.0409357871806596E-008   4.1873683301802296E-008   5.1333413161967962E-008
   6.7989830000000007        3.4400006342473234E-008   3.6842734108920280E-008   4.5359678475291085E-008   4.6850857301459136E-008   4.7894816328861985E-008   4.8883320777787684E-008   5.0575117422982931E-008
   6.8673140000000004        3.4294838326732006E-008   3.7071288235526617E-008   4.6236748776963349E-008   4.8896019421826298E-008   5.0763531624012894E-008   5.2832612999204345E-008   5.4605186294371350E-008
   6.9363330000000003        4.8371968252599043E-008   5.0669728825896678E-008   6.0204469087301113E-008   6.2834596254306723E-008   6.4571425622229420E-008   6.6225447945891108E-008   6.8343131137193361E-008
   7.0060440000000010        4.1896667234307171E-008   4.4719867174741759E-008   5.4882793361440631E-008   5.7884046958194016E-008   6.0069061213587275E-008   6.2867620613877231E-008   6.6022760878859877E-008
   7.0764570000000004        5.3957648899567710E-008   5.6344108626514113E-008   6.6476617698524613E-008   6.9472515663143977E-008   7.1557541020278366E-008   7.3856682296564336E-008   7.5844895023647934E-008
   7.1475770000000001        5.6001041717437822E-008   5.8516706217619631E-008   6.9646929748664915E-008   7.3047806062347386E-008   7.5468864981080526E-008   7.8401285239878622E-008   8.1132575952856766E-008
   7.2194120000000011        6.5477955678314898E-008   6.8882069411116407E-008   7.9851945730534767E-008   8.3604453143371352E-008   8.6294120144695439E-008   8.9512938165021529E-008   9.2179610823486924E-008
   7.2919690000000008        6.5762445752456812E-008   6.9345181666484352E-008   7.6321619160589606E-008   8.3328950463802706E-008   8.6953474107516642E-008   9.0368646017268745E-008   9.4312848304374947E-008
   7.3652550000000012        6.8334355254718344E-008   7.5526069197072045E-008   8.2522325025441975E-008   8.8418871658388388E-008   9.8608697156956865E-008   1.0565718295775135E-007   1.1025829463434106E-007
   7.4392779999999998        6.9843635991920142E-008   7.6826023489860600E-008   8.4267621442608688E-008   9.1413245065348673E-008   9.9526650490620120E-008   1.1131537095363614E-007   1.1866960438478950E-007
   7.5140440000000002        8.3588625808045130E-008   9.2144542614969003E-008   1.0035372294114557E-007   1.0775162505432831E-007   1.1529638809344925E-007   1.2621730452717998E-007   1.3595963284335529E-007
   7.5895620000000008        9.3435630146390717E-008   1.0136410984862889E-007   1.0810996013212934E-007   1.1363985147325015E-007   1.1886314777092394E-007   1.2467462305012323E-007   1.3046733294163709E-007
   7.6658390000000001        7.8336139107792614E-008   8.6762401229063668E-008   9.7385800336984949E-008   1.0864807123373694E-007   1.2229066098938573E-007   1.4694895842866885E-007   1.5898925938886381E-007
   7.7428830000000000        8.9445608502155978E-008   9.8075912097069284E-008   1.0923164282260108E-007   1.1855533981315574E-007   1.2977572259437552E-007   1.4615464152872191E-007   1.5190966019948372E-007
   7.8207009999999997        1.0625871889256324E-007   1.1706162261420377E-007   1.2838265715758581E-007   1.3794024168889653E-007   1.4755458298687946E-007   1.6101559565410264E-007   1.6895820778029465E-007
   7.8993010000000004        1.0386092353070833E-007   1.1360265026451288E-007   1.2184364266965839E-007   1.2909287008266132E-007   1.3708008471771510E-007   1.4865939197419159E-007   1.5535322610628347E-007
   7.9786910000000013        1.1959624702184189E-007   1.2850360960654066E-007   1.3876364234015166E-007   1.4921544087030032E-007   1.6023637845109589E-007   1.7370293078777387E-007   1.8302347577559616E-007
   8.0588790000000010        1.2820817276679820E-007   1.3686191273620882E-007   1.4734935575521920E-007   1.5752871443289411E-007   1.6808352978984930E-007   1.8105605234569490E-007   1.8725543071540637E-007
   8.1398720000000022        1.4497625007073497E-007   1.5268499486734453E-007   1.6181141361856895E-007   1.6919556786542054E-007   1.7718624130007313E-007   1.8797744434526721E-007   1.9262358291787824E-007
   8.2216799999999992        1.4821245269250992E-007   1.5449942862609611E-007   1.6185293062649280E-007   1.6770813750287650E-007   1.7392467018158603E-007   1.8179003733889223E-007   1.8511229485573217E-007
   8.3043099999999992        1.7202272712603524E-007   1.7853472766896602E-007   1.8459494985989228E-007   1.8959222861822089E-007   1.9541950873222346E-007   2.0250156519036502E-007   2.0533598805687600E-007
   8.3877710000000008        1.6663979030075199E-007   1.7089581405617719E-007   1.7689902847602124E-007   1.8204398727249915E-007   1.8399034452122956E-007   1.8577217289160463E-007   1.8732878840014024E-007
   8.4720700000000004        1.8216323567488257E-007   1.8431519121423729E-007   1.8580613957610847E-007   1.8739475551114484E-007   1.8912371025497950E-007   1.9070459601600146E-007   1.9204065095755848E-007
   8.5572160000000004        1.9069649397338124E-007   1.9581430760083537E-007   1.9806734526149721E-007   1.9996638745997651E-007   2.0207716270554723E-007   2.0434929825380161E-007   2.0684554608051894E-007
   8.6432179999999992        1.7193433171783569E-007   1.7483726453026838E-007   1.7696618525107624E-007   1.7916949108951377E-007   1.8180660534152462E-007   1.8582081927278231E-007   1.9004838990257329E-007
   8.7300850000000008        1.8385226472798549E-007   1.8700895670484854E-007   1.8922671662432637E-007   1.9146691600492173E-007   1.9403827689489145E-007   1.9780384111473950E-007   2.0285686093872558E-007
   8.8178239999999999        1.7541826988736568E-007   1.7753762187911346E-007   1.7926959027608577E-007   1.8131027643838822E-007   1.8396944380242969E-007   1.8878648252182294E-007   1.9328954064229667E-007
   8.9064460000000008        1.7349131555920128E-007   1.7635076355218245E-007   1.7817363937948289E-007   1.8036320912577799E-007   1.8304869886711912E-007   1.8765263150047969E-007   1.9104412301899646E-007
   8.9959579999999999        1.7631748034042982E-007   1.7896857820045919E-007   1.8077268955468914E-007   1.8279829274634190E-007   1.8538556535847260E-007   1.8964165465135752E-007   1.9419583382636304E-007
   9.0863689999999995        1.7275246062293176E-007   1.7491721632305375E-007   1.7671022856036715E-007   1.7862842399552659E-007   1.8084511740918232E-007   1.8427573878365885E-007   1.8642520911612726E-007
   9.1776900000000001        1.6645475325956445E-007   1.6825506750784448E-007   1.6963172942351392E-007   1.7119385812772519E-007   1.7304817316269282E-007   1.7556629441286364E-007   1.7879223351088898E-007
   9.2699280000000002        1.8167669278449766E-007   1.8371153860049494E-007   1.8549584333287746E-007   1.8733736159041780E-007   1.8946342377818410E-007   1.9258004620494089E-007   1.9496676996100238E-007
   9.3630929999999992        1.7944752714509466E-007   1.8155499159638296E-007   1.8309995976853912E-007   1.8478033828992733E-007   1.8675201401405837E-007   1.8910174436618549E-007   1.9085309031765163E-007
   9.4571939999999994        2.0117230272159119E-007   2.0396561911335740E-007   2.0555378588573182E-007   2.0726732545921289E-007   2.0933905408156835E-007   2.1215911233165771E-007   2.1441729726498896E-007
   9.5522419999999997        1.9381054448490543E-007   1.9565052029435887E-007   1.9713172953523654E-007   1.9877295661701242E-007   2.0067742391424852E-007   2.0278349441745515E-007   2.0420008847685990E-007
   9.6482440000000000        2.0134726136406339E-007   2.0327310289447873E-007   2.0455024136399059E-007   2.0591142606495121E-007   2.0742006163883060E-007   2.0900171023920328E-007   2.1052630806136528E-007
   9.7452110000000012        2.2856159772698961E-007   2.3112467232802389E-007   2.3284183245129366E-007   2.3460501887725110E-007   2.3665273350487013E-007   2.3979675392934421E-007   2.4249891771281438E-007
   9.8431530000000009        2.3843298590258870E-007   2.4181527179445711E-007   2.4323968009975851E-007   2.4467858260044660E-007   2.4625375631280508E-007   2.4799042704648009E-007   2.4988305869452830E-007
   9.9420790000000014        2.5494360521409158E-007   2.5798627584354580E-007   2.6013366448113482E-007   2.6206089922942023E-007   2.6409467073047404E-007   2.6676734680240814E-007   2.6940876502025795E-007
   10.042000000000000        2.5058264313635252E-007   2.5352583041325788E-007   2.5502658787120413E-007   2.5649730718691330E-007   2.5817352838886295E-007   2.5997968703817451E-007   2.6203628926670078E-007
   10.142920000000000        3.1980249460101984E-007   3.2849076336611095E-007   3.3450257205032948E-007   3.3866563252738324E-007   3.4237273786069156E-007   3.4631105686502732E-007   3.5059632808130214E-007
   10.244860000000001        2.9922341978932784E-007   3.1240129219994434E-007   3.1700181130974359E-007   3.1998722958869192E-007   3.2280705952545307E-007   3.2585083590926005E-007   3.2837227691317316E-007
   10.347830000000000        1.0831370752721799E-007   1.2170690910544838E-007   1.3276861074860473E-007   1.4038503524742485E-007   1.4650228246967129E-007   1.5272842543902191E-007   1.6382170315316439E-007
   10.451820000000000        2.0977345963070561E-007   2.1228681970922937E-007   2.1441308508151408E-007   2.1637454851284367E-007   2.1871635507177945E-007   2.2304344402635775E-007   2.3044597700330792E-007
   10.556870000000000        2.4815014468338401E-007   2.5027736020927325E-007   2.5234106364928208E-007   2.5394239674965372E-007   2.5594945193589018E-007   2.5850173657195523E-007   2.6333000533989440E-007
   10.662970000000000        2.1719290476063090E-007   2.2173096133297843E-007   2.2477571935959210E-007   2.2672164712292812E-007   2.2864800905682046E-007   2.3118005538885382E-007   2.3628549228816282E-007
   10.770130000000002        1.0709586508284622E-007   1.2649877463505806E-007   1.4102472444225542E-007   1.5091829964542579E-007   1.5854575694505600E-007   1.6586944950680988E-007   1.7538908647114273E-007
   10.878380000000000        2.6677429924599857E-007   2.6814017011280753E-007   2.6984292744519905E-007   2.7149561240901631E-007   2.7345576472334496E-007   2.7651866258328701E-007   2.8227462595737836E-007
   10.987710000000002        2.7566584338906525E-007   2.7735872678030499E-007   2.7895597314465534E-007   2.8040158053985577E-007   2.8213802581765593E-007   2.8453026316576490E-007   2.8979212373556460E-007
   11.098140000000003        3.6727800200852088E-007   3.7154616863670840E-007   3.7440549371275735E-007   3.7774323610459150E-007   3.8114332869517867E-007   3.8571649745836768E-007   3.9189219386202645E-007
   11.209670000000001        2.9298517254926396E-007   2.9429426095925641E-007   2.9537563221259280E-007   2.9639871646696914E-007   2.9746750336044240E-007   2.9846190524809231E-007   2.9941594039472969E-007
   11.322330000000001        3.8232813106915061E-007   3.8710235405504691E-007   3.9012860106157741E-007   3.9343394847508169E-007   3.9667165298475894E-007   4.0051182513902090E-007   4.0597912560687580E-007
   11.436130000000002        3.4142565275765923E-007   3.4557465364368922E-007   3.4715394837656635E-007   3.4884860224172501E-007   3.5050306242935143E-007   3.5250817648492131E-007   3.5481918565602538E-007
   11.551060000000000        3.3395677254969696E-007   3.3603320586205021E-007   3.3759105026988846E-007   3.3919127752998252E-007   3.4077522336200049E-007   3.4260348136921296E-007   3.4617550751893399E-007
   11.667149999999999        3.5256773764441513E-007   3.5845579159698832E-007   3.6048064604265793E-007   3.6243070690260690E-007   3.6445504321499839E-007   3.6700815402414290E-007   3.7058842083500103E-007
   11.784409999999999        3.0621088285861878E-007   3.0893608878650573E-007   3.1100149260138437E-007   3.1272256048225051E-007   3.1422252910626291E-007   3.1607649188342179E-007   3.1863728048144652E-007
   11.902850000000001        4.0389702912837889E-007   4.0900367282269573E-007   4.1231365701683890E-007   4.1590124812681977E-007   4.1953725434469657E-007   4.2347886147295633E-007   4.2968481471411507E-007
   12.022470000000000        3.0657456506943443E-007   3.1189032523201237E-007   3.1477498831880292E-007   3.1686172704970745E-007   3.1866219174439974E-007   3.2100026088524384E-007   3.2501264436047841E-007
   12.143300000000000        3.9729294656687635E-007   4.0171931342884285E-007   4.0474418737175170E-007   4.0809226832644112E-007   4.1136406270605254E-007   4.1535810236753605E-007   4.2150377494170184E-007
   12.265350000000000        3.0913105083765721E-007   3.1621006186690969E-007   3.2057914398784417E-007   3.2310635295211272E-007   3.2527628077630174E-007   3.2797251687815491E-007   3.3203369395460178E-007
   12.388620000000001        3.3739436996187314E-007   3.4093759779114222E-007   3.4394297921189800E-007   3.4646998892369659E-007   3.4852527203249003E-007   3.5127693638351572E-007   3.5522262957995730E-007
   12.513130000000000        3.5990944525183623E-007   3.6397681370499800E-007   3.6809574956832671E-007   3.7199530510481462E-007   3.7545907398104735E-007   3.7876138211472778E-007   3.8489133315641805E-007
   12.638890000000000        3.8523958173870288E-007   3.8767306037274692E-007   3.9082147657360177E-007   3.9395484749187861E-007   3.9684512023749887E-007   4.0002607272889632E-007   4.0369286846103449E-007
   12.765910000000002        3.9356851879871625E-007   3.9620873443199727E-007   3.9988888927595403E-007   4.0356806398742132E-007   4.0692041383972746E-007   4.1044190389620028E-007   4.1576060608039210E-007
   12.894209999999999        3.8782144430209339E-007   3.9053373039187108E-007   3.9410575955836475E-007   3.9780929456460164E-007   4.0170015987059735E-007   4.0582153113513851E-007   4.1074766823544758E-007
   13.023800000000001        3.9011002001606584E-007   3.9295327500075683E-007   3.9619453587495718E-007   3.9971399540007935E-007   4.0320164319975873E-007   4.0723888107152193E-007   4.1157579443274810E-007
   13.154690000000000        4.2256753383782485E-007   4.2546144675113855E-007   4.2887764160621320E-007   4.3259166903414025E-007   4.3610914425082511E-007   4.3961237125090220E-007   4.4539795446624425E-007
   13.286899999999999        4.2423032407721123E-007   4.3152535879194324E-007   4.3690006233755090E-007   4.4167250351071056E-007   4.4571576130196838E-007   4.5020400526479618E-007   4.5734429378445204E-007
   13.420439999999999        3.9312950057658524E-007   3.9868627813482555E-007   4.0364044623853910E-007   4.0825717851587246E-007   4.1221428775544677E-007   4.1624951218290767E-007   4.2233050338005328E-007
   13.555320000000000        4.3246272714066188E-007   4.5212878396237299E-007   4.6218141955517794E-007   4.6714389510932335E-007   4.7161602894901426E-007   4.7619761332122175E-007   4.8376372313881159E-007
   13.691549999999999        4.2755997954721365E-007   4.4101006886479701E-007   4.4937935871034768E-007   4.5609233142286483E-007   4.6127280810321856E-007   4.6650090233630542E-007   4.7318297385766897E-007
   13.829150000000002        4.3494791401197606E-007   4.5629581240670814E-007   4.7372587204846326E-007   4.8462120445742461E-007   4.9131189799596582E-007   4.9695870798033909E-007   5.0337893759739080E-007
   13.968140000000002        4.5092162884107750E-007   4.7783034234287370E-007   4.9804615039299369E-007   5.0893829186051125E-007   5.1687771291306067E-007   5.2289213760604420E-007   5.3161132918144604E-007
   14.108520000000002        4.1661218408393499E-007   4.3947870272756596E-007   4.5788591434074498E-007   4.6621103628358101E-007   4.7148266446954150E-007   4.7653256251368707E-007   4.8175685280996971E-007
   14.250320000000002        4.1849686270155011E-007   4.5721746545558766E-007   4.9052544482473266E-007   5.0596519088748834E-007   5.1465602708476319E-007   5.2067061559764694E-007   5.2897656023152473E-007
   14.393540000000002        3.9323236492294730E-007   4.3451937740145780E-007   4.7237521028029230E-007   4.9119439439502890E-007   5.0176499936025115E-007   5.0941526843374520E-007   5.1958640085802106E-007
   14.538200000000000        3.7844649069931324E-007   4.1910530444253423E-007   4.6369078248073034E-007   4.8654089375540635E-007   4.9754950468756227E-007   5.0553501226281402E-007   5.1526707296529405E-007
   14.684310000000000        3.8955469843852588E-007   4.3175687768656530E-007   4.9051671460205034E-007   5.2286937121068035E-007   5.3453597782626358E-007   5.4253451599624335E-007   5.5189275101195092E-007
   14.831890000000000        3.9136172777260098E-007   4.3658285082172072E-007   5.0299585548374654E-007   5.3827504129018151E-007   5.5166886628541366E-007   5.6162200717780476E-007   5.7280514023754198E-007
   14.980950000000000        3.0031347307466221E-007   3.5391250091542529E-007   4.3191732933041381E-007   5.2305329062881300E-007   5.4466574054606920E-007   5.5620176575733196E-007   5.6861485531715554E-007
   15.131520000000000        4.0588129000477615E-007   4.5291171211632575E-007   4.9868395955155146E-007   5.2273218450864535E-007   5.3523919011505613E-007   5.4497968557941963E-007   5.5821878313449693E-007
   15.283590000000002        4.1441101033422721E-007   4.6291565505747434E-007   5.2510762817739273E-007   5.5653946265769365E-007   5.7069285261646148E-007   5.8080478510235886E-007   5.9245973859636329E-007
   15.437190000000001        4.0774967094239372E-007   4.5293631297397454E-007   5.0467915126991465E-007   5.3262054043534070E-007   5.4368384569285911E-007   5.5091496883651923E-007   5.6070359369044863E-007
   15.592340000000000        4.2890598028370640E-007   4.6653922566849824E-007   4.9721561466439917E-007   5.1445747739418205E-007   5.2519829195897112E-007   5.3376235920641125E-007   5.4392711678388325E-007
   15.749050000000002        4.2297962768164719E-007   4.4646565459297263E-007   4.6327638148437627E-007   4.7816198475154987E-007   4.8821530165270746E-007   4.9825042888941606E-007   5.1126676604113925E-007
   15.907330000000000        4.3649365586379979E-007   4.5069496074955662E-007   4.5932747405849834E-007   4.6654821149852190E-007   4.7249752277732260E-007   4.7844456262660408E-007   4.8672850348696548E-007
   15.993430000000000        4.4361144162370585E-007   4.5594783862667759E-007   4.6763761713461631E-007   4.7866486375764364E-007   4.8690336559044229E-007   4.9542628359276742E-007   5.0664427123921187E-007
