#  lambda [mu]          flux [Jy]
      6.030151     1.5808983E-008     0.0000000E+000
      6.090755     1.5637198E-008     0.0000000E+000
      6.151969     1.5488241E-008     0.0000000E+000
      6.213798     2.1519768E-008     0.0000000E+000
      6.276248     2.8607769E-008     0.0000000E+000
      6.339326     2.8320442E-008     0.0000000E+000
      6.403038     2.3828790E-008     0.0000000E+000
      6.467390     2.4008632E-008     0.0000000E+000
      6.532389     2.3455075E-008     0.0000000E+000
      6.598041     2.4052462E-008     0.0000000E+000
      6.664353     3.2092852E-008     0.0000000E+000
      6.731331     3.9448468E-008     0.0000000E+000
      6.798983     4.7623050E-008     0.0000000E+000
      6.867314     5.0199095E-008     0.0000000E+000
      6.936333     6.3903062E-008     0.0000000E+000
      7.006044     5.9440133E-008     0.0000000E+000
      7.076457     7.0731289E-008     0.0000000E+000
      7.147577     7.4651495E-008     0.0000000E+000
      7.219412     8.5211003E-008     0.0000000E+000
      7.291969     8.6172856E-008     0.0000000E+000
      7.365255     8.7888685E-008     0.0000000E+000
      7.439278     9.0472663E-008     0.0000000E+000
      7.514044     1.0696488E-007     0.0000000E+000
      7.589562     1.1465712E-007     0.0000000E+000
      7.665839     1.0581230E-007     0.0000000E+000
      7.742883     1.1460392E-007     0.0000000E+000
      7.820701     1.3443624E-007     0.0000000E+000
      7.899301     1.2577254E-007     0.0000000E+000
      7.978691     1.4623110E-007     0.0000000E+000
      8.058879     1.5424322E-007     0.0000000E+000
      8.139872     1.6729433E-007     0.0000000E+000
      8.221680     1.6584748E-007     0.0000000E+000
      8.304310     1.8839698E-007     0.0000000E+000
      8.387771     1.8194080E-007     0.0000000E+000
      8.472070     1.8727973E-007     0.0000000E+000
      8.557216     1.9897261E-007     0.0000000E+000
      8.643218     1.7744124E-007     0.0000000E+000
      8.730085     1.8974897E-007     0.0000000E+000
      8.817824     1.7992650E-007     0.0000000E+000
      8.906446     1.7883415E-007     0.0000000E+000
      8.995958     1.8164490E-007     0.0000000E+000
      9.086369     1.7734962E-007     0.0000000E+000
      9.177690     1.7042698E-007     0.0000000E+000
      9.269928     1.8614971E-007     0.0000000E+000
      9.363093     1.8395846E-007     0.0000000E+000
      9.457194     2.0620282E-007     0.0000000E+000
      9.552242     1.9800485E-007     0.0000000E+000
      9.648244     2.0528868E-007     0.0000000E+000
      9.745211     2.3355208E-007     0.0000000E+000
      9.843153     2.4384668E-007     0.0000000E+000
      9.942079     2.6104111E-007     0.0000000E+000
     10.042000     2.5586430E-007     0.0000000E+000
     10.142920     3.4080288E-007     0.0000000E+000
     10.244860     3.2131716E-007     0.0000000E+000
     10.347830     1.4378270E-007     0.0000000E+000
     10.451820     2.1562251E-007     0.0000000E+000
     10.556870     2.5258598E-007     0.0000000E+000
     10.662970     2.2727925E-007     0.0000000E+000
     10.770130     1.5553557E-007     0.0000000E+000
     10.878380     2.7051033E-007     0.0000000E+000
     10.987710     2.7957529E-007     0.0000000E+000
     11.098140     3.7538987E-007     0.0000000E+000
     11.209670     2.9659129E-007     0.0000000E+000
     11.322330     3.9203477E-007     0.0000000E+000
     11.436130     3.4834436E-007     0.0000000E+000
     11.551060     3.3898606E-007     0.0000000E+000
     11.667150     3.6206688E-007     0.0000000E+000
     11.784410     3.1373791E-007     0.0000000E+000
     11.902850     4.1483995E-007     0.0000000E+000
     12.022470     3.1792795E-007     0.0000000E+000
     12.143300     4.0766904E-007     0.0000000E+000
     12.265350     3.2460559E-007     0.0000000E+000
     12.388620     3.4749154E-007     0.0000000E+000
     12.513130     3.7453154E-007     0.0000000E+000
     12.638890     3.9510159E-007     0.0000000E+000
     12.765910     4.0455778E-007     0.0000000E+000
     12.894210     3.9873347E-007     0.0000000E+000
     13.023800     4.0072499E-007     0.0000000E+000
     13.154690     4.3269135E-007     0.0000000E+000
     13.286900     4.4216771E-007     0.0000000E+000
     13.420440     4.1039940E-007     0.0000000E+000
     13.555320     4.6708982E-007     0.0000000E+000
     13.691550     4.5767511E-007     0.0000000E+000
     13.829150     4.8767835E-007     0.0000000E+000
     13.968140     5.1105310E-007     0.0000000E+000
     14.108520     4.6778906E-007     0.0000000E+000
     14.250320     5.0240428E-007     0.0000000E+000
     14.393540     4.9127993E-007     0.0000000E+000
     14.538200     4.8517856E-007     0.0000000E+000
     14.684310     5.0972158E-007     0.0000000E+000
     14.831890     5.2528829E-007     0.0000000E+000
     14.980950     4.6898874E-007     0.0000000E+000
     15.131520     5.1966386E-007     0.0000000E+000
     15.283590     5.4621778E-007     0.0000000E+000
     15.437190     5.2186976E-007     0.0000000E+000
     15.592340     5.1731596E-007     0.0000000E+000
     15.749050     4.8622784E-007     0.0000000E+000
     15.907330     4.7077724E-007     0.0000000E+000
     15.993430     4.8496923E-007     0.0000000E+000
