   6.0301510000000009        1.7449407105274446E-008   1.4938678022484329E-009   1.6972165296679230E-008
   6.0907549999999997        1.5534904623503678E-008   1.1312719792185526E-009   1.5699637157160278E-008
   6.1519690000000002        1.4795687064421734E-008   1.0638508975550376E-009   1.5100531760139096E-008
   6.2137979999999997        2.1244966552283251E-008   7.4148480828538511E-010   2.1523755559303511E-008
   6.2762479999999998        2.8931317226591595E-008   8.5072638022823570E-010   2.8973379717154519E-008
   6.3393259999999998        2.7515541534299071E-008   4.4484740682458940E-010   2.8336923504717488E-008
   6.4030379999999996        2.2563950945020544E-008   1.4514757098641047E-009   2.3293998730859840E-008
   6.4673900000000000        2.2194786890448090E-008   1.7906058231791618E-009   2.3410076309353281E-008
   6.5323890000000011        2.4141705167738792E-008   2.2160501237479981E-009   2.3034041165849338E-008
   6.5980410000000012        2.4411076174754786E-008   2.8118692695032135E-009   2.4353882666348465E-008
   6.6643530000000002        3.1148394505683006E-008   2.5863349297675212E-009   3.1620909768728334E-008
   6.7313310000000008        3.9821642919959330E-008   1.4325394288650644E-009   3.9494901198453158E-008
   6.7989830000000007        4.5392631581604056E-008   2.7298302668768680E-009   4.6144244462801065E-008
   6.8673140000000004        4.6089975501974164E-008   3.5410146691581567E-009   4.8092194495009145E-008
   6.9363330000000003        6.0189351963301414E-008   3.4692676871564357E-009   6.2007943853400888E-008
   7.0060440000000010        5.4727511111701621E-008   4.0302380809105146E-009   5.7083569897349558E-008
   7.0764570000000004        6.6530693832646371E-008   3.8667476893913282E-009   6.8640104673979859E-008
   7.1475770000000001        6.9774520447583916E-008   4.3729024192628229E-009   7.2185636165713220E-008
   7.2194120000000011        8.0435674568299883E-008   4.5375373171253911E-009   8.2733697474693136E-008
   7.2919690000000008        8.1423063987316285E-008   5.3023567050082069E-009   8.2194620348841626E-008
   7.3652550000000012        9.5077788386771269E-008   7.7184981949194534E-009   8.9504056715357331E-008
   7.4392779999999998        9.4053266973872426E-008   8.3117890134437653E-009   9.2062319113418307E-008
   7.5140440000000002        1.1126041269640406E-007   8.0547518995243930E-009   1.0794593775104163E-007
   7.5895620000000008        1.1386790453514483E-007   5.6039983205803210E-009   1.1349912804067320E-007
   7.6658390000000001        1.1740559525811614E-007   1.3731705964883787E-008   1.1012628415837092E-007
   7.7428830000000000        1.2698787264307836E-007   1.1110786046291129E-008   1.1941552289205336E-007
   7.8207009999999997        1.4859051208090100E-007   1.0178964879825976E-008   1.3798609841973880E-007
   7.8993010000000004        1.3461449471842180E-007   8.0619289550876994E-009   1.2942801450829834E-007
   7.9786910000000013        1.5820370073297456E-007   1.0971644702732839E-008   1.4960225725632800E-007
   8.0588790000000010        1.6632784340861414E-007   1.0420191251493186E-008   1.5769233529846858E-007
   8.1398720000000022        1.7765602667772774E-007   8.0624766613939533E-009   1.6943073603418225E-007
   8.2216799999999992        1.7333085362786693E-007   6.4488618691624191E-009   1.6782826130876101E-007
   8.3043099999999992        1.9664696065417666E-007   5.6938902126552324E-009   1.8990156078491552E-007
   8.3877710000000008        1.8513496289163108E-007   3.8649523157822660E-009   1.8095972287914058E-007
   8.4720700000000004        1.8977409363733264E-007   1.6303952936640507E-009   1.8744404492142001E-007
   8.5572160000000004        2.0233394016352533E-007   2.1226651664450555E-009   2.0004050220218473E-007
   8.6432179999999992        1.8080030646977400E-007   2.6536457077613254E-009   1.7943300479941440E-007
   8.7300850000000008        1.9341868642636292E-007   2.6129114171379137E-009   1.9169037654177647E-007
   8.8178239999999999        1.8208823975047109E-007   2.6938788271912306E-009   1.8170847576358221E-007
   8.9064460000000008        1.8130436999444586E-007   2.7216868099606886E-009   1.8073836864697766E-007
   8.9959579999999999        1.8342978010500876E-007   2.5523502373814034E-009   1.8313843711566463E-007
   9.0863689999999995        1.7910162977150576E-007   2.2339484357196085E-009   1.7883072607369883E-007
   9.1776900000000001        1.7140692911764237E-007   1.8070401213669626E-009   1.7135314807483922E-007
   9.2699280000000002        1.8780329576225426E-007   2.1140359401934506E-009   1.8753132123653060E-007
   9.3630929999999992        1.8512357545611062E-007   1.8669194021572471E-009   1.8490678365659957E-007
   9.4571939999999994        2.0805308479944029E-007   1.9891154633986815E-009   2.0746662703633762E-007
   9.5522419999999997        1.9923008167193622E-007   1.7902806555907396E-009   1.9887712431777787E-007
   9.6482440000000000        2.0648285476739267E-007   1.4703471618069826E-009   2.0597812517200364E-007
   9.7452110000000012        2.3566096846759829E-007   2.0569100844862985E-009   2.3476159067447189E-007
   9.8431530000000009        2.4636716421415278E-007   1.5522911371959768E-009   2.4473571487629436E-007
   9.9420790000000014        2.6378364242593822E-007   2.1306584814173405E-009   2.6214497784516301E-007
   10.042000000000000        2.5813885008627451E-007   1.6274370949492704E-009   2.5657875549638854E-007
   10.142920000000000        3.4401119228377870E-007   4.2800022254582270E-009   3.3843106262419148E-007
   10.244860000000001        3.2404740305181591E-007   3.3360560545293546E-009   3.1980028697664076E-007
   10.347830000000000        1.3962842142945100E-007   7.5502227632421198E-009   1.3969425623534314E-007
   10.451820000000000        2.1610672002570531E-007   2.5357164115311555E-009   2.1663901812315533E-007
   10.556870000000000        2.5411563711568258E-007   2.0075397591952555E-009   2.5411968652130349E-007
   10.662970000000000        2.2616584849646072E-007   2.3188433378979291E-009   2.2667580408677076E-007
   10.770130000000002        1.5006059172567976E-007   9.6074993255626155E-009   1.4978954353996641E-007
   10.878380000000000        2.7098378423821830E-007   2.0546741299472067E-009   2.7167641007202131E-007
   10.987710000000002        2.8013412499395593E-007   1.7777422390495126E-009   2.8054474916462722E-007
   11.098140000000003        3.8017610213269544E-007   3.5360595199932480E-009   3.7786267386907749E-007
   11.209670000000001        2.9647686828528958E-007   1.0477751948891575E-009   2.9640735342774573E-007
   11.322330000000001        3.9554053973273792E-007   3.3919928470647339E-009   3.9348816238928588E-007
   11.436130000000002        3.4990161459756704E-007   1.7278217057029207E-009   3.4886016470349625E-007
   11.551060000000000        3.3942456686295806E-007   1.6639512593796189E-009   3.3923512489154475E-007
   11.667149999999999        3.6335364382529338E-007   2.1288169006942510E-009   3.6247486926627716E-007
   11.784409999999999        3.1179458262923263E-007   1.7177611361872117E-009   3.1264493711816664E-007
   11.902850000000001        4.1694027271157497E-007   3.6695243481229511E-009   4.1594441029952706E-007
   12.022470000000000        3.1557607602355824E-007   2.1855080698094603E-009   3.1674927690291562E-007
   12.143300000000000        4.0748806451281442E-007   3.3897408425459415E-009   4.0809192475068516E-007
   12.265350000000000        3.2170472052504655E-007   2.7649264195773943E-009   3.2290723264911029E-007
   12.388620000000001        3.4521713629125265E-007   2.4425774269608747E-009   3.4633269676735790E-007
   12.513130000000000        3.6966184853949537E-007   3.7341140613821869E-009   3.7181409111580170E-007
   12.638890000000000        3.9214222081345235E-007   3.0179397500989138E-009   3.9386108176094535E-007
   12.765910000000002        4.0163171114950776E-007   3.5110820933574556E-009   4.0348136773607660E-007
   12.894209999999999        3.9493314103117882E-007   3.7959491676448263E-009   3.9788685293548896E-007
   13.023800000000001        3.9743303761724322E-007   3.4934922053781008E-009   3.9971694247289363E-007
   13.154690000000000        4.3151576191716306E-007   3.5260719979560601E-009   4.3252756721319913E-007
   13.286899999999999        4.3966781541514311E-007   4.5794272989579829E-009   4.4138551328155681E-007
   13.420439999999999        4.0514906776896129E-007   4.3693002140300534E-009   4.0795305790344478E-007
   13.555320000000000        4.6740952722672611E-007   5.8382032525372783E-009   4.6666310609182612E-007
   13.691549999999999        4.5458027303580040E-007   6.3130196113449761E-009   4.5531913814406794E-007
   13.829150000000002        4.8542503639985844E-007   1.0273753928644820E-008   4.8243709272845163E-007
   13.968140000000002        5.1096153485023311E-007   1.1101473612559973E-008   5.0716376789402332E-007
   14.108520000000002        4.6468539135802042E-007   8.7777360340160634E-009   4.6429196583012762E-007
   14.250320000000002        5.0825960051638046E-007   1.5828165358977739E-008   5.0209551873941738E-007
   14.393540000000002        4.9073735425045885E-007   1.8650720310880520E-008   4.8671340405258980E-007
   14.538200000000000        4.8572424825764089E-007   2.1402735185808239E-008   4.8075502041762135E-007
   14.684310000000000        5.2121738818570843E-007   2.8027857267013401E-008   5.1364570827930683E-007
   14.831890000000000        5.3687691383746391E-007   3.0947215001013605E-008   5.2841855697637177E-007
   14.980950000000000        4.9739205979442499E-007   5.5872079835901949E-008   4.9896851685108636E-007
   15.131520000000000        5.2198152672334956E-007   2.2846525682311383E-008   5.1688143259420543E-007
   15.283590000000002        5.5695414486121981E-007   2.8918584642234905E-008   5.4823422742643235E-007
   15.437190000000001        5.3112979277035725E-007   2.4747712449620876E-008   5.2481213301044085E-007
   15.592340000000000        5.1240661014578221E-007   1.6593939634052088E-008   5.1105239452817847E-007
   15.749050000000002        4.7168778694915704E-007   1.2814840965894981E-008   4.7639563106606321E-007
   15.907330000000000        4.6260697078719865E-007   6.8588770205568371E-009   4.6597439521005077E-007
   15.993430000000000        4.7248828377869013E-007   9.8754441934083400E-009   4.7766179291155080E-007
