#  lambda [mu]     flux/flux_star
      6.030151     3.5723370E-009     0.0000000E+000
      6.090755     3.5996624E-009     0.0000000E+000
      6.151969     3.6321168E-009     0.0000000E+000
      6.213798     5.1410351E-009     0.0000000E+000
      6.276248     6.9622977E-009     0.0000000E+000
      6.339326     7.0214156E-009     0.0000000E+000
      6.403038     6.0184288E-009     0.0000000E+000
      6.467390     6.1773950E-009     0.0000000E+000
      6.532389     6.1489286E-009     0.0000000E+000
      6.598041     6.4263856E-009     0.0000000E+000
      6.664353     8.7389766E-009     0.0000000E+000
      6.731331     1.0947822E-008     0.0000000E+000
      6.798983     1.3469783E-008     0.0000000E+000
      6.867314     1.4470561E-008     0.0000000E+000
      6.936333     1.8774039E-008     0.0000000E+000
      7.006044     1.7797646E-008     0.0000000E+000
      7.076457     2.1584482E-008     0.0000000E+000
      7.147577     2.3217534E-008     0.0000000E+000
      7.219412     2.7009786E-008     0.0000000E+000
      7.291969     2.7838396E-008     0.0000000E+000
      7.365255     2.8937116E-008     0.0000000E+000
      7.439278     3.0365060E-008     0.0000000E+000
      7.514044     3.6597822E-008     0.0000000E+000
      7.589562     3.9991959E-008     0.0000000E+000
      7.665839     3.7624066E-008     0.0000000E+000
      7.742883     4.1541997E-008     0.0000000E+000
      7.820701     4.9677857E-008     0.0000000E+000
      7.899301     4.7379580E-008     0.0000000E+000
      7.978691     5.6157056E-008     0.0000000E+000
      8.058879     6.0385152E-008     0.0000000E+000
      8.139872     6.6767487E-008     0.0000000E+000
      8.221680     6.7478708E-008     0.0000000E+000
      8.304310     7.8146583E-008     0.0000000E+000
      8.387771     7.6938671E-008     0.0000000E+000
      8.472070     8.0739131E-008     0.0000000E+000
      8.557216     8.7451159E-008     0.0000000E+000
      8.643218     7.9507142E-008     0.0000000E+000
      8.730085     8.6678349E-008     0.0000000E+000
      8.817824     8.3792694E-008     0.0000000E+000
      8.906446     8.4906640E-008     0.0000000E+000
      8.995958     8.7921443E-008     0.0000000E+000
      9.086369     8.7514994E-008     0.0000000E+000
      9.177690     8.5774327E-008     0.0000000E+000
      9.269928     9.5574842E-008     0.0000000E+000
      9.363093     9.6352612E-008     0.0000000E+000
      9.457194     1.1017956E-007     0.0000000E+000
      9.552242     1.0793079E-007     0.0000000E+000
      9.648244     1.1415573E-007     0.0000000E+000
      9.745211     1.3248903E-007     0.0000000E+000
      9.843153     1.4111618E-007     0.0000000E+000
      9.942079     1.5411071E-007     0.0000000E+000
     10.042000     1.5409830E-007     0.0000000E+000
     10.142920     2.0938978E-007     0.0000000E+000
     10.244860     2.0139602E-007     0.0000000E+000
     10.347830     9.1936732E-008     0.0000000E+000
     10.451820     1.4065040E-007     0.0000000E+000
     10.556870     1.6808230E-007     0.0000000E+000
     10.662970     1.5429014E-007     0.0000000E+000
     10.770130     1.0771432E-007     0.0000000E+000
     10.878380     1.9111473E-007     0.0000000E+000
     10.987710     2.0150010E-007     0.0000000E+000
     11.098140     2.7601044E-007     0.0000000E+000
     11.209670     2.2246786E-007     0.0000000E+000
     11.322330     2.9998552E-007     0.0000000E+000
     11.436130     2.7192687E-007     0.0000000E+000
     11.551060     2.6995537E-007     0.0000000E+000
     11.667150     2.9414826E-007     0.0000000E+000
     11.784410     2.6002330E-007     0.0000000E+000
     11.902850     3.5074698E-007     0.0000000E+000
     12.022470     2.7422663E-007     0.0000000E+000
     12.143300     3.5872110E-007     0.0000000E+000
     12.265350     2.9138961E-007     0.0000000E+000
     12.388620     3.1822251E-007     0.0000000E+000
     12.513130     3.4989997E-007     0.0000000E+000
     12.638890     3.7655916E-007     0.0000000E+000
     12.765910     3.9334520E-007     0.0000000E+000
     12.894210     3.9549888E-007     0.0000000E+000
     13.023800     4.0548842E-007     0.0000000E+000
     13.154690     4.4666274E-007     0.0000000E+000
     13.286900     4.6564881E-007     0.0000000E+000
     13.420440     4.4090842E-007     0.0000000E+000
     13.555320     5.1193205E-007     0.0000000E+000
     13.691550     5.1172810E-007     0.0000000E+000
     13.829150     5.5627009E-007     0.0000000E+000
     13.968140     5.9468795E-007     0.0000000E+000
     14.108520     5.5532060E-007     0.0000000E+000
     14.250320     6.0844086E-007     0.0000000E+000
     14.393540     6.0696722E-007     0.0000000E+000
     14.538200     6.1151791E-007     0.0000000E+000
     14.684310     6.5540823E-007     0.0000000E+000
     14.831890     6.8904585E-007     0.0000000E+000
     14.980950     6.2760200E-007     0.0000000E+000
     15.131520     7.0944175E-007     0.0000000E+000
     15.283590     7.6073217E-007     0.0000000E+000
     15.437190     7.4148103E-007     0.0000000E+000
     15.592340     7.4983593E-007     0.0000000E+000
     15.749050     7.1898996E-007     0.0000000E+000
     15.907330     7.1018414E-007     0.0000000E+000
     15.993430     7.3952217E-007     0.0000000E+000
