   6.0301510000000009        2.5737603820675694E-009   2.9419193414460611E-009   3.5546724005048449E-009   3.8870733102083945E-009   4.1255211629202597E-009   4.3791045197326004E-009   5.0169705160842971E-009
   6.0907549999999997        2.8798717305046455E-009   3.1655847640641334E-009   3.4336753051768683E-009   3.5853344625188701E-009   3.7612061848745568E-009   4.2868297688141272E-009   5.3295178177786514E-009
   6.1519690000000002        2.2219143008872744E-009   2.8400469325657675E-009   3.3812949744855114E-009   3.5869603032705029E-009   3.7228101874094537E-009   3.8982708473175855E-009   4.3741118097692058E-009
   6.2137979999999997        4.3742759594678004E-009   4.5864260288945221E-009   5.0418386815593198E-009   5.1602780414027931E-009   5.2670221169743307E-009   5.4230532662286752E-009   6.0972356825629738E-009
   6.2762479999999998        6.2619136328821514E-009   6.5414287294726783E-009   6.8852634199480632E-009   7.0565446371395529E-009   7.2331594615137235E-009   7.4769398616733527E-009   7.7518901815262034E-009
   6.3393259999999998        6.6522853050287831E-009   6.8164075297852722E-009   6.9119139264981146E-009   7.0272371941819856E-009   7.1353791430803545E-009   7.2396653716339327E-009   7.3202505993816229E-009
   6.4030379999999996        4.1787058464282443E-009   4.8587077497090791E-009   5.6414336618974421E-009   5.9148933708323753E-009   6.1431212396970285E-009   6.5149756506955535E-009   7.3419039073320029E-009
   6.4673900000000000        4.0225296003570736E-009   4.8339489976020530E-009   5.7183821699298669E-009   6.0544849687191650E-009   6.3273148230460787E-009   6.8933594176254963E-009   9.0357620111642458E-009
   6.5323890000000011        3.5160335966435515E-009   4.5597765356848627E-009   5.6790447989896776E-009   6.0811386094517953E-009   6.4080883732565860E-009   7.0897438433921698E-009   1.0536221771986176E-008
   6.5980410000000012        3.5529276228281717E-009   4.6874940852898480E-009   6.1605842160250994E-009   6.5303376308100778E-009   6.9309233233284683E-009   7.7727967886447682E-009   1.3774331090635084E-008
   6.6643530000000002        5.5345216193553308E-009   6.4553972947862010E-009   8.3392489690520327E-009   8.7246525944789008E-009   9.0577186814893295E-009   9.4031507756732849E-009   1.2517566959560079E-008
   6.7313310000000008        9.2079774084758218E-009   9.8216235249829995E-009   1.0758088826252352E-008   1.0970383062850531E-008   1.1214490444148601E-008   1.1620873133868792E-008   1.4246157367723713E-008
   6.7989830000000007        9.7297555836986722E-009   1.0420660808785765E-008   1.2829607661287695E-008   1.3251375185565387E-008   1.3546650310659890E-008   1.3826240569617800E-008   1.4304751174854149E-008
   6.8673140000000004        9.8859460258920611E-009   1.0686294862076587E-008   1.3328361500555509E-008   1.4094931846007827E-008   1.4633267226324249E-008   1.5229707617832880E-008   1.5740675587881580E-008
   6.9363330000000003        1.4211169289088196E-008   1.4886226882825257E-008   1.7687432061715678E-008   1.8460135422202532E-008   1.8970397399654385E-008   1.9456331549092769E-008   2.0078484325161292E-008
   7.0060440000000010        1.2544757515732136E-008   1.3390083910624486E-008   1.6433081196051167E-008   1.7331720660711503E-008   1.7985960623261110E-008   1.8823909113857581E-008   1.9768625535595287E-008
   7.0764570000000004        1.6465808761553881E-008   1.7194064908410648E-008   2.0286118770226916E-008   2.1200352135849825E-008   2.1836622052974411E-008   2.2538231951537335E-008   2.3144958360287671E-008
   7.1475770000000001        1.7417013232118686E-008   1.8199415854346954E-008   2.1661052362731601E-008   2.2718766754100904E-008   2.3471745876097908E-008   2.4383764668664686E-008   2.5233229696989156E-008
   7.2194120000000011        2.0754897140503638E-008   2.1833917241955430E-008   2.5311097497431515E-008   2.6500549803411100E-008   2.7353107910584504E-008   2.8373393840922317E-008   2.9218663308493254E-008
   7.2919690000000008        2.1244752371428682E-008   2.2402165792338376E-008   2.4655924534142462E-008   2.6919663612243300E-008   2.8090576682674751E-008   2.9193858056996692E-008   3.0468044257549665E-008
   7.3652550000000012        2.2498904557303764E-008   2.4866757228033021E-008   2.7170255835054803E-008   2.9111678116977801E-008   3.2466651036430967E-008   3.4787346222834096E-008   3.6302249993905231E-008
   7.4392779999999998        2.3441403871443660E-008   2.5784881025827147E-008   2.8282481567119937E-008   3.0680745157998197E-008   3.3403822366758518E-008   3.7360434212297027E-008   3.9828712868987836E-008
   7.5140440000000002        2.8599681567983699E-008   3.1527071435142293E-008   3.4335826107123146E-008   3.6867003556959585E-008   3.9448429179630652E-008   4.3184998951126982E-008   4.6518317149385330E-008
   7.5895620000000008        3.2589984659771516E-008   3.5355407566069891E-008   3.7708333927372837E-008   3.9637138535368435E-008   4.1459003983783841E-008   4.3486023975012128E-008   4.5506498671946953E-008
   7.6658390000000001        2.7854267960156035E-008   3.0850424851491118E-008   3.4627825790188723E-008   3.8632392711291819E-008   4.3483338329142923E-008   5.2251179483146094E-008   5.6532393404152734E-008
   7.7428830000000000        3.2422531335523314E-008   3.5550871490248873E-008   3.9594636579179948E-008   4.2974320198101228E-008   4.7041520571743895E-008   5.2978603691683111E-008   5.5064701335982770E-008
   7.8207009999999997        3.9265493569321062E-008   4.3257461014749755E-008   4.7440891924646976E-008   5.0972679978028905E-008   5.4525441204059718E-008   5.9499652373082138E-008   6.2434664093672634E-008
   7.8993010000000004        3.9125288743073788E-008   4.2795079636118669E-008   4.5899531208662828E-008   4.8630376516562342E-008   5.1639227855699411E-008   5.6001250880850559E-008   5.8522874840211004E-008
   7.9786910000000013        4.5928485982713568E-008   4.9349175910714162E-008   5.3289331068775056E-008   5.7303129948253356E-008   6.1535495008199488E-008   6.6707048260348260E-008   7.0286412416702316E-008
   8.0588790000000010        5.0192612952616312E-008   5.3580492301519230E-008   5.7686253712480740E-008   6.1671402234515576E-008   6.5803539449836507E-008   7.0882192312700365E-008   7.3309206069644959E-008
   8.1398720000000022        5.7860299739617281E-008   6.0936874587776363E-008   6.4579245832980076E-008   6.7526275969557226E-008   7.0715369078427227E-008   7.5022158931533231E-008   7.6876441755871084E-008
   8.2216799999999992        6.0303506460506776E-008   6.2861501331657207E-008   6.5853435864366554E-008   6.8235755968265981E-008   7.0765089446946454E-008   7.3965287612271343E-008   7.5317021383561594E-008
   8.3043099999999992        7.1354583663727754E-008   7.4055744698213344E-008   7.6569509237165251E-008   7.8642367580998366E-008   8.1059508347066603E-008   8.3997127105333714E-008   8.5172838402008255E-008
   8.3877710000000008        7.0468216357712438E-008   7.2267993003371810E-008   7.4806617252813146E-008   7.6982304517945796E-008   7.7805375187114288E-008   7.8558870297071435E-008   7.9217127957161416E-008
   8.4720700000000004        7.8533332514157502E-008   7.9461073171056305E-008   8.0103843612800346E-008   8.0788720025987063E-008   8.1534098627198521E-008   8.2215642445177341E-008   8.2791635985222631E-008
   8.5572160000000004        8.3813695624228822E-008   8.6063044129256111E-008   8.7053284740323634E-008   8.7887939544324008E-008   8.8815653894374483E-008   8.9814288286074246E-008   9.0911423063918309E-008
   8.6432179999999992        7.7039628393281389E-008   7.8340362591542017E-008   7.9294280634385013E-008   8.0281528854877358E-008   8.1463156165581974E-008   8.3261828638178941E-008   8.5156101102970573E-008
   8.7300850000000008        8.3984702863304065E-008   8.5426696727780314E-008   8.6439781381021133E-008   8.7463116500728375E-008   8.8637727978144428E-008   9.0357857956333872E-008   9.2666104575475241E-008
   8.8178239999999999        8.1693186302507218E-008   8.2680179374629131E-008   8.3486765923537419E-008   8.4437123916173904E-008   8.5675511770641248E-008   8.7918831362052431E-008   9.0015928581190923E-008
   8.9064460000000008        8.2369976383847295E-008   8.3727581304263760E-008   8.4593043868550938E-008   8.5632604884684742E-008   8.6907618137425064E-008   8.9093467158515270E-008   9.0703674997367688E-008
   8.9959579999999999        8.5342815216762417E-008   8.6626024087222667E-008   8.7499266726790976E-008   8.8479717891099414E-008   8.9732033475612851E-008   9.1792105122323141E-008   9.3996460986790437E-008
   9.0863689999999995        8.5246476129801976E-008   8.6314697065422087E-008   8.7199477370937971E-008   8.8146030611256380E-008   8.9239880745100485E-008   9.0932756100132515E-008   9.1993434314079547E-008
   9.1776900000000001        8.3775144039763578E-008   8.4681225617568160E-008   8.5374086878786838E-008   8.6160291866275996E-008   8.7093551542599391E-008   8.8360898772472085E-008   8.9984484205200179E-008
   9.2699280000000002        9.3278260457578302E-008   9.4323011300994167E-008   9.5239126841253870E-008   9.6184617520501254E-008   9.7276201583706952E-008   9.8876368969051143E-008   1.0010178449564415E-007
   9.3630929999999992        9.3989901688913265E-008   9.5093736217818784E-008   9.5902949969179342E-008   9.6783088105035277E-008   9.7815800065025961E-008   9.9046527109892458E-008   9.9963836121726782E-008
   9.4571939999999994        1.0749162306319102E-007   1.0898416507129987E-007   1.0983276411673514E-007   1.1074835312896311E-007   1.1185533191854156E-007   1.1336216280099342E-007   1.1456877007434432E-007
   9.5522419999999997        1.0564450557834632E-007   1.0664746099123392E-007   1.0745485575051538E-007   1.0834947489549956E-007   1.0938758407857502E-007   1.1053558548177903E-007   1.1130775904647738E-007
   9.6482440000000000        1.1196401214033090E-007   1.1303492287947374E-007   1.1374510659956297E-007   1.1450202625842052E-007   1.1534093953970796E-007   1.1622045347942660E-007   1.1706824295475012E-007
   9.7452110000000012        1.2965804205405950E-007   1.3111201874005356E-007   1.3208612647158249E-007   1.3308634392735563E-007   1.3424796806694394E-007   1.3603150273098758E-007   1.3756438169647600E-007
   9.8431530000000009        1.3798322286670683E-007   1.3994058084823741E-007   1.4076489820474566E-007   1.4159760347698102E-007   1.4250917007328635E-007   1.4351419638700564E-007   1.4460947862536134E-007
   9.9420790000000014        1.5051092649213399E-007   1.5230722640350062E-007   1.5357497914085909E-007   1.5471275973860613E-007   1.5591343638487798E-007   1.5749130279757874E-007   1.5905071552686811E-007
   10.042000000000000        1.5091734377157825E-007   1.5268992466741933E-007   1.5359377948499101E-007   1.5447954335826775E-007   1.5548907397940574E-007   1.5657686147487024E-007   1.5781548256066907E-007
   10.142920000000000        1.9648710774164577E-007   2.0182519243377619E-007   2.0551885624378464E-007   2.0807664652465896E-007   2.1035429731642067E-007   2.1277400611666412E-007   2.1540688284961400E-007
   10.244860000000001        1.8754805266956211E-007   1.9580771466620382E-007   1.9869124029704994E-007   2.0056244872390064E-007   2.0232986924824073E-007   2.0423765552361488E-007   2.0581805103723490E-007
   10.347830000000000        6.9257346491242151E-008   7.7821152712144196E-008   8.4894164254014902E-008   8.9764215908433778E-008   9.3675671993871981E-008   9.7656757590300031E-008   1.0474995932729049E-007
   10.451820000000000        1.3683506485965261E-007   1.3847452768762858E-007   1.3986148893924549E-007   1.4114095001272123E-007   1.4266850861305540E-007   1.4549106537879479E-007   1.5031973189270887E-007
   10.556870000000000        1.6513049382033437E-007   1.6654604064864896E-007   1.6791932362046502E-007   1.6898492415022734E-007   1.7032051077440909E-007   1.7201891809494971E-007   1.7523186970118136E-007
   10.662970000000000        1.4744294965276732E-007   1.5052364166457805E-007   1.5259059732741441E-007   1.5391160424314989E-007   1.5521932875627303E-007   1.5693822643510799E-007   1.6040408862121308E-007
   10.770130000000002        7.4167974238216467E-008   8.7605229679420155E-008   9.7665004351882311E-008   1.0451668280113860E-007   1.0979898810829916E-007   1.1487092474029320E-007   1.2146363668656331E-007
   10.878380000000000        1.8847523557964943E-007   1.8944021921608216E-007   1.9064321212156264E-007   1.9181082905008533E-007   1.9319567073183377E-007   1.9535959880639188E-007   1.9942616952173403E-007
   10.987710000000002        1.9868241862184425E-007   1.9990254137075351E-007   2.0105373502936064E-007   2.0209563695716196E-007   2.0334715634511490E-007   2.0507132897526910E-007   2.0886374363065759E-007
   11.098140000000003        2.7004607872006946E-007   2.7318430549913790E-007   2.7528666262466778E-007   2.7774078250052037E-007   2.8024074619655445E-007   2.8360322988757511E-007   2.8814399352725262E-007
   11.209670000000001        2.1976297396793283E-007   2.2074489793242467E-007   2.2155601530238878E-007   2.2232341262971837E-007   2.2312509069487077E-007   2.2387097388837103E-007   2.2458657870642614E-007
   11.322330000000001        2.9255799250827492E-007   2.9621123426329517E-007   2.9852692248270218E-007   3.0105617870335507E-007   3.0353367448436743E-007   3.0647217930533196E-007   3.1065576486792786E-007
   11.436130000000002        2.6652593965750660E-007   2.6976476002984066E-007   2.7099759947607582E-007   2.7232049132722278E-007   2.7361200692533765E-007   2.7517725225317057E-007   2.7698128743890054E-007
   11.551060000000000        2.6595023410711401E-007   2.6760382514319933E-007   2.6884443206907141E-007   2.7011879105630609E-007   2.7138018414506426E-007   2.7283613798398215E-007   2.7568076120722783E-007
   11.667149999999999        2.8643101783386777E-007   2.9121455616316669E-007   2.9285957656042017E-007   2.9444383359053026E-007   2.9608843304897860E-007   2.9816261638915550E-007   3.0107127579628816E-007
   11.784409999999999        2.5378496643024393E-007   2.5604359384566342E-007   2.5775538290074381E-007   2.5918178927236662E-007   2.6042495046682739E-007   2.6196149899433815E-007   2.6408385872994794E-007
   11.902850000000001        3.4149474447046859E-007   3.4581240926551751E-007   3.4861099931461871E-007   3.5164430587795573E-007   3.5471854739180505E-007   3.5805117432885591E-007   3.6329830481867081E-007
   12.022470000000000        2.6443383569025200E-007   2.6901890897929525E-007   2.7150705578475955E-007   2.7330695828668924E-007   2.7485993703799085E-007   2.7687662289998463E-007   2.8033747736576904E-007
   12.143300000000000        3.4959084205943729E-007   3.5348574462921741E-007   3.5614742850244762E-007   3.5909351262084768E-007   3.6197246972818497E-007   3.6548695368905684E-007   3.7089472865407890E-007
   12.265350000000000        2.7749853583204933E-007   2.8385317148069570E-007   2.8777517765964149E-007   2.9004378440563432E-007   2.9199166959038692E-007   2.9441200740017455E-007   2.9805761559584081E-007
   12.388620000000001        3.0897581546827445E-007   3.1222059903731268E-007   3.1497283872458474E-007   3.1728699970624980E-007   3.1916916737439842E-007   3.2168906045041278E-007   3.2530240993545581E-007
   12.513130000000000        3.3623951457683011E-007   3.4003938705125012E-007   3.4388743553547274E-007   3.4753053153629214E-007   3.5076650097503775E-007   3.5385162835499541E-007   3.5957843488877630E-007
   12.638890000000000        3.6715998726759430E-007   3.6947926084861903E-007   3.7247991941802588E-007   3.7546623879171759E-007   3.7822086877987280E-007   3.8125253668629388E-007   3.8474724683068888E-007
   12.765910000000002        3.8266051069029968E-007   3.8522755102586201E-007   3.8880570797882729E-007   3.9238291196431413E-007   3.9564234925470393E-007   3.9906623891822114E-007   4.0423752980354051E-007
   12.894209999999999        3.8467536524389106E-007   3.8736564876884857E-007   3.9090870097617428E-007   3.9458219222362574E-007   3.9844149411290656E-007   4.0252943205389908E-007   4.0741560742182636E-007
   13.023800000000001        3.9474726933854684E-007   3.9762432217916281E-007   4.0090411201704435E-007   4.0446540746142256E-007   4.0799451303343874E-007   4.1207974167094733E-007   4.1646820804930741E-007
   13.154690000000000        4.3621203581802422E-007   4.3919939178437520E-007   4.4272589392463443E-007   4.4655984550796128E-007   4.5019089830388764E-007   4.5380724281515996E-007   4.5977963972373912E-007
   13.286899999999999        4.4675886917314633E-007   4.5444130315949980E-007   4.6010142772367301E-007   4.6512730706493414E-007   4.6938528009533237E-007   4.7411187007158589E-007   4.8163134014141252E-007
   13.420439999999999        4.2235468430358150E-007   4.2832455181012497E-007   4.3364701197239200E-007   4.3860695138331755E-007   4.4285823148614363E-007   4.4719343384733696E-007   4.5372648495023415E-007
   13.555320000000000        4.7398063721352392E-007   4.9553470316843838E-007   5.0655242637306323E-007   5.1199131665815675E-007   5.1689279073675728E-007   5.2191422297565655E-007   5.3020670537357265E-007
   13.691549999999999        4.7805626570213397E-007   4.9309485626276907E-007   5.0245258767247631E-007   5.0995838526865165E-007   5.1575069384484154E-007   5.2159624376851579E-007   5.2906749063788025E-007
   13.829150000000002        4.9612314629360004E-007   5.2047361718253268E-007   5.4035520702575825E-007   5.5278296313289455E-007   5.6041469976684913E-007   5.6685573108512380E-007   5.7417896316631351E-007
   13.968140000000002        5.2471584423465726E-007   5.5602822186145711E-007   5.7955238683701435E-007   5.9222704877403595E-007   6.0146577176683154E-007   6.0846446894282543E-007   6.1861057344504066E-007
   14.108520000000002        4.9456762990096342E-007   5.2171287519553769E-007   5.4356439891089150E-007   5.5344729716783588E-007   5.5970533943652849E-007   5.6570016196536598E-007   5.7190200859505204E-007
   14.250320000000002        5.0682409604730469E-007   5.5371700311126280E-007   5.9405490773963760E-007   6.1275334024625505E-007   6.2327844949353814E-007   6.3056246678929669E-007   6.4062144991693407E-007
   14.393540000000002        4.8583128190438464E-007   5.3684061884532401E-007   5.8361079713084256E-007   6.0686154950634616E-007   6.1992133557396825E-007   6.2937310089755073E-007   6.4193934606171328E-007
   14.538200000000000        4.7699306515724096E-007   5.2823933819626204E-007   5.8443476966040850E-007   6.1323499607009559E-007   6.2711022334978164E-007   6.3717513828165787E-007   6.4944140465975093E-007
   14.684310000000000        5.0089571528090171E-007   5.5515995813457989E-007   6.3071430431381264E-007   6.7231387207200874E-007   6.8731498305600487E-007   6.9759963246188510E-007   7.0963260200569698E-007
   14.831890000000000        5.1336795326106480E-007   5.7268666977435240E-007   6.5980379404530855E-007   7.0608119452911297E-007   7.2365051732230770E-007   7.3670652971658748E-007   7.5137598184364696E-007
   14.980950000000000        4.0188029761309189E-007   4.7360666086907213E-007   5.7799293211331977E-007   6.9995132070932592E-007   7.2887315933338122E-007   7.4431069930689356E-007   7.6092192915124898E-007
   15.131520000000000        5.5410652093870473E-007   6.1831215006293169E-007   6.8080012722881689E-007   7.1363060893338086E-007   7.3070509237125401E-007   7.4400275399520858E-007   7.6207668464258005E-007
   15.283590000000002        5.7716134272109801E-007   6.4471506397503101E-007   7.3133149504769229E-007   7.7510745500157161E-007   7.9481926127348871E-007   8.0890242119329545E-007   8.2513458790751072E-007
   15.437190000000001        5.7933735354095122E-007   6.4353926828308910E-007   7.1705633313757517E-007   7.5675591257792915E-007   7.7247483633449035E-007   7.8274893351645630E-007   7.9665677065725397E-007
   15.592340000000000        6.2168798106299716E-007   6.7623638425533283E-007   7.2070100638195816E-007   7.4569263467110852E-007   7.6126116397288898E-007   7.7367455506906127E-007   7.8840810486044763E-007
   15.749050000000002        6.2546420142989001E-007   6.6019322407187205E-007   6.8505141388166934E-007   7.0706290415446406E-007   7.2192884429859970E-007   7.3676788720418223E-007   7.5601527499627748E-007
   15.907330000000000        6.5846614191532161E-007   6.7988931339253860E-007   6.9291176551116731E-007   7.0380450372177580E-007   7.1277925053007204E-007   7.2175057080647708E-007   7.3424718903883664E-007
   15.993430000000000        6.7645630402415769E-007   6.9526788717688358E-007   7.1309345167404305E-007   7.2990873143074379E-007   7.4247149689980610E-007   7.5546796423674259E-007   7.7257410206341163E-007
