   997.12711832515788        1.0000000000000000E-050   1.0000000000000000E-050   1.0000000000000000E-050   1.0000000000000000E-050   1.0000000000000000E-050   1.0000000000000000E-050  0.62740797472533083     
   567.38528454982111        1.0000000000000000E-050   1.0000000000000000E-050   1.0000000000000000E-050   1.0000000000000000E-050   1.0000000000000000E-050   2.0963738707049245E-002  0.72575929379856963     
   322.85358126094314        1.0000000000000000E-050   1.0000000000000000E-050   1.0000000000000000E-050   1.0000000000000000E-050   1.1114566410980178E-010  0.11703795629827335       0.90924741804947762     
   183.71014859103875        1.0000000000000000E-050   1.0000000000000000E-050   1.0000000000000000E-050   1.0000000000000000E-050   5.2308271867484386E-007  0.26307979496961698       0.90924741804947762     
   104.53475090327061        1.0000000000000000E-050   1.0000000000000000E-050   1.0000000000000000E-050   1.0000000000000000E-050   9.3883603349880632E-006  0.28761113220375023       0.99235646634514918     
   59.482365183508833        1.0000000000000000E-050   1.0000000000000000E-050   1.0000000000000000E-050   1.0000000000000000E-050   6.5731133626898742E-005  0.40857389367455316       0.99802565870973237     
   33.846656133502158        1.0000000000000000E-050   1.0000000000000000E-050   1.0000000000000000E-050   5.6014875598281816E-011   2.2724370521676963E-004  0.43398368385338110       0.99802565870973237     
   19.259424669568268        1.0000000000000000E-050   1.0000000000000000E-050   1.0000000000000000E-050   1.4474404426131080E-009   8.6343750279357727E-004  0.45493264017140345       0.99802565870973237     
   10.958998051084427        1.0000000000000000E-050   1.0000000000000000E-050   1.0000000000000000E-050   2.6784135326685851E-008   1.9850783791383530E-003  0.55406589688304353       0.99802565870973237     
   6.2358891994027879        1.0000000000000000E-050   1.0000000000000000E-050   1.0000000000000000E-050   1.0921407048138769E-007   3.2087689652764754E-003  0.55728121044133860       0.99802565870973237     
   3.5483457452919600        1.0000000000000000E-050   1.0000000000000000E-050   1.0000000000000000E-050   3.2098792597224327E-007   4.9631710787818350E-003  0.57150219582945538       0.99802565870973237     
   2.0190797375516811        1.0000000000000000E-050   1.0000000000000000E-050   7.1684269237283272E-012   6.0977745501572742E-007   6.9449825690528020E-003  0.58951762478595837       0.99802565870973237     
   1.1488967759133464        1.0000000000000000E-050   1.0000000000000000E-050   1.0688177025668778E-010   1.2610632123524361E-006   8.6654270060840498E-003  0.60727975106275933       0.99802565870973237     
  0.65374525688849605        1.0000000000000000E-050   1.0000000000000000E-050   2.4813183513854087E-010   2.0799022656398138E-006   1.2307253740303696E-002  0.61620587342519673       0.99802565870973237     
  0.37199413373272433        1.0000000000000000E-050   1.0000000000000000E-050   5.9890630063942138E-010   3.1806390487775384E-006   1.4519525504131221E-002  0.61620587342519673       0.99802565870973237     
  0.21167210633416886        1.0000000000000000E-050   1.0000000000000000E-050   9.2497769067510821E-010   4.0391286444997089E-006   1.6836038635712338E-002  0.62574801109004774       0.99802565870973237     
  0.12044566442581536        1.0000000000000000E-050   1.0000000000000000E-050   1.6592382168969877E-009   4.8973066887864381E-006   2.0963738707049245E-002  0.62740797472533083       0.99802565870973237     
   6.8535993382489238E-002   1.0000000000000000E-050   8.4347004406154609E-012   2.1680248078600910E-009   5.4114236750675373E-006   2.1624981005306715E-002  0.62740797472533083       0.99802565870973237     
   3.8998351757341058E-002   1.0000000000000000E-050   2.0958854120250450E-011   2.8587396238141124E-009   6.1473219179657431E-006   2.2096449026568720E-002  0.63124637951173712       0.99802565870973237     
   2.2190842573792547E-002   1.5451908644079746E-012   2.4674924959027279E-011   3.0900746443109538E-009   6.5510257484711979E-006   2.2455017693957469E-002  0.63124637951173712       0.99802565870973237     
   1.2627033501285016E-002   1.5451908644079746E-012   2.4674924959027279E-011   3.1646435659054567E-009   6.6045538721565688E-006   2.2963303660507129E-002  0.63124637951173712       0.99802565870973237     
   7.1850347508154366E-003   1.5451908644079746E-012   2.4674924959027279E-011   3.1646435659054567E-009   6.6045538721565688E-006   2.2963303660507129E-002  0.63124637951173712       0.99802565870973237     
   4.0884285580751615E-003   1.5451908644079746E-012   2.4674924959027279E-011   3.1646435659054567E-009   6.6045538721565688E-006   2.2963303660507129E-002  0.63124637951173712       0.99802565870973237     
   2.3263976660081623E-003   1.5451908644079746E-012   2.4674924959027279E-011   3.1646435659054567E-009   6.6045538721565688E-006   2.2963303660507129E-002  0.63124637951173712       0.99802565870973237     
   1.3237668271636042E-003   1.5451908644079746E-012   2.4674924959027279E-011   3.1646435659054567E-009   6.6045538721565688E-006   2.2963303660507129E-002  0.63124637951173712       0.99802565870973237     
   7.5324981549936096E-004   1.5451908644079746E-012   2.4674924959027279E-011   3.1646435659054567E-009   6.6045538721565688E-006   2.2963303660507129E-002  0.63124637951173712       0.99802565870973237     
   4.2861421883908516E-004   1.5451908644079746E-012   2.4674924959027279E-011   3.1646435659054567E-009   6.6045538721565688E-006   2.2963303660507129E-002  0.63124637951173712       0.99802565870973237     
   2.4389006782464344E-004   1.5451908644079746E-012   2.4674924959027279E-011   3.1646435659054567E-009   6.6045538721565688E-006   2.2963303660507129E-002  0.63124637951173712       0.99802565870973237     
   1.3877832925052891E-004   1.5451908644079746E-012   2.4674924959027279E-011   3.1646435659054567E-009   6.6045538721565688E-006   2.2963303660507129E-002  0.63124637951173712       0.99802565870973237     
   7.8967646535798130E-005   1.5451908644079746E-012   2.4674924959027279E-011   3.1646435659054567E-009   6.6045538721565688E-006   2.2963303660507129E-002  0.63124637951173712       0.99802565870973237     
   4.4934171156834332E-005   1.5451908644079746E-012   2.4674924959027279E-011   3.1646435659054567E-009   6.6045538721565688E-006   2.2963303660507129E-002  0.63124637951173712       0.99802565870973237     
   2.5568442598024907E-005   1.5451908644079746E-012   2.4674924959027279E-011   3.1646435659054567E-009   6.6045538721565688E-006   2.2963303660507129E-002  0.63124637951173712       0.99802565870973237     
   1.4548955506639233E-005   1.5451908644079746E-012   2.4674924959027279E-011   3.1646435659054567E-009   6.6045538721565688E-006   2.2963303660507129E-002  0.63124637951173712       0.99802565870973237     
   8.2786468328156956E-006   1.5451908644079746E-012   2.4674924959027279E-011   3.1646435659054567E-009   6.6045538721565688E-006   2.2963303660507129E-002  0.63124637951173712       0.99802565870973237     
   4.7107157177856220E-006   1.5451908644079746E-012   2.4674924959027279E-011   3.1646435659054567E-009   6.6045538721565688E-006   2.2963303660507129E-002  0.63124637951173712       0.99802565870973237     
   2.6804915129161433E-006   1.5451908644079746E-012   2.4674924959027279E-011   3.1646435659054567E-009   6.6045538721565688E-006   2.2963303660507129E-002  0.63124637951173712       0.99802565870973237     
   1.5252533120790693E-006   1.5451908644079746E-012   2.4674924959027279E-011   3.1646435659054567E-009   6.6045538721565688E-006   2.2963303660507129E-002  0.63124637951173712       0.99802565870973237     
   8.6789965750619029E-007   1.5451908644079746E-012   2.4674924959027279E-011   3.1646435659054567E-009   6.6045538721565688E-006   2.2963303660507129E-002  0.63124637951173712       0.99802565870973237     
   4.9385227328083095E-007   1.5451908644079746E-012   2.4674924959027279E-011   3.1646435659054567E-009   6.6045538721565688E-006   2.2963303660507129E-002  0.63124637951173712       0.99802565870973237     
   2.8101182632728962E-007   1.5451908644079746E-012   2.4674924959027279E-011   3.1646435659054567E-009   6.6045538721565688E-006   2.2963303660507129E-002  0.63124637951173712       0.99802565870973237     
   1.5990135270855283E-007   1.5451908644079746E-012   2.4674924959027279E-011   3.1646435659054567E-009   6.6045538721565688E-006   2.2963303660507129E-002  0.63124637951173712       0.99802565870973237     
   9.0987069591319635E-008   1.5451908644079746E-012   2.4674924959027279E-011   3.1646435659054567E-009   6.6045538721565688E-006   2.2963303660507129E-002  0.63124637951173712       0.99802565870973237     
   5.1773463404683823E-008   1.5451908644079746E-012   2.4674924959027279E-011   3.1646435659054567E-009   6.6045538721565688E-006   2.2963303660507129E-002  0.63124637951173712       0.99802565870973237     
   2.9460136753012327E-008   1.5451908644079746E-012   2.4674924959027279E-011   3.1646435659054567E-009   6.6045538721565688E-006   2.2963303660507129E-002  0.63124637951173712       0.99802565870973237     
   1.6763407360297839E-008   1.5451908644079746E-012   2.4674924959027279E-011   3.1646435659054567E-009   6.6045538721565688E-006   2.2963303660507129E-002  0.63124637951173712       0.99802565870973237     
   9.5387142525248126E-009   1.5451908644079746E-012   2.4674924959027279E-011   3.1646435659054567E-009   6.6045538721565688E-006   2.2963303660507129E-002  0.63124637951173712       0.99802565870973237     
   5.4277192957090499E-009   1.5451908644079746E-012   2.4674924959027279E-011   3.1646435659054567E-009   6.6045538721565688E-006   2.2963303660507129E-002  0.63124637951173712       0.99802565870973237     
   3.0884808972251692E-009   1.5451908644079746E-012   2.4674924959027279E-011   3.1646435659054567E-009   6.6045538721565688E-006   2.2963303660507129E-002  0.63124637951173712       0.99802565870973237     
   1.7574074363178229E-009   1.5451908644079746E-012   2.4674924959027279E-011   3.1646435659054567E-009   6.6045538721565688E-006   2.2963303660507129E-002  0.63124637951173712       0.99802565870973237     
   1.0000000000000007E-009   1.5451908644079746E-012   2.4674924959027279E-011   3.1646435659054567E-009   6.6045538721565688E-006   2.2963303660507129E-002  0.63124637951173712       0.99802565870973237     
