   997.12711832515788        1.0000000000000000E-050   1.0000000000000000E-050   1.0000000000000000E-050   1.0000000000000000E-050   1.0000000000000000E-050   1.0000000000000000E-050  0.94026974094478377     
   567.38528454982111        1.0000000000000000E-050   1.0000000000000000E-050   1.0000000000000000E-050   1.0000000000000000E-050   1.0000000000000000E-050  0.95113789235930801       0.98503505694403470     
   322.85358126094314        1.0000000000000000E-050   1.0000000000000000E-050   1.0000000000000000E-050   1.0000000000000000E-050  0.35629827527709218       0.96518812434450751       0.98666046106449035     
   183.71014859103875        1.0000000000000000E-050   1.0000000000000000E-050   1.0000000000000000E-050   1.0000000000000000E-050  0.93366482049885413       0.97562461047150351       0.98751645405865141     
   104.53475090327061        1.0000000000000000E-050   1.0000000000000000E-050   1.0000000000000000E-050   1.0000000000000000E-050  0.94422704389607548       0.98002070258492635       0.98787803159362531     
   59.482365183508833        1.0000000000000000E-050   1.0000000000000000E-050   1.0000000000000000E-050   1.0000000000000000E-050  0.95018001203449587       0.98137032844317817       0.98787803159362531     
   33.846656133502158        1.0000000000000000E-050   1.0000000000000000E-050   1.0000000000000000E-050  0.33191213260382402       0.95290347974857437       0.98221758701475204       0.98787803159362531     
   19.259424669568268        1.0000000000000000E-050   1.0000000000000000E-050   1.0000000000000000E-050  0.75736725872681154       0.95500728646095689       0.98276503822099615       0.98787803159362531     
   10.958998051084427        1.0000000000000000E-050   1.0000000000000000E-050   1.0000000000000000E-050  0.90694364741449507       0.95691996117071887       0.98340413828140327       0.98825234949054008     
   6.2358891994027879        1.0000000000000000E-050   1.0000000000000000E-050   1.0000000000000000E-050  0.92521440702835056       0.95860175780845935       0.98343940777657746       0.98927125413550898     
   3.5483457452919600        1.0000000000000000E-050   1.0000000000000000E-050   1.0000000000000000E-050  0.93144916476601314       0.95970487691283823       0.98348469940421268       0.98927125413550898     
   2.0190797375516811        1.0000000000000000E-050   1.0000000000000000E-050   4.1652266744145280E-002  0.93425021648787676       0.96020690518702068       0.98364742462524235       0.98927125413550898     
   1.1488967759133464        1.0000000000000000E-050   1.0000000000000000E-050  0.30567429117839962       0.93676593286464427       0.96080875110077746       0.98372534215214380       0.98927125413550898     
  0.65374525688849605        1.0000000000000000E-050   1.0000000000000000E-050  0.40313794059820302       0.93763932102044467       0.96101453877727594       0.98384225332405195       0.98927125413550898     
  0.37199413373272433        1.0000000000000000E-050   1.0000000000000000E-050  0.53189385093492214       0.93869669946497358       0.96119371918492591       0.98393229876968724       0.98927125413550898     
  0.21167210633416886        1.0000000000000000E-050   1.0000000000000000E-050  0.61727876161937290       0.93969731338416362       0.96138576627014150       0.98399652242330449       0.98927125413550898     
  0.12044566442581536        1.0000000000000000E-050   1.0000000000000000E-050  0.66060920033395132       0.94003050026974100       0.96174859967014736       0.98399652242330449       0.98927125413550898     
   6.8535993382489238E-002   1.0000000000000000E-050   5.3590934486256264E-002  0.69306520809271943       0.94026974094478377       0.96175876975643826       0.98399652242330449       0.98927125413550898     
   3.8998351757341058E-002   1.0000000000000000E-050  0.12603609395305013       0.71139321622773177       0.94049855889936973       0.96178567932922399       0.98399652242330449       0.98927125413550898     
   2.2190842573792547E-002   6.7553781292833579E-004  0.14884563489765537       0.71943052107340888       0.94063000050981238       0.96185113812540035       0.98399652242330449       0.98927125413550898     
   1.2627033501285016E-002   1.7013400728682299E-003  0.15292373315294885       0.71943052107340888       0.94063000050981238       0.96185113812540035       0.98399652242330449       0.98927125413550898     
   7.1850347508154366E-003   1.7013400728682299E-003  0.15292373315294885       0.71943052107340888       0.94063000050981238       0.96185113812540035       0.98399652242330449       0.98927125413550898     
   4.0884285580751615E-003   1.7013400728682299E-003  0.15292373315294885       0.71943052107340888       0.94063000050981238       0.96185113812540035       0.98399652242330449       0.98927125413550898     
   2.3263976660081623E-003   1.7013400728682299E-003  0.15292373315294885       0.71943052107340888       0.94063000050981238       0.96185113812540035       0.98399652242330449       0.98927125413550898     
   1.3237668271636042E-003   1.7013400728682299E-003  0.15292373315294885       0.71943052107340888       0.94063000050981238       0.96185113812540035       0.98399652242330449       0.98927125413550898     
   7.5324981549936096E-004   1.7013400728682299E-003  0.15292373315294885       0.71943052107340888       0.94063000050981238       0.96185113812540035       0.98399652242330449       0.98927125413550898     
   4.2861421883908516E-004   1.7013400728682299E-003  0.15292373315294885       0.71943052107340888       0.94063000050981238       0.96185113812540035       0.98399652242330449       0.98927125413550898     
   2.4389006782464344E-004   1.7013400728682299E-003  0.15292373315294885       0.71943052107340888       0.94063000050981238       0.96185113812540035       0.98399652242330449       0.98927125413550898     
   1.3877832925052891E-004   1.7013400728682299E-003  0.15292373315294885       0.71943052107340888       0.94063000050981238       0.96185113812540035       0.98399652242330449       0.98927125413550898     
   7.8967646535798130E-005   1.7013400728682299E-003  0.15292373315294885       0.71943052107340888       0.94063000050981238       0.96185113812540035       0.98399652242330449       0.98927125413550898     
   4.4934171156834332E-005   1.7013400728682299E-003  0.15292373315294885       0.71943052107340888       0.94063000050981238       0.96185113812540035       0.98399652242330449       0.98927125413550898     
   2.5568442598024907E-005   1.7013400728682299E-003  0.15292373315294885       0.71943052107340888       0.94063000050981238       0.96185113812540035       0.98399652242330449       0.98927125413550898     
   1.4548955506639233E-005   1.7013400728682299E-003  0.15292373315294885       0.71943052107340888       0.94063000050981238       0.96185113812540035       0.98399652242330449       0.98927125413550898     
   8.2786468328156956E-006   1.7013400728682299E-003  0.15292373315294885       0.71943052107340888       0.94063000050981238       0.96185113812540035       0.98399652242330449       0.98927125413550898     
   4.7107157177856220E-006   1.7013400728682299E-003  0.15292373315294885       0.71943052107340888       0.94063000050981238       0.96185113812540035       0.98399652242330449       0.98927125413550898     
   2.6804915129161433E-006   1.7013400728682299E-003  0.15292373315294885       0.71943052107340888       0.94063000050981238       0.96185113812540035       0.98399652242330449       0.98927125413550898     
   1.5252533120790693E-006   1.7013400728682299E-003  0.15292373315294885       0.71943052107340888       0.94063000050981238       0.96185113812540035       0.98399652242330449       0.98927125413550898     
   8.6789965750619029E-007   1.7013400728682299E-003  0.15292373315294885       0.71943052107340888       0.94063000050981238       0.96185113812540035       0.98399652242330449       0.98927125413550898     
   4.9385227328083095E-007   1.7013400728682299E-003  0.15292373315294885       0.71943052107340888       0.94063000050981238       0.96185113812540035       0.98399652242330449       0.98927125413550898     
   2.8101182632728962E-007   1.7013400728682299E-003  0.15292373315294885       0.71943052107340888       0.94063000050981238       0.96185113812540035       0.98399652242330449       0.98927125413550898     
   1.5990135270855283E-007   1.7013400728682299E-003  0.15292373315294885       0.71943052107340888       0.94063000050981238       0.96185113812540035       0.98399652242330449       0.98927125413550898     
   9.0987069591319635E-008   1.7013400728682299E-003  0.15292373315294885       0.71943052107340888       0.94063000050981238       0.96185113812540035       0.98399652242330449       0.98927125413550898     
   5.1773463404683823E-008   1.7013400728682299E-003  0.15292373315294885       0.71943052107340888       0.94063000050981238       0.96185113812540035       0.98399652242330449       0.98927125413550898     
   2.9460136753012327E-008   1.7013400728682299E-003  0.15292373315294885       0.71943052107340888       0.94063000050981238       0.96185113812540035       0.98399652242330449       0.98927125413550898     
   1.6763407360297839E-008   1.7013400728682299E-003  0.15292373315294885       0.71943052107340888       0.94063000050981238       0.96185113812540035       0.98399652242330449       0.98927125413550898     
   9.5387142525248126E-009   1.7013400728682299E-003  0.15292373315294885       0.71943052107340888       0.94063000050981238       0.96185113812540035       0.98399652242330449       0.98927125413550898     
   5.4277192957090499E-009   1.7013400728682299E-003  0.15292373315294885       0.71943052107340888       0.94063000050981238       0.96185113812540035       0.98399652242330449       0.98927125413550898     
   3.0884808972251692E-009   1.7013400728682299E-003  0.15292373315294885       0.71943052107340888       0.94063000050981238       0.96185113812540035       0.98399652242330449       0.98927125413550898     
   1.7574074363178229E-009   1.7013400728682299E-003  0.15292373315294885       0.71943052107340888       0.94063000050981238       0.96185113812540035       0.98399652242330449       0.98927125413550898     
   1.0000000000000007E-009   1.7013400728682299E-003  0.15292373315294885       0.71943052107340888       0.94063000050981238       0.96185113812540035       0.98399652242330449       0.98927125413550898     
