#  lambda [mu]irradiance[W/m^2/mi
      6.030151     1.5522658E+000
      6.090755     1.4935710E+000
      6.151969     1.4370934E+000
      6.213798     1.3827502E+000
      6.276248     1.3304611E+000
      6.339326     1.2801479E+000
      6.403038     1.2317361E+000
      6.467390     1.1851543E+000
      6.532389     1.1401560E+000
      6.598041     1.0965633E+000
      6.664353     1.0546363E+000
      6.731331     1.0143118E+000
      6.798983     9.7552780E-001
      6.867314     9.3822647E-001
      6.936333     9.0235005E-001
      7.006044     8.6784558E-001
      7.076457     8.3465918E-001
      7.147577     8.0274149E-001
      7.219412     7.7204363E-001
      7.291969     7.4251909E-001
      7.365255     7.1412317E-001
      7.439278     6.8667718E-001
      7.514044     6.6025164E-001
      7.589562     6.3484237E-001
      7.665839     6.1041050E-001
      7.742883     5.8691834E-001
      7.820701     5.6432998E-001
      7.899301     5.4261059E-001
      7.978691     5.2172674E-001
      8.058879     5.0164629E-001
      8.139872     4.8233858E-001
      8.221680     4.6375858E-001
      8.304310     4.4589009E-001
      8.387771     4.2870966E-001
      8.472070     4.1219109E-001
      8.557216     3.9630878E-001
      8.643218     3.8103815E-001
      8.730085     3.6635559E-001
      8.817824     3.5223873E-001
      8.906446     3.3866545E-001
      8.995958     3.2561510E-001
      9.086369     3.1306754E-001
      9.177690     3.0087439E-001
      9.269928     2.8909263E-001
      9.363093     2.7777207E-001
      9.457194     2.6689469E-001
      9.552242     2.5644298E-001
      9.648244     2.4640056E-001
      9.745211     2.3675125E-001
      9.843153     2.2747965E-001
      9.942079     2.1857105E-001
     10.042000     2.1001116E-001
     10.142920     2.0178680E-001
     10.244860     1.9388398E-001
     10.347830     1.8629018E-001
     10.451820     1.7899474E-001
     10.556870     1.7198393E-001
     10.662970     1.6524800E-001
     10.770130     1.5877619E-001
     10.878380     1.5255703E-001
     10.987710     1.4658182E-001
     11.098140     1.4084052E-001
     11.209670     1.3532450E-001
     11.322330     1.3002403E-001
     11.436130     1.2493078E-001
     11.551060     1.2003756E-001
     11.667150     1.1533575E-001
     11.784410     1.1081792E-001
     11.902850     1.0647697E-001
     12.022470     1.0230637E-001
     12.143300     9.8298825E-002
     12.265350     9.4448054E-002
     12.388620     9.0748290E-002
     12.513130     8.7193388E-002
     12.638890     8.3777743E-002
     12.765910     8.0495966E-002
     12.894210     7.7342630E-002
     13.023800     7.4312779E-002
     13.154690     7.1401645E-002
     13.286900     6.8604430E-002
     13.420440     6.5916749E-002
     13.555320     6.3334377E-002
     13.691550     6.0853249E-002
     13.829150     5.8469282E-002
     13.968140     5.6178573E-002
     14.108520     5.3977695E-002
     14.250320     5.1862887E-002
     14.393540     4.9830990E-002
     14.538200     4.7878673E-002
     14.684310     4.6002879E-002
     14.831890     4.4200540E-002
     14.980950     4.2468836E-002
     15.131520     4.0804835E-002
     15.283590     3.9206156E-002
     15.437190     3.7670081E-002
     15.592340     3.6194119E-002
     15.749050     3.4775969E-002
     15.907330     3.3413416E-002
     15.993430     3.2700224E-002
