   997.12711832515788        1.0000000000000000E-050   1.0000000000000000E-050   1.0000000000000000E-050   1.0000000000000000E-050   1.0000000000000000E-050   1.0000000000000000E-050  0.46966222452025802     
   567.38528454982111        1.0000000000000000E-050   1.0000000000000000E-050   1.0000000000000000E-050   1.0000000000000000E-050   1.0000000000000000E-050   5.6028956739493643E-003  0.88805408650475637     
   322.85358126094314        1.0000000000000000E-050   1.0000000000000000E-050   1.0000000000000000E-050   1.0000000000000000E-050   3.0319121188109554E-010  0.30499049177877330       0.88920509223493183     
   183.71014859103875        1.0000000000000000E-050   1.0000000000000000E-050   1.0000000000000000E-050   1.0000000000000000E-050   5.0234863642971260E-007  0.51970356498061143       0.93308055949785118     
   104.53475090327061        1.0000000000000000E-050   1.0000000000000000E-050   1.0000000000000000E-050   1.0000000000000000E-050   1.2740977767725975E-005  0.59457755464245265       0.94766403872250093     
   59.482365183508833        1.0000000000000000E-050   1.0000000000000000E-050   1.0000000000000000E-050   1.0000000000000000E-050   1.1923629304617268E-004  0.60855669280777336       0.95502078122870404     
   33.846656133502158        1.0000000000000000E-050   1.0000000000000000E-050   1.0000000000000000E-050   8.0870501405393605E-011   4.0528871035246805E-004  0.60872137512167113       0.95502078122870404     
   19.259424669568268        1.0000000000000000E-050   1.0000000000000000E-050   1.0000000000000000E-050   4.4960255085924536E-009   1.4313779371190613E-003  0.66796717311056697       0.95502078122870404     
   10.958998051084427        1.0000000000000000E-050   1.0000000000000000E-050   1.0000000000000000E-050   4.2857860729925991E-008   4.2869521502226704E-003  0.69251435501612435       0.95502078122870404     
   6.2358891994027879        1.0000000000000000E-050   1.0000000000000000E-050   1.0000000000000000E-050   1.4719144452787997E-007   5.6507141669768831E-003  0.69251435501612435       0.95502078122870404     
   3.5483457452919600        1.0000000000000000E-050   1.0000000000000000E-050   1.0000000000000000E-050   4.6912825992237754E-007   1.0347639394342887E-002  0.70775461986991561       0.95502078122870404     
   2.0190797375516811        1.0000000000000000E-050   1.0000000000000000E-050   7.9303408058314504E-012   9.0196953155621076E-007   1.3795495342752364E-002  0.71740248967795472       0.95502078122870404     
   1.1488967759133464        1.0000000000000000E-050   1.0000000000000000E-050   1.3320091668542192E-010   1.9722369914298201E-006   1.6730406899108558E-002  0.71740248967795472       0.95502078122870404     
  0.65374525688849605        1.0000000000000000E-050   1.0000000000000000E-050   4.3566068992378440E-010   3.6365857455834819E-006   2.5570937932026912E-002  0.71740248967795472       0.95502078122870404     
  0.37199413373272433        1.0000000000000000E-050   1.0000000000000000E-050   1.3192734730734062E-009   6.3185437398345232E-006   3.2060161311473177E-002  0.71740248967795472       0.95502078122870404     
  0.21167210633416886        1.0000000000000000E-050   1.0000000000000000E-050   2.1955853502049961E-009   8.1768561070509267E-006   3.4674058144751822E-002  0.71740248967795472       0.95502078122870404     
  0.12044566442581536        1.0000000000000000E-050   1.0000000000000000E-050   3.9562140836445428E-009   9.7896341738689012E-006   3.4819910362045778E-002  0.71740248967795472       0.95502078122870404     
   6.8535993382489238E-002   1.0000000000000000E-050   9.9221734978712999E-012   5.2353293299723396E-009   1.0575196101058140E-005   3.5238356481565508E-002  0.71740248967795472       0.95502078122870404     
   3.8998351757341058E-002   1.0000000000000000E-050   2.7687390746601391E-011   6.5907957485859326E-009   1.2571667907900201E-005   3.5304460672583055E-002  0.71740248967795472       0.95502078122870404     
   2.2190842573792547E-002   1.5440468071376287E-012   3.1149022493326829E-011   7.1830554394331887E-009   1.3178680269737810E-005   3.5304460672583055E-002  0.71740248967795472       0.95502078122870404     
   1.2627033501285016E-002   2.4081810769965036E-012   3.2603835812315931E-011   7.1969504931614785E-009   1.3179955814382469E-005   3.5304460672583055E-002  0.71740248967795472       0.95502078122870404     
   7.1850347508154366E-003   2.4081810769965036E-012   3.2603835812315931E-011   7.1969504931614785E-009   1.3179955814382469E-005   3.5304460672583055E-002  0.71740248967795472       0.95502078122870404     
   4.0884285580751615E-003   2.4081810769965036E-012   3.2603835812315931E-011   7.1969504931614785E-009   1.3179955814382469E-005   3.5304460672583055E-002  0.71740248967795472       0.95502078122870404     
   2.3263976660081623E-003   2.4081810769965036E-012   3.2603835812315931E-011   7.1969504931614785E-009   1.3179955814382469E-005   3.5304460672583055E-002  0.71740248967795472       0.95502078122870404     
   1.3237668271636042E-003   2.4081810769965036E-012   3.2603835812315931E-011   7.1969504931614785E-009   1.3179955814382469E-005   3.5304460672583055E-002  0.71740248967795472       0.95502078122870404     
   7.5324981549936096E-004   2.4081810769965036E-012   3.2603835812315931E-011   7.1969504931614785E-009   1.3179955814382469E-005   3.5304460672583055E-002  0.71740248967795472       0.95502078122870404     
   4.2861421883908516E-004   2.4081810769965036E-012   3.2603835812315931E-011   7.1969504931614785E-009   1.3179955814382469E-005   3.5304460672583055E-002  0.71740248967795472       0.95502078122870404     
   2.4389006782464344E-004   2.4081810769965036E-012   3.2603835812315931E-011   7.1969504931614785E-009   1.3179955814382469E-005   3.5304460672583055E-002  0.71740248967795472       0.95502078122870404     
   1.3877832925052891E-004   2.4081810769965036E-012   3.2603835812315931E-011   7.1969504931614785E-009   1.3179955814382469E-005   3.5304460672583055E-002  0.71740248967795472       0.95502078122870404     
   7.8967646535798130E-005   2.4081810769965036E-012   3.2603835812315931E-011   7.1969504931614785E-009   1.3179955814382469E-005   3.5304460672583055E-002  0.71740248967795472       0.95502078122870404     
   4.4934171156834332E-005   2.4081810769965036E-012   3.2603835812315931E-011   7.1969504931614785E-009   1.3179955814382469E-005   3.5304460672583055E-002  0.71740248967795472       0.95502078122870404     
   2.5568442598024907E-005   2.4081810769965036E-012   3.2603835812315931E-011   7.1969504931614785E-009   1.3179955814382469E-005   3.5304460672583055E-002  0.71740248967795472       0.95502078122870404     
   1.4548955506639233E-005   2.4081810769965036E-012   3.2603835812315931E-011   7.1969504931614785E-009   1.3179955814382469E-005   3.5304460672583055E-002  0.71740248967795472       0.95502078122870404     
   8.2786468328156956E-006   2.4081810769965036E-012   3.2603835812315931E-011   7.1969504931614785E-009   1.3179955814382469E-005   3.5304460672583055E-002  0.71740248967795472       0.95502078122870404     
   4.7107157177856220E-006   2.4081810769965036E-012   3.2603835812315931E-011   7.1969504931614785E-009   1.3179955814382469E-005   3.5304460672583055E-002  0.71740248967795472       0.95502078122870404     
   2.6804915129161433E-006   2.4081810769965036E-012   3.2603835812315931E-011   7.1969504931614785E-009   1.3179955814382469E-005   3.5304460672583055E-002  0.71740248967795472       0.95502078122870404     
   1.5252533120790693E-006   2.4081810769965036E-012   3.2603835812315931E-011   7.1969504931614785E-009   1.3179955814382469E-005   3.5304460672583055E-002  0.71740248967795472       0.95502078122870404     
   8.6789965750619029E-007   2.4081810769965036E-012   3.2603835812315931E-011   7.1969504931614785E-009   1.3179955814382469E-005   3.5304460672583055E-002  0.71740248967795472       0.95502078122870404     
   4.9385227328083095E-007   2.4081810769965036E-012   3.2603835812315931E-011   7.1969504931614785E-009   1.3179955814382469E-005   3.5304460672583055E-002  0.71740248967795472       0.95502078122870404     
   2.8101182632728962E-007   2.4081810769965036E-012   3.2603835812315931E-011   7.1969504931614785E-009   1.3179955814382469E-005   3.5304460672583055E-002  0.71740248967795472       0.95502078122870404     
   1.5990135270855283E-007   2.4081810769965036E-012   3.2603835812315931E-011   7.1969504931614785E-009   1.3179955814382469E-005   3.5304460672583055E-002  0.71740248967795472       0.95502078122870404     
   9.0987069591319635E-008   2.4081810769965036E-012   3.2603835812315931E-011   7.1969504931614785E-009   1.3179955814382469E-005   3.5304460672583055E-002  0.71740248967795472       0.95502078122870404     
   5.1773463404683823E-008   2.4081810769965036E-012   3.2603835812315931E-011   7.1969504931614785E-009   1.3179955814382469E-005   3.5304460672583055E-002  0.71740248967795472       0.95502078122870404     
   2.9460136753012327E-008   2.4081810769965036E-012   3.2603835812315931E-011   7.1969504931614785E-009   1.3179955814382469E-005   3.5304460672583055E-002  0.71740248967795472       0.95502078122870404     
   1.6763407360297839E-008   2.4081810769965036E-012   3.2603835812315931E-011   7.1969504931614785E-009   1.3179955814382469E-005   3.5304460672583055E-002  0.71740248967795472       0.95502078122870404     
   9.5387142525248126E-009   2.4081810769965036E-012   3.2603835812315931E-011   7.1969504931614785E-009   1.3179955814382469E-005   3.5304460672583055E-002  0.71740248967795472       0.95502078122870404     
   5.4277192957090499E-009   2.4081810769965036E-012   3.2603835812315931E-011   7.1969504931614785E-009   1.3179955814382469E-005   3.5304460672583055E-002  0.71740248967795472       0.95502078122870404     
   3.0884808972251692E-009   2.4081810769965036E-012   3.2603835812315931E-011   7.1969504931614785E-009   1.3179955814382469E-005   3.5304460672583055E-002  0.71740248967795472       0.95502078122870404     
   1.7574074363178229E-009   2.4081810769965036E-012   3.2603835812315931E-011   7.1969504931614785E-009   1.3179955814382469E-005   3.5304460672583055E-002  0.71740248967795472       0.95502078122870404     
   1.0000000000000007E-009   2.4081810769965036E-012   3.2603835812315931E-011   7.1969504931614785E-009   1.3179955814382469E-005   3.5304460672583055E-002  0.71740248967795472       0.95502078122870404     
