   997.12711832515788        1.0000000000000000E-050   1.0000000000000000E-050   1.0000000000000000E-050   1.0000000000000000E-050   1.0000000000000000E-050   1.0000000000000000E-050   5.9467417275729476E-002
   567.38528454982111        1.0000000000000000E-050   1.0000000000000000E-050   1.0000000000000000E-050   1.0000000000000000E-050   1.0000000000000000E-050   4.8608060412676846E-002   8.9661793323843733E-002
   322.85358126094314        1.0000000000000000E-050   1.0000000000000000E-050   1.0000000000000000E-050   1.0000000000000000E-050   1.3548763472441870E-002   5.8814502844313332E-002   8.9661793323843733E-002
   183.71014859103875        1.0000000000000000E-050   1.0000000000000000E-050   1.0000000000000000E-050   1.0000000000000000E-050   3.6024248816884534E-002   6.6528399865830659E-002  0.10353385545875692     
   104.53475090327061        1.0000000000000000E-050   1.0000000000000000E-050   1.0000000000000000E-050   1.0000000000000000E-050   4.3738493465300884E-002   7.0711103358618813E-002  0.11456258838373680     
   59.482365183508833        1.0000000000000000E-050   1.0000000000000000E-050   1.0000000000000000E-050   1.0000000000000000E-050   4.7185243802193480E-002   7.3698064644136446E-002  0.12081137960320160     
   33.846656133502158        1.0000000000000000E-050   1.0000000000000000E-050   1.0000000000000000E-050   1.1772236714299300E-002   4.9671910764996968E-002   7.6042949937104559E-002  0.12081137960320160     
   19.259424669568268        1.0000000000000000E-050   1.0000000000000000E-050   1.0000000000000000E-050   2.0462246104333559E-002   5.1891018849416853E-002   7.6259686150028733E-002  0.12081137960320160     
   10.958998051084427        1.0000000000000000E-050   1.0000000000000000E-050   1.0000000000000000E-050   2.9611224148819542E-002   5.3382557567448460E-002   7.7139336618080201E-002  0.12081137960320160     
   6.2358891994027879        1.0000000000000000E-050   1.0000000000000000E-050   1.0000000000000000E-050   3.3361521637929409E-002   5.4381426661342880E-002   7.7139336618080201E-002  0.12081137960320160     
   3.5483457452919600        1.0000000000000000E-050   1.0000000000000000E-050   1.0000000000000000E-050   3.6174168029240568E-002   5.5394499096996133E-002   7.8883478241963262E-002  0.12081137960320160     
   2.0190797375516811        1.0000000000000000E-050   1.0000000000000000E-050   1.4916455318032180E-003   3.7636516235105749E-002   5.6200753581094470E-002   7.9075791344792701E-002  0.13833450152729992     
   1.1488967759133464        1.0000000000000000E-050   1.0000000000000000E-050   1.0429514560314750E-002   3.8576674754110127E-002   5.6669070292890499E-002   7.9799496351087795E-002  0.13833450152729992     
  0.65374525688849605        1.0000000000000000E-050   1.0000000000000000E-050   1.3177918473534139E-002   3.9357957548369113E-002   5.6889207631158865E-002   7.9799496351087795E-002  0.13833450152729992     
  0.37199413373272433        1.0000000000000000E-050   1.0000000000000000E-050   1.5228404339480523E-002   4.0343282138811762E-002   5.7343871449159367E-002   7.9808106732269374E-002  0.13833450152729992     
  0.21167210633416886        1.0000000000000000E-050   1.0000000000000000E-050   1.6261604243838986E-002   4.0688932476556104E-002   5.7419122135410353E-002   7.9808106732269374E-002  0.13833450152729992     
  0.12044566442581536        1.0000000000000000E-050   1.0000000000000000E-050   1.6870383574942048E-002   4.0882329118959275E-002   5.7613654019655021E-002   7.9820759474559175E-002  0.13833450152729992     
   6.8535993382489238E-002   1.0000000000000000E-050   1.7266798194651367E-003   1.7527229462649653E-002   4.1164476551050939E-002   5.7675261364865150E-002   7.9820759474559175E-002  0.13833450152729992     
   3.8998351757341058E-002   1.0000000000000000E-050   3.7086215995306379E-003   1.8173758539660963E-002   4.1294073925041787E-002   5.7676973913722111E-002   7.9820759474559175E-002  0.13833450152729992     
   2.2190842573792547E-002   1.7216735917769783E-005   4.2380813312452312E-003   1.8510072915491622E-002   4.1371653971946816E-002   5.7676973913722111E-002   7.9820759474559175E-002  0.13833450152729992     
   1.2627033501285016E-002   3.3438999615290249E-005   4.2483646297284813E-003   1.8549191394001411E-002   4.1371653971946816E-002   5.7676973913722111E-002   7.9820759474559175E-002  0.13833450152729992     
   7.1850347508154366E-003   3.3438999615290249E-005   4.2483646297284813E-003   1.8549191394001411E-002   4.1371653971946816E-002   5.7676973913722111E-002   7.9820759474559175E-002  0.13833450152729992     
   4.0884285580751615E-003   3.3438999615290249E-005   4.2483646297284813E-003   1.8549191394001411E-002   4.1371653971946816E-002   5.7676973913722111E-002   7.9820759474559175E-002  0.13833450152729992     
   2.3263976660081623E-003   3.3438999615290249E-005   4.2483646297284813E-003   1.8549191394001411E-002   4.1371653971946816E-002   5.7676973913722111E-002   7.9820759474559175E-002  0.13833450152729992     
   1.3237668271636042E-003   3.3438999615290249E-005   4.2483646297284813E-003   1.8549191394001411E-002   4.1371653971946816E-002   5.7676973913722111E-002   7.9820759474559175E-002  0.13833450152729992     
   7.5324981549936096E-004   3.3438999615290249E-005   4.2483646297284813E-003   1.8549191394001411E-002   4.1371653971946816E-002   5.7676973913722111E-002   7.9820759474559175E-002  0.13833450152729992     
   4.2861421883908516E-004   3.3438999615290249E-005   4.2483646297284813E-003   1.8549191394001411E-002   4.1371653971946816E-002   5.7676973913722111E-002   7.9820759474559175E-002  0.13833450152729992     
   2.4389006782464344E-004   3.3438999615290249E-005   4.2483646297284813E-003   1.8549191394001411E-002   4.1371653971946816E-002   5.7676973913722111E-002   7.9820759474559175E-002  0.13833450152729992     
   1.3877832925052891E-004   3.3438999615290249E-005   4.2483646297284813E-003   1.8549191394001411E-002   4.1371653971946816E-002   5.7676973913722111E-002   7.9820759474559175E-002  0.13833450152729992     
   7.8967646535798130E-005   3.3438999615290249E-005   4.2483646297284813E-003   1.8549191394001411E-002   4.1371653971946816E-002   5.7676973913722111E-002   7.9820759474559175E-002  0.13833450152729992     
   4.4934171156834332E-005   3.3438999615290249E-005   4.2483646297284813E-003   1.8549191394001411E-002   4.1371653971946816E-002   5.7676973913722111E-002   7.9820759474559175E-002  0.13833450152729992     
   2.5568442598024907E-005   3.3438999615290249E-005   4.2483646297284813E-003   1.8549191394001411E-002   4.1371653971946816E-002   5.7676973913722111E-002   7.9820759474559175E-002  0.13833450152729992     
   1.4548955506639233E-005   3.3438999615290249E-005   4.2483646297284813E-003   1.8549191394001411E-002   4.1371653971946816E-002   5.7676973913722111E-002   7.9820759474559175E-002  0.13833450152729992     
   8.2786468328156956E-006   3.3438999615290249E-005   4.2483646297284813E-003   1.8549191394001411E-002   4.1371653971946816E-002   5.7676973913722111E-002   7.9820759474559175E-002  0.13833450152729992     
   4.7107157177856220E-006   3.3438999615290249E-005   4.2483646297284813E-003   1.8549191394001411E-002   4.1371653971946816E-002   5.7676973913722111E-002   7.9820759474559175E-002  0.13833450152729992     
   2.6804915129161433E-006   3.3438999615290249E-005   4.2483646297284813E-003   1.8549191394001411E-002   4.1371653971946816E-002   5.7676973913722111E-002   7.9820759474559175E-002  0.13833450152729992     
   1.5252533120790693E-006   3.3438999615290249E-005   4.2483646297284813E-003   1.8549191394001411E-002   4.1371653971946816E-002   5.7676973913722111E-002   7.9820759474559175E-002  0.13833450152729992     
   8.6789965750619029E-007   3.3438999615290249E-005   4.2483646297284813E-003   1.8549191394001411E-002   4.1371653971946816E-002   5.7676973913722111E-002   7.9820759474559175E-002  0.13833450152729992     
   4.9385227328083095E-007   3.3438999615290249E-005   4.2483646297284813E-003   1.8549191394001411E-002   4.1371653971946816E-002   5.7676973913722111E-002   7.9820759474559175E-002  0.13833450152729992     
   2.8101182632728962E-007   3.3438999615290249E-005   4.2483646297284813E-003   1.8549191394001411E-002   4.1371653971946816E-002   5.7676973913722111E-002   7.9820759474559175E-002  0.13833450152729992     
   1.5990135270855283E-007   3.3438999615290249E-005   4.2483646297284813E-003   1.8549191394001411E-002   4.1371653971946816E-002   5.7676973913722111E-002   7.9820759474559175E-002  0.13833450152729992     
   9.0987069591319635E-008   3.3438999615290249E-005   4.2483646297284813E-003   1.8549191394001411E-002   4.1371653971946816E-002   5.7676973913722111E-002   7.9820759474559175E-002  0.13833450152729992     
   5.1773463404683823E-008   3.3438999615290249E-005   4.2483646297284813E-003   1.8549191394001411E-002   4.1371653971946816E-002   5.7676973913722111E-002   7.9820759474559175E-002  0.13833450152729992     
   2.9460136753012327E-008   3.3438999615290249E-005   4.2483646297284813E-003   1.8549191394001411E-002   4.1371653971946816E-002   5.7676973913722111E-002   7.9820759474559175E-002  0.13833450152729992     
   1.6763407360297839E-008   3.3438999615290249E-005   4.2483646297284813E-003   1.8549191394001411E-002   4.1371653971946816E-002   5.7676973913722111E-002   7.9820759474559175E-002  0.13833450152729992     
   9.5387142525248126E-009   3.3438999615290249E-005   4.2483646297284813E-003   1.8549191394001411E-002   4.1371653971946816E-002   5.7676973913722111E-002   7.9820759474559175E-002  0.13833450152729992     
   5.4277192957090499E-009   3.3438999615290249E-005   4.2483646297284813E-003   1.8549191394001411E-002   4.1371653971946816E-002   5.7676973913722111E-002   7.9820759474559175E-002  0.13833450152729992     
   3.0884808972251692E-009   3.3438999615290249E-005   4.2483646297284813E-003   1.8549191394001411E-002   4.1371653971946816E-002   5.7676973913722111E-002   7.9820759474559175E-002  0.13833450152729992     
   1.7574074363178229E-009   3.3438999615290249E-005   4.2483646297284813E-003   1.8549191394001411E-002   4.1371653971946816E-002   5.7676973913722111E-002   7.9820759474559175E-002  0.13833450152729992     
   1.0000000000000007E-009   3.3438999615290249E-005   4.2483646297284813E-003   1.8549191394001411E-002   4.1371653971946816E-002   5.7676973913722111E-002   7.9820759474559175E-002  0.13833450152729992     
