   6.0301510000000009        1.5808982982757077E-008   1.8045520000000001E-008  -1.0904080000000001E-007
   6.0907549999999997        1.5637198192600393E-008   1.5189739999999999E-008   9.0751110000000002E-007
   6.1519690000000002        1.5488240904758610E-008   1.3145820000000000E-008   1.9031339999999999E-007
   6.2137979999999997        2.1519768298848029E-008   2.4130290000000001E-008   5.2402910000000001E-008
   6.2762479999999998        2.8607769239778315E-008   3.2823569999999999E-008   1.5839870000000001E-007
   6.3393259999999998        2.8320441531282649E-008   2.8320550000000001E-008  -4.5445530000000000E-010
   6.4030379999999996        2.3828790398956800E-008   2.0979849999999998E-008   1.3791690000000001E-007
   6.4673900000000000        2.4008632260986745E-008   2.0852320000000000E-008  -3.0179569999999998E-007
   6.5323890000000011        2.3455075165415395E-008   2.0137010000000000E-008   6.1385779999999998E-007
   6.5980410000000012        2.4052462239511034E-008   2.0589109999999999E-008  -1.4839530000000000E-007
   6.6643530000000002        3.2092852467566290E-008   2.8084720000000000E-008  -1.8826209999999999E-007
   6.7313310000000008        3.9448468099000642E-008   4.2683420000000001E-008  -8.6983090000000001E-008
   6.7989830000000007        4.7623049891217258E-008   4.8253950000000000E-008  -2.1259190000000000E-008
   6.8673140000000004        5.0199095088030849E-008   4.6039840000000003E-008  -2.6668050000000002E-007
   6.9363330000000003        6.3903061892835046E-008   6.9482789999999993E-008   3.8096190000000000E-007
   7.0060440000000010        5.9440132843662640E-008   6.1384599999999995E-008   3.4372420000000000E-007
   7.0764570000000004        7.0731289040522244E-008   7.2252880000000007E-008   3.1188230000000002E-008
   7.1475770000000001        7.4651495385452951E-008   7.5594320000000005E-008  -4.6004039999999999E-008
   7.2194120000000011        8.5211003023548236E-008   8.6805509999999999E-008   3.2998100000000002E-007
   7.2919690000000008        8.6172855870545884E-008   8.7159189999999994E-008   4.9066080000000002E-007
   7.3652550000000012        8.7888684915810030E-008   9.2420350000000002E-008   2.2389910000000000E-007
   7.4392779999999998        9.0472662960460013E-008   9.3780579999999996E-008   2.2767889999999999E-007
   7.5140440000000002        1.0696488475610276E-007   1.0738910000000000E-007   3.9437390000000002E-007
   7.5895620000000008        1.1465712238236500E-007   1.1339000000000000E-007   7.4885319999999995E-008
   7.6658390000000001        1.0581229653689352E-007   9.5855830000000000E-008   2.5775139999999999E-008
   7.7428830000000000        1.1460392122198358E-007   1.2044669999999999E-007  -8.0601659999999994E-008
   7.8207009999999997        1.3443624405378618E-007   1.3376840000000001E-007   2.2027440000000001E-008
   7.8993010000000004        1.2577254008371779E-007   1.3212800000000000E-007  -2.0593429999999999E-008
   7.9786910000000013        1.4623110196374197E-007   1.4832320000000001E-007  -1.0865949999999999E-007
   8.0588790000000010        1.5424321568929405E-007   1.5651800000000000E-007   2.6404150000000002E-007
   8.1398720000000022        1.6729432794986143E-007   1.6226610000000000E-007   1.1524620000000000E-007
   8.2216799999999992        1.6584748434548279E-007   1.6836060000000001E-007  -1.1550200000000000E-008
   8.3043099999999992        1.8839698336487250E-007   1.8001790000000000E-007  -2.5492300000000001E-008
   8.3877710000000008        1.8194080454717326E-007   1.8400810000000001E-007  -2.2920140000000001E-007
   8.4720700000000004        1.8727973164888457E-007   1.8777809999999999E-007   1.6507830000000001E-009
   8.5572160000000004        1.9897260612546061E-007   1.9757870000000000E-007   2.0103350000000001E-007
   8.6432179999999992        1.7744124214455934E-007   1.8378910000000000E-007   1.7998449999999999E-007
   8.7300850000000008        1.8974896959867231E-007   1.9745520000000000E-007   3.9595040000000002E-007
   8.8178239999999999        1.7992650395215791E-007   1.9328420000000001E-007  -1.6310220000000001E-007
   8.9064460000000008        1.7883414966666584E-007   1.8631019999999999E-007  -3.6971470000000000E-007
   8.9959579999999999        1.8164490258163526E-007   1.9573220000000001E-007  -1.3708690000000000E-007
   9.0863689999999995        1.7734962489559985E-007   1.9444739999999999E-007  -3.9392360000000001E-007
   9.1776900000000001        1.7042697576269616E-007   1.8508669999999999E-007   1.5714299999999999E-007
   9.2699280000000002        1.8614971075234334E-007   1.9370120000000001E-007   9.2125859999999996E-008
   9.3630929999999992        1.8395846485381583E-007   1.8936120000000001E-007   2.1036290000000000E-007
   9.4571939999999994        2.0620282234936329E-007   2.0910220000000000E-007   1.9174690000000001E-007
   9.5522419999999997        1.9800484991803211E-007   1.9331030000000000E-007  -4.0004430000000001E-007
   9.6482440000000000        2.0528867635763366E-007   2.1433599999999999E-007   3.8448239999999998E-007
   9.7452110000000012        2.3355207733492669E-007   2.3141840000000001E-007  -5.6064369999999997E-008
   9.8431530000000009        2.4384668279994362E-007   2.4727299999999999E-007   2.6629799999999999E-007
   9.9420790000000014        2.6104110779904600E-007   2.4691119999999999E-007  -2.8585620000000003E-007
   10.042000000000000        2.5586430017365387E-007   2.6856200000000002E-007  -1.6899189999999999E-007
   10.142920000000000        3.4080288288188206E-007   3.0423729999999998E-007  -3.1048260000000002E-007
   10.244860000000001        3.2131715512681573E-007   3.0364830000000002E-007  -4.7902089999999999E-007
   10.347830000000000        1.4378270089026136E-007   1.4513950000000000E-007  -1.8708660000000000E-008
   10.451820000000000        2.1562250956181437E-007   2.1008250000000000E-007   2.6789120000000001E-007
   10.556870000000000        2.5258597859423674E-007   2.5783119999999999E-007   1.9736229999999999E-008
   10.662970000000000        2.2727924800034290E-007   2.2103609999999999E-007   1.9346059999999999E-007
   10.770130000000002        1.5553557198169851E-007   1.4797200000000000E-007  -1.1918309999999999E-007
   10.878380000000000        2.7051032584829425E-007   2.7080470000000002E-007  -2.0828420000000000E-007
   10.987710000000002        2.7957528982488026E-007   2.9608730000000000E-007  -3.4723940000000002E-007
   11.098140000000003        3.7538987365108224E-007   3.6126539999999999E-007  -5.1693889999999995E-007
   11.209670000000001        2.9659129179492460E-007   2.9632339999999999E-007   1.0514770000000000E-009
   11.322330000000001        3.9203476755667294E-007   3.7046060000000000E-007   5.1835930000000005E-007
   11.436130000000002        3.4834436180864451E-007   3.4951870000000002E-007   1.0662189999999999E-007
   11.551060000000000        3.3898606256557348E-007   3.3754209999999998E-007  -6.3539070000000003E-009
   11.667149999999999        3.6206687975767078E-007   3.4519050000000000E-007  -4.3917819999999997E-007
   11.784409999999999        3.1373791223170178E-007   3.1782980000000000E-007  -1.9043379999999999E-008
   11.902850000000001        4.1483995472931746E-007   3.9029819999999998E-007   2.9884370000000002E-007
   12.022470000000000        3.1792795405165840E-007   2.9707559999999998E-007   4.0734470000000000E-007
   12.143300000000000        4.0766903532158161E-007   3.9353820000000000E-007  -5.0224750000000001E-008
   12.265350000000000        3.2460558884666515E-007   3.4167039999999998E-007  -3.4622149999999999E-008
   12.388620000000001        3.4749154214994927E-007   3.5248650000000001E-007   2.7022279999999999E-007
   12.513130000000000        3.7453154298162213E-007   3.7461300000000002E-007   3.2423819999999998E-007
   12.638890000000000        3.9510159017549219E-007   3.7410640000000002E-007   2.3878510000000000E-007
   12.765910000000002        4.0455778129521784E-007   3.8758269999999998E-007  -3.6596599999999998E-007
   12.894209999999999        3.9873347475537384E-007   3.9782510000000002E-007   4.9341210000000002E-009
   13.023800000000001        4.0072498602643864E-007   4.0712490000000000E-007   9.9388679999999998E-009
   13.154690000000000        4.3269134905947036E-007   4.2350920000000002E-007   2.6792290000000002E-007
   13.286899999999999        4.4216770720946737E-007   4.2970380000000001E-007   5.7210760000000003E-007
   13.420439999999999        4.1039939945553904E-007   4.1890059999999998E-007   1.0117039999999999E-007
   13.555320000000000        4.6708982140485032E-007   4.6010990000000002E-007  -4.6207789999999998E-008
   13.691549999999999        4.5767511409586890E-007   4.4705270000000002E-007   1.2972640000000000E-007
   13.829150000000002        4.8767834837355151E-007   4.6637379999999998E-007   7.6815089999999999E-008
   13.968140000000002        5.1105309834175448E-007   4.8349040000000002E-007   2.5263219999999999E-007
   14.108520000000002        4.6778905891327696E-007   4.6019349999999998E-007   2.5833010000000000E-007
   14.250320000000002        5.0240427506089690E-007   4.8433510000000002E-007   6.6253520000000001E-007
   14.393540000000002        4.9127992613794152E-007   4.7355689999999999E-007   1.3875090000000000E-007
   14.538200000000000        4.8517855671377122E-007   4.7501719999999998E-007   2.5165099999999998E-007
   14.684310000000000        5.0972158048565640E-007   5.0148600000000002E-007   2.0166919999999999E-007
   14.831890000000000        5.2528828755420280E-007   5.0407800000000000E-007  -4.5689320000000002E-007
   14.980950000000000        4.6898874257438819E-007   5.0381199999999996E-007  -3.3003769999999998E-007
   15.131520000000000        5.1966385752512003E-007   5.0182639999999995E-007  -7.8857399999999998E-007
   15.283590000000002        5.4621778103587330E-007   5.1570469999999999E-007   3.4031359999999999E-007
   15.437190000000001        5.2186975892536012E-007   5.0675770000000004E-007  -1.5996830000000000E-007
   15.592340000000000        5.1731596111362999E-007   4.9701960000000002E-007  -7.8793210000000004E-008
   15.749050000000002        4.8622783685866479E-007   4.7301360000000001E-007  -3.0148840000000003E-008
   15.907330000000000        4.7077723655475228E-007   4.5490729999999999E-007  -4.4433670000000000E-008
   15.993430000000000        4.8496923299410180E-007   4.7596549999999997E-007   2.2681680000000001E-006
