#  lambda [mu]   flux(180.0) [Jy]         fstar [Jy]
      6.030151     1.5808983E-008     4.4253895E+000     9.2026150E-009
      6.090755     1.5637198E-008     4.3440735E+000     9.0384742E-009
      6.151969     1.5488241E-008     4.2642464E+000     8.8762898E-009
      6.213798     2.1519768E-008     4.1858824E+000     8.6962134E-009
      6.276248     2.8607769E-008     4.1089552E+000     8.5206899E-009
      6.339326     2.8320442E-008     4.0334376E+000     8.3688162E-009
      6.403038     2.3828790E-008     3.9593042E+000     8.2291687E-009
      6.467390     2.4008632E-008     3.8865302E+000     8.0831599E-009
      6.532389     2.3455075E-008     3.8144979E+000     7.9363433E-009
      6.598041     2.4052462E-008     3.7427667E+000     7.7859052E-009
      6.664353     3.2092852E-008     3.6723811E+000     7.6313278E-009
      6.731331     3.9448468E-008     3.6033164E+000     7.4724364E-009
      6.798983     4.7623050E-008     3.5355468E+000     7.3299510E-009
      6.867314     5.0199095E-008     3.4690497E+000     7.1938791E-009
      6.936333     6.3903062E-008     3.4037993E+000     7.0452482E-009
      7.006044     5.9440133E-008     3.3397750E+000     6.9189055E-009
      7.076457     7.0731289E-008     3.2769510E+000     6.7816415E-009
      7.147577     7.4651495E-008     3.2153068E+000     6.6510200E-009
      7.219412     8.5211003E-008     3.1548196E+000     6.5196382E-009
      7.291969     8.6172856E-008     3.0954677E+000     6.4003213E-009
      7.365255     8.7888685E-008     3.0372303E+000     6.2770242E-009
      7.439278     9.0472663E-008     2.9794989E+000     6.1585801E-009
      7.514044     1.0696488E-007     2.9227118E+000     6.0315320E-009
      7.589562     1.1465712E-007     2.8670044E+000     5.9114538E-009
      7.665839     1.0581230E-007     2.8123568E+000     5.8128855E-009
      7.742883     1.1460392E-007     2.7587485E+000     5.6968972E-009
      7.820701     1.3443624E-007     2.7061603E+000     5.5782338E-009
      7.899301     1.2577254E-007     2.6545727E+000     5.4774971E-009
      7.978691     1.4623110E-007     2.6039667E+000     5.3637622E-009
      8.058879     1.5424322E-007     2.5543235E+000     5.2596878E-009
      8.139872     1.6729433E-007     2.5056256E+000     5.1551666E-009
      8.221680     1.6584748E-007     2.4577750E+000     5.0598155E-009
      8.304310     1.8839698E-007     2.4108154E+000     4.9547138E-009
      8.387771     1.8194080E-007     2.3647511E+000     4.8683159E-009
      8.472070     1.8727973E-007     2.3195658E+000     4.7744178E-009
      8.557216     1.9897261E-007     2.2752426E+000     4.6801329E-009
      8.643218     1.7744124E-007     2.2317648E+000     4.6026486E-009
      8.730085     1.8974897E-007     2.1891161E+000     4.5122055E-009
      8.817824     1.7992650E-007     2.1472815E+000     4.4303661E-009
      8.906446     1.7883415E-007     2.1062446E+000     4.3499969E-009
      8.995958     1.8164490E-007     2.0659909E+000     4.2674177E-009
      9.086369     1.7734962E-007     2.0265056E+000     4.1893816E-009
      9.177690     1.7042698E-007     1.9869229E+000     4.1118475E-009
      9.269928     1.8614971E-007     1.9476853E+000     4.0276574E-009
      9.363093     1.8395846E-007     1.9092214E+000     3.9509867E-009
      9.457194     2.0620282E-007     1.8715161E+000     3.8673754E-009
      9.552242     1.9800485E-007     1.8345539E+000     3.7959147E-009
      9.648244     2.0528868E-007     1.7983212E+000     3.7200968E-009
      9.745211     2.3355208E-007     1.7628031E+000     3.6410198E-009
      9.843153     2.4384668E-007     1.7279853E+000     3.5682405E-009
      9.942079     2.6104111E-007     1.6938545E+000     3.4954417E-009
     10.042000     2.5586430E-007     1.6603966E+000     3.4289387E-009
     10.142920     3.4080288E-007     1.6276004E+000     3.3404298E-009
     10.244860     3.2131716E-007     1.5954494E+000     3.2827402E-009
     10.347830     1.4378270E-007     1.5639309E+000     3.2572736E-009
     10.451820     2.1562251E-007     1.5330388E+000     3.1766865E-009
     10.556870     2.5258598E-007     1.5027518E+000     3.1087875E-009
     10.662970     2.2727925E-007     1.4730640E+000     3.0526305E-009
     10.770130     1.5553557E-007     1.4439637E+000     3.0077803E-009
     10.878380     2.7051033E-007     1.4154342E+000     2.9270873E-009
     10.987710     2.7957529E-007     1.3874697E+000     2.8700516E-009
     11.098140     3.7538987E-007     1.3600568E+000     2.7976112E-009
     11.209670     2.9659129E-007     1.3331871E+000     2.7576904E-009
     11.322330     3.9203477E-007     1.3068456E+000     2.6872146E-009
     11.436130     3.4834436E-007     1.2810222E+000     2.6432803E-009
     11.551060     3.3898606E-007     1.2557115E+000     2.5929155E-009
     11.667150     3.6206688E-007     1.2308993E+000     2.5395187E-009
     11.784410     3.1373791E-007     1.2065761E+000     2.4967072E-009
     11.902850     4.1483995E-007     1.1827328E+000     2.4329527E-009
     12.022470     3.1792795E-007     1.1593621E+000     2.3996891E-009
     12.143300     4.0766904E-007     1.1364512E+000     2.3408203E-009
     12.265350     3.2460559E-007     1.1139916E+000     2.3062675E-009
     12.388620     3.4749154E-007     1.0919766E+000     2.2582845E-009
     12.513130     3.7453154E-007     1.0703960E+000     2.2104297E-009
     12.638890     3.9510159E-007     1.0492417E+000     2.1655822E-009
     12.765910     4.0455778E-007     1.0285057E+000     2.1217332E-009
     12.894210     3.9873347E-007     1.0081785E+000     2.0810458E-009
     13.023800     4.0072499E-007     9.8825261E-001     2.0400154E-009
     13.154690     4.3269135E-007     9.6872048E-001     1.9973230E-009
     13.286900     4.4216771E-007     9.4957337E-001     1.9571835E-009
     13.420440     4.1039940E-007     9.3080417E-001     1.9218165E-009
     13.555320     4.6708982E-007     9.1240589E-001     1.8793349E-009
     13.691550     4.5767511E-007     8.9437167E-001     1.8430926E-009
     13.829150     4.8767835E-007     8.7669345E-001     1.8049043E-009
     13.968140     5.1105310E-007     8.5936347E-001     1.7668991E-009
     14.108520     4.6778906E-007     8.4237657E-001     1.7363569E-009
     14.250320     5.0240428E-007     8.2572408E-001     1.6988073E-009
     14.393540     4.9127993E-007     8.0940108E-001     1.6669515E-009
     14.538200     4.8517856E-007     7.9340040E-001     1.6350579E-009
     14.684310     5.0972158E-007     7.7771617E-001     1.6005831E-009
     14.831890     5.2528829E-007     7.6234156E-001     1.5678886E-009
     14.980950     4.6898874E-007     7.4727095E-001     1.5423113E-009
     15.131520     5.1966386E-007     7.3249687E-001     1.5077363E-009
     15.283590     5.4621778E-007     7.1801588E-001     1.4758019E-009
     15.437190     5.2186976E-007     7.0382078E-001     1.4486797E-009
     15.592340     5.1731596E-007     6.8990554E-001     1.4209327E-009
     15.749050     4.8622784E-007     6.7626513E-001     1.3953648E-009
     15.907330     4.7077724E-007     6.6289461E-001     1.3690403E-009
     15.993430     4.8496923E-007     6.5578728E-001     1.3532702E-009
