   997.12711832515788        3.5693778601367150        9.0805549244972372        42.168246482180898        175.53231770508032        292.90437437986657        311.58847540476540        349.12950722674947     
   567.38528454982111        5.3231623733091800        9.9372886170721486        43.939557979208693        175.91103905520882        292.90437437986657        311.58847540476540        349.12950722674947     
   322.85358126094314        8.0891088917884559        12.349846243875334        49.606712635423435        177.20061183285804        292.90437437986657        311.58847540476540        349.12950722674947     
   183.71014859103875        12.004177561933281        17.211531441051612        58.186943118183450        183.46113526487852        293.16085454587079        311.58847540476540        349.12950722674947     
   104.53475090327061        18.124900236781471        27.471141651570992        68.592614970693973        191.25097878411378        293.46098259589201        311.58847540476540        349.12950722674947     
   59.482365183508833        26.649373095058817        38.764104094997748        85.263346736136157        206.30518907146489        295.15183201198704        312.60335427524467        349.12950722674947     
   33.846656133502158        36.088723943223641        55.638048168751610        106.02390307043927        221.34274859704539        296.79267213958269        313.30558412913905        349.12950722674947     
   19.259424669568268        51.232099214647029        73.184517856190269        128.76026530410039        237.92319189277592        298.71121140629089        313.02279064778782        349.12950722674947     
   10.958998051084427        68.382419382229429        96.687932154483235        155.16825947103297        257.24175601428078        301.51223176872935        312.73279299161402        349.12950722674947     
   6.2358891994027879        90.266507514713666        121.74293562494904        185.59248928170638        274.90190826454278        302.97146357292422        312.36751224157427        348.39911083205504     
   3.5483457452919600        116.06674292931770        150.77764887303630        214.45352321944236        284.94954829124288        303.46075468168419        311.31591727933045        340.90986207546280     
   2.0190797375516811        145.24113949191721        180.44355246463010        239.26453613042716        289.79265078585433        303.00732022165062        309.88971406673494        333.40583510174383     
   1.1488967759133464        176.68339925169494        209.71225468671832        261.49687875243734        292.97629458502200        301.91782827979887        307.98671078986791        325.90501286583748     
  0.65374525688849605        208.54258648042335        236.60604074112564        276.43018490573257        293.48033347167177        300.22077660083477        305.67726069879507        318.42430481554237     
  0.37199413373272433        238.05248186000597        258.27490519980751        283.66871396103249        292.69932932554730        297.83491861115965        302.69879662358107        310.97954076711233     
  0.21167210633416886        259.39296698943105        272.76194862085384        285.65310409408323        291.00631757870906        294.83117058357163        299.42916563983857        303.99908839397148     
  0.12044566442581536        260.61218850577313        278.15574497801691        285.29633016509763        288.37403247532308        291.66619647367628        295.71958555573525        299.25305206010876     
   6.8535993382489238E-002   257.06519273153208        277.57935948837201        282.72245147279415        285.15787769732327        288.02956085579950        291.54045256121060        294.34714637422093     
   3.8998351757341058E-002   246.32008607003922        271.39765788311803        278.12337644975560        280.98637179428744        284.24071575364735        287.35933538540991        289.47654307836490     
   2.2190842573792547E-002   234.75606999990356        263.69054438865805        272.26323614994374        275.74835581768008        279.52564483188138        283.16113106039563        286.01374820127108     
   1.2627033501285016E-002   220.71831521749286        255.71822091159410        265.47169225270721        269.30484331659341        273.59522233002156        277.64970380278362        281.07141394140007     
   7.1850347508154366E-003   205.06720832429696        246.68652398686527        257.70241338751015        262.02188546432529        266.62822020083223        270.99384063441562        274.54330419401902     
   4.0884285580751615E-003   189.34236359178485        236.70730236830514        249.06711697266158        253.94738752871748        258.79526566936897        263.66747102269198        266.82768924076214     
   2.3263976660081623E-003   173.95215380027099        225.62017730121119        238.71983127612572        245.43082597339222        250.36631382402339        255.67816367319935        259.29165380965048     
   1.3237668271636042E-003   159.25777228041193        211.61353828131337        227.44373784162457        236.05581564979568        241.55488388594387        247.13000484523985        250.26951900508340     
   7.5324981549936096E-004   65.270139705275824        194.70539917888732        214.71826689479383        226.26495938626530        232.28098689385450        238.42243338668430        242.01027074967374     
   4.2861421883908516E-004   29.729042061138379        171.58243026662683        201.01684383919144        215.35630318928941        223.02162864817211        229.42509915855405        234.17130724804798     
   2.4389006782464344E-004   10.058074624667144        123.76566948092386        186.56917271501391        203.90404154885098        213.49894028704938        220.83684521050958        226.98287755072525     
   1.3877832925052891E-004   5.5654630942875087        65.891507730757240        169.39116596597029        192.01790237985011        203.50291988260651        212.11554780546624        220.91167801511034     
   7.8967646535798130E-005   4.2042395751576036        28.484985471313877        150.05391753647092        179.20269361524333        193.25948012018119        203.80549779103518        216.75839590001124     
   4.4934171156834332E-005   3.7312301397232073        17.273541430922645        125.77898925006738        165.31160465488364        182.86867040886565        195.46350122645745        212.58043110119826     
   2.5568442598024907E-005   3.7215412033281106        11.464011848737337        90.497555097052782        151.07404374048076        172.21091561669559        187.68039002416052        208.68093004994699     
   1.4548955506639233E-005   4.1577433586033248        8.5588245595295227        59.890243307660860        136.47119819660628        161.50808975139552        179.21919705504024        207.18935448320266     
   8.2786468328156956E-006   3.4831232250218878        6.5614480763018808        34.898722222144492        119.85400736050755        150.53336717826014        173.05685606782959        211.45415294438888     
   4.7107157177856220E-006   3.5215396839744604        6.0106557943157304        21.493880003868345        102.15269429936491        137.92772234426371        165.23751188705177        224.77446069345189     
   2.6804915129161433E-006   3.5051775210182745        4.9534046586668588        15.542148995968404        82.503429069674979        125.91042696432416        158.06979168463951        223.95362280998751     
   1.5252533120790693E-006   3.2963352003871425        4.8015196331726209        12.586308251388399        63.661681326590760        115.02705075862364        156.27026152386222        221.39040784081914     
   8.6789965750619029E-007   3.2336163950563717        4.3683248470603644        10.872835162827824        47.226073537680819        102.98238555317162        153.07194865683627        255.94538744310606     
   4.9385227328083095E-007   3.2445207801084779        4.0943301642324421        9.4972598529398589        37.265053463622685        92.285023859710591        165.26679009490360        302.59783911222962     
   2.8101182632728962E-007   3.2817370278243581        3.8640025417375852        8.7764879536660345        31.617682820489236        81.672514671357959        173.45432308316151        314.92642723886502     
   1.5990135270855283E-007   3.2698420437591049        3.8421525542316179        8.3733963528972808        27.753185733178920        73.899958056882653        194.54022853602831        340.01278565550109     
   9.0987069591319635E-008   3.2798113945129912        3.8449480655742470        8.2276230915417568        26.469385238608652        74.206087860487827        207.90574037971538        344.79492493827632     
   5.1773463404683823E-008   3.2929339338216930        3.7903249392244063        7.9789715586732415        25.682055893882005        82.764666479805783        234.48981421294570        444.61468173170601     
   2.9460136753012327E-008   3.3029674397682602        3.7686244294536237        7.9838963803010987        26.996513601216172        93.139668385833914        249.60216030001047        478.47316805253473     
   1.6763407360297839E-008   3.2989115135611433        3.9018066967390999        8.0124193637400118        28.908057294957796        107.36346539647151        268.26861490952888        449.91599630632845     
   9.5387142525248126E-009   3.2941163596477221        3.8071616410038942        8.2919027936626080        31.293921142740537        117.59958416991255        288.70020139499809        427.46000485506488     
   5.4277192957090499E-009   3.2751680030315096        4.0440481288973009        9.2128116559479132        33.318286729965621        128.51442192559804        287.54591556515055        398.29025031622854     
   3.0884808972251692E-009   3.3241223596359846        4.1948019091558422        10.598925211855519        37.175979886217796        140.64002921772300        306.93522170909017        462.04552653175199     
   1.7574074363178229E-009   3.2913140875834284        4.3266759125173069        11.741399193131461        40.496728065073775        143.68034743011023        343.16321808275683        474.01673680595945     
   1.0000000000000007E-009   3.2234269208983788        3.5318689168874577        7.4638326938386585        38.525637353649145        199.94528166211697        458.59265013775723        627.33615005381375     
