#      par      median  1sig lower  1sig upper  (  3sig lower  3sig upper)
      pmax  3.2504E-01  3.1923E-03  4.9841E+01  (  1.0215E-04  9.8356E+02)
        H2  1.5583E-04  9.0069E-08  4.7313E-01  (  1.0277E-09  9.2959E+02)
       H2O  3.4447E+01  1.7146E+00  2.7989E+02  (  1.3474E-02  9.9574E+02)
       CO2  8.2638E-06  2.5341E-08  2.8233E-03  (  1.0023E-09  3.5570E+00)
       CH4  5.1871E-02  1.4784E-03  6.2248E-01  (  1.4795E-09  8.2110E+00)
       NH3  1.4635E+00  6.7812E-02  1.3461E+01  (  5.6376E-04  6.5568E+01)
        N2  3.3416E-04  1.8973E-07  6.5374E-01  (  1.0579E-09  7.8390E+02)
        Rp  9.4661E-02  9.2667E-02  9.6531E-02  (  8.8721E-02  1.0123E-01)
        Mp  3.7328E-03  2.2061E-03  5.1282E-03  (  1.0308E-03  5.9854E-03)
 Tpoint001  3.8525E+01  7.4317E+00  1.9995E+02  (  2.7210E+00  6.2734E+02)
 Tpoint002  3.6558E+01  7.3003E+00  1.6300E+02  (  2.7081E+00  5.5058E+02)
 Tpoint003  1.3850E+01  5.0540E+00  4.5713E+01  (  2.7209E+00  2.8498E+02)
 Tpoint004  1.3043E+02  8.0039E+01  1.8673E+02  (  2.7165E+01  2.4807E+02)
 Tpoint005  2.9495E+02  2.8756E+02  3.0511E+02  (  2.7467E+02  3.2421E+02)
 Tpoint006  2.9183E+01  6.7019E+00  1.2470E+02  (  2.7231E+00  4.0665E+02)
 Ppoint002  1.2687E-08  2.1858E-09  1.5870E-07  (  1.0061E-09  1.6617E-05)
 Ppoint003  3.9037E-07  3.0672E-08  5.8108E-06  (  1.5374E-09  2.6238E-04)
 Ppoint004  7.2498E-06  7.2531E-07  8.9861E-05  (  9.4185E-09  2.8223E-03)
 Ppoint005  1.0865E+00  1.7928E-01  8.5598E+00  (  1.3204E-02  3.1392E+02)
       C/O  2.2272E-03  5.7126E-04  5.5554E-03  (  3.2071E-10  2.8189E-02)
       [Z]  2.7454E+00  2.7374E+00  2.7701E+00  (  3.9211E-03  4.3864E+00)
   hotspot  0.0000E+00  0.0000E+00  0.0000E+00  (  0.0000E+00  0.0000E+00)
       MMW  1.7839E+01  1.7678E+01  1.8075E+01  (  2.0295E+00  2.7363E+01)
