   6.0301510000000009        8.3232659990328169E-005   8.7106254154159160E-005   9.1014874208629782E-005   9.4728321354889183E-005   9.8323726850705411E-005   1.0235997618912441E-004   1.0944627819712462E-004
   6.0907549999999997        8.3249444667849039E-005   8.7115481832186910E-005   9.1042583309621322E-005   9.4752512263583159E-005   9.8392661918518317E-005   1.0246632858934823E-004   1.0949110537759956E-004
   6.1519690000000002        8.3257117411692842E-005   8.7139079778926690E-005   9.1060823263405824E-005   9.4778596297517826E-005   9.8440562041659564E-005   1.0248287637017172E-004   1.0952744743450851E-004
   6.2137979999999997        8.3120618789624091E-005   8.7041341527434069E-005   9.0908652243322209E-005   9.4640125304704494E-005   9.8208125788515257E-005   1.0228544441195412E-004   1.0900168462113479E-004
   6.2762479999999998        8.2991210619032704E-005   8.6944934547219098E-005   9.0765509930934788E-005   9.4517766506619424E-005   9.8043285603586797E-005   1.0195213730425888E-004   1.0799355212887053E-004
   6.3393259999999998        8.3087325780569811E-005   8.7023753458308138E-005   9.0847285214408778E-005   9.4572986215176204E-005   9.8090930750191116E-005   1.0198447030439031E-004   1.0875951446245993E-004
   6.4030379999999996        8.3202250786060573E-005   8.7088742464562762E-005   9.0981612032848842E-005   9.4698781511413059E-005   9.8282340885659346E-005   1.0230992241514542E-004   1.0940940337612650E-004
   6.4673900000000000        8.3216025272802660E-005   8.7097213261473662E-005   9.1008797205956705E-005   9.4733236147822775E-005   9.8353148155982950E-005   1.0235765885851303E-004   1.0943195828863589E-004
   6.5323890000000011        8.3243171160284651E-005   8.7110334375225870E-005   9.1069239538280424E-005   9.4754013898778200E-005   9.8390899536317583E-005   1.0245462332006249E-004   1.0947707790609894E-004
   6.5980410000000012        8.3228596418883759E-005   8.7097801799431912E-005   9.1057575214528399E-005   9.4747964466507600E-005   9.8387508444436705E-005   1.0242586006837378E-004   1.0949925604833202E-004
   6.6643530000000002        8.3174698191417658E-005   8.7067640479019726E-005   9.0959339947987004E-005   9.4679881475044560E-005   9.8267329558272110E-005   1.0226458904180484E-004   1.0941327637975872E-004
   6.7313310000000008        8.3043991047763898E-005   8.6994278206633052E-005   9.0805454261301286E-005   9.4555392258935787E-005   9.8052277177941382E-005   1.0189965315791666E-004   1.0851838483125193E-004
   6.7989830000000007        8.3037938003754921E-005   8.6992121194661074E-005   9.0780999047605407E-005   9.4539280158394080E-005   9.8009265343000965E-005   1.0187861231349418E-004   1.0846208596534002E-004
   6.8673140000000004        8.3053018144196234E-005   8.7000326126972311E-005   9.0811710727461376E-005   9.4557410922990048E-005   9.8050299239043156E-005   1.0195075480774772E-004   1.0856449049365421E-004
   6.9363330000000003        8.2925919318081279E-005   8.6852231747175759E-005   9.0645637883738449E-005   9.4411661048098559E-005   9.7870467460252361E-005   1.0171434857582429E-004   1.0760890394917924E-004
   7.0060440000000010        8.2991249763259329E-005   8.6936531425401429E-005   9.0733317296487831E-005   9.4479016794682359E-005   9.7939653704562864E-005   1.0182019504310841E-004   1.0811945807099278E-004
   7.0764570000000004        8.2907733361360216E-005   8.6839066292230426E-005   9.0630583653634759E-005   9.4395341086688428E-005   9.7850318789326974E-005   1.0169067604902538E-004   1.0748819632737603E-004
   7.1475770000000001        8.2895153282856458E-005   8.6804446090436215E-005   9.0597221270396781E-005   9.4354852842427265E-005   9.7807419408085770E-005   1.0163484455477820E-004   1.0741861488501702E-004
   7.2194120000000011        8.2828783718660309E-005   8.6699122531343149E-005   9.0511134270788377E-005   9.4276628956888487E-005   9.7688797666024992E-005   1.0142713729788524E-004   1.0711327325227335E-004
   7.2919690000000008        8.2854909662049764E-005   8.6763639679344876E-005   9.0546693105228074E-005   9.4326840942822069E-005   9.7744668048750546E-005   1.0146920035568423E-004   1.0720911347193818E-004
   7.3652550000000012        8.2789079571022958E-005   8.6680631554752278E-005   9.0541081677574453E-005   9.4272449405553672E-005   9.7697130555534967E-005   1.0136323170914047E-004   1.0724005357089667E-004
   7.4392779999999998        8.2786175056723799E-005   8.6683985139407167E-005   9.0546299947458862E-005   9.4281935716293417E-005   9.7716776514752398E-005   1.0136583648409440E-004   1.0728237320129165E-004
   7.5140440000000002        8.2691921822360549E-005   8.6562465431012459E-005   9.0415853463817259E-005   9.4125853862318413E-005   9.7532359841413801E-005   1.0126531414283649E-004   1.0705335409061286E-004
   7.5895620000000008        8.2687469364763435E-005   8.6528643355262045E-005   9.0350251885941047E-005   9.4091085344091539E-005   9.7426961991043748E-005   1.0122837936016789E-004   1.0680489288290738E-004
   7.6658390000000001        8.2722413926559002E-005   8.6662686687876623E-005   9.0494988880638201E-005   9.4221029559474746E-005   9.7657715945727457E-005   1.0142046625866044E-004   1.0734579269600485E-004
   7.7428830000000000        8.2669071020320556E-005   8.6618964405785852E-005   9.0414708880914396E-005   9.4160446733367875E-005   9.7576759490703525E-005   1.0130819168852237E-004   1.0722480361025911E-004
   7.8207009999999997        8.2585398783292937E-005   8.6435430437986152E-005   9.0261124225439975E-005   9.4008324431057050E-005   9.7405017910985717E-005   1.0118531879462740E-004   1.0695035385180866E-004
   7.8993010000000004        8.2680045972799177E-005   8.6549945103386720E-005   9.0395084366857201E-005   9.4114752727703790E-005   9.7518806810392337E-005   1.0125796579370759E-004   1.0703982198048758E-004
   7.9786910000000013        8.2527840972918735E-005   8.6345307963151034E-005   9.0154535418156715E-005   9.3937130973929990E-005   9.7330912504447727E-005   1.0114522875627459E-004   1.0683108408991963E-004
   8.0588790000000010        8.2504905035714064E-005   8.6297249825099888E-005   9.0137879294049553E-005   9.3916983361732199E-005   9.7282041737031198E-005   1.0113222555170927E-004   1.0677741660578256E-004
   8.1398720000000022        8.2456721117473987E-005   8.6185287709021526E-005   9.0080960548465628E-005   9.3870055390549400E-005   9.7197819716024142E-005   1.0102642791797714E-004   1.0662708177098397E-004
   8.2216799999999992        8.2516126084709209E-005   8.6283175620449431E-005   9.0142456021916062E-005   9.3932332456883971E-005   9.7251477267407162E-005   1.0114482085328342E-004   1.0668508456984291E-004
   8.3043099999999992        8.2408031062847865E-005   8.6140031771627903E-005   9.0000494651776522E-005   9.3806341390268447E-005   9.7094212890603071E-005   1.0097228863843785E-004   1.0644191592322720E-004
   8.3877710000000008        8.2524466291660894E-005   8.6331659009416398E-005   9.0150646565798374E-005   9.3938460730828916E-005   9.7248049796469616E-005   1.0116285591528360E-004   1.0666488689332571E-004
   8.4720700000000004        8.2525103386268446E-005   8.6328252756894344E-005   9.0134210593723437E-005   9.3932825232353705E-005   9.7254606350404200E-005   1.0116509812085728E-004   1.0662403026855134E-004
   8.5572160000000004        8.2491958527249496E-005   8.6225559397478028E-005   9.0061894211627614E-005   9.3872602027326576E-005   9.7196393370793685E-005   1.0104133356225641E-004   1.0652921125210299E-004
   8.6432179999999992        8.2643507521859853E-005   8.6477915815620583E-005   9.0322056223933001E-005   9.4080741967811593E-005   9.7424044558297015E-005   1.0130256352213541E-004   1.0694849730908964E-004
   8.7300850000000008        8.2616826841246848E-005   8.6435479365225515E-005   9.0281895420079417E-005   9.4047220455165681E-005   9.7378121014006177E-005   1.0126928488006350E-004   1.0685747785469247E-004
   8.8178239999999999        8.2682404866770581E-005   8.6519362629469289E-005   9.0372410448624722E-005   9.4119434127940097E-005   9.7472044699036293E-005   1.0133368601220136E-004   1.0701350003683663E-004
   8.9064460000000008        8.2744487497503905E-005   8.6592864420220259E-005   9.0438937327060387E-005   9.4209966072797584E-005   9.7601683524452970E-005   1.0139814689828812E-004   1.0717441770304861E-004
   8.9959579999999999        8.2755378339203136E-005   8.6606568128593910E-005   9.0446003653919094E-005   9.4216587827231749E-005   9.7604340919349862E-005   1.0140783470223795E-004   1.0719245802229827E-004
   9.0863689999999995        8.2811288945389334E-005   8.6679938738176969E-005   9.0517006901094253E-005   9.4278017544332666E-005   9.7722433895308867E-005   1.0149886797833069E-004   1.0733446159961770E-004
   9.1776900000000001        8.2883469348196605E-005   8.6787177789243418E-005   9.0589064834406693E-005   9.4358466729050733E-005   9.7856433553070038E-005   1.0169333901677619E-004   1.0777417041386390E-004
   9.2699280000000002        8.2832448810041373E-005   8.6714423218681668E-005   9.0536875451368586E-005   9.4293285913198255E-005   9.7751553984083182E-005   1.0155739208657194E-004   1.0748551522976963E-004
   9.3630929999999992        8.2893133460211274E-005   8.6787386267661853E-005   9.0582890608424270E-005   9.4360215797003555E-005   9.7856351593250573E-005   1.0173061867819730E-004   1.0785710153988897E-004
   9.4571939999999994        8.2789386463715870E-005   8.6636190878350318E-005   9.0465865327441397E-005   9.4261008089920360E-005   9.7654254300781547E-005   1.0143883991445958E-004   1.0734962123946625E-004
   9.5522419999999997        8.2894799085783447E-005   8.6781481456588432E-005   9.0569168229054920E-005   9.4351536881656162E-005   9.7837207542288577E-005   1.0173268860868935E-004   1.0790982154028719E-004
   9.6482440000000000        8.2862674372093047E-005   8.6759333011839039E-005   9.0557848444280077E-005   9.4327710213021036E-005   9.7802132324025485E-005   1.0163129079019126E-004   1.0777000606318520E-004
   9.7452110000000012        8.2781143605120910E-005   8.6596956240144734E-005   9.0443604826250445E-005   9.4228297224831342E-005   9.7610515739201463E-005   1.0141015196030811E-004   1.0738729735587435E-004
   9.8431530000000009        8.2757850555309419E-005   8.6578688963925851E-005   9.0427849531972052E-005   9.4210849134084926E-005   9.7590238537743695E-005   1.0139505421266647E-004   1.0740290205103727E-004
   9.9420790000000014        8.2731515121018003E-005   8.6520632868557790E-005   9.0381039804728321E-005   9.4155245084907402E-005   9.7526633129087678E-005   1.0135566595011197E-004   1.0724691722888610E-004
   10.042000000000000        8.2767356751259897E-005   8.6579688732492220E-005   9.0429472691187866E-005   9.4218244349503262E-005   9.7598367405439361E-005   1.0140093378854352E-004   1.0744125777858360E-004
   10.142920000000000        8.2360061132893036E-005   8.6003927832165424E-005   8.9908802867024566E-005   9.3682851964738112E-005   9.7019646081989477E-005   1.0100645873079513E-004   1.0618508064363427E-004
   10.244860000000001        8.2525217074595848E-005   8.6235983009548209E-005   9.0113850173236738E-005   9.3890783142872773E-005   9.7224614926857958E-005   1.0116550891140755E-004   1.0661584128217932E-004
   10.347830000000000        8.3236799511578769E-005   8.7131816656455625E-005   9.1050323577307707E-005   9.4828972592583369E-005   9.8528463968412100E-005   1.0250278690538225E-004   1.0959523077224929E-004
   10.451820000000000        8.2903517699562570E-005   8.6864953943153949E-005   9.0700094657837431E-005   9.4451499733240595E-005   9.7986639563709562E-005   1.0189352236017445E-004   1.0782887963078469E-004
   10.556870000000000        8.2840510134579842E-005   8.6744536879797314E-005   9.0577604577030485E-005   9.4328457413160241E-005   9.7790498735382458E-005   1.0162499103404747E-004   1.0759643995309642E-004
   10.662970000000000        8.2933418626684492E-005   8.6866864355346661E-005   9.0718261417379735E-005   9.4465130538293036E-005   9.7995345030696152E-005   1.0188167467486693E-004   1.0818831973750461E-004
   10.770130000000002        8.3256951882113025E-005   8.7179849360135013E-005   9.1065281496232814E-005   9.4838372915431705E-005   9.8538446468838527E-005   1.0252922971887904E-004   1.0959488129243320E-004
   10.878380000000000        8.2810208661356587E-005   8.6702733803908043E-005   9.0556990339533326E-005   9.4299617331733177E-005   9.7745419818263574E-005   1.0157161250600554E-004   1.0742150233054672E-004
   10.987710000000002        8.2843908875250796E-005   8.6742193288305734E-005   9.0567252987110213E-005   9.4321144071437743E-005   9.7786302429835395E-005   1.0161594492463333E-004   1.0764524353907609E-004
   11.098140000000003        8.2482996281898899E-005   8.6139351530444724E-005   9.0052818474919578E-005   9.3861869550250314E-005   9.7200697999660815E-005   1.0114994281795759E-004   1.0655759645800736E-004
   11.209670000000001        8.2874267993735608E-005   8.6758751275242048E-005   9.0547728041999272E-005   9.4325485459001193E-005   9.7794157900544723E-005   1.0166333839480035E-004   1.0794612289496043E-004
   11.322330000000001        8.2476508674969918E-005   8.6141466325476715E-005   9.0026708115616201E-005   9.3840134364938104E-005   9.7176554029662838E-005   1.0112517568062125E-004   1.0648190068438810E-004
   11.436130000000002        8.2708776627116873E-005   8.6517046605320852E-005   9.0374069247693936E-005   9.4136210910635292E-005   9.7516056513073199E-005   1.0134714604354220E-004   1.0740523175297047E-004
   11.551060000000000        8.2738992274480932E-005   8.6577211340992024E-005   9.0431857892911660E-005   9.4204961484577795E-005   9.7571896347643859E-005   1.0138995715546459E-004   1.0750361226382634E-004
   11.667149999999999        8.2689110885308145E-005   8.6512015155391347E-005   9.0361547435943281E-005   9.4115089873508161E-005   9.7485535977843995E-005   1.0133754737244477E-004   1.0735028577646866E-004
   11.784409999999999        8.2875531552601341E-005   8.6782413469127748E-005   9.0583114414912369E-005   9.4347092019644532E-005   9.7842220005632340E-005   1.0173118935408514E-004   1.0803138436350395E-004
   11.902850000000001        8.2499090365470665E-005   8.6181689435166665E-005   9.0062504792098874E-005   9.3869845376486321E-005   9.7204218392082399E-005   1.0114909952009449E-004   1.0669457382113760E-004
   12.022470000000000        8.2900409702389754E-005   8.6795114775849766E-005   9.0601004206666247E-005   9.4374080523181982E-005   9.7865247195891874E-005   1.0175764502218515E-004   1.0811188769164339E-004
   12.143300000000000        8.2583347592713515E-005   8.6383177685754825E-005   9.0205634882882440E-005   9.3980777734842488E-005   9.7316097271891728E-005   1.0123374381317892E-004   1.0696148286224397E-004
   12.265350000000000        8.2904355354576579E-005   8.6804080301764727E-005   9.0621261750976347E-005   9.4397602405986731E-005   9.7885107552330732E-005   1.0177345636736091E-004   1.0817657910110279E-004
   12.388620000000001        8.2822586910524820E-005   8.6714398351047891E-005   9.0552569918637168E-005   9.4304358155220593E-005   9.7755822180892462E-005   1.0155735839181451E-004   1.0786159260013410E-004
   12.513130000000000        8.2746658314845220E-005   8.6603695406492858E-005   9.0440067396830773E-005   9.4209065299701375E-005   9.7575029239612603E-005   1.0139013272250215E-004   1.0756830772299503E-004
   12.638890000000000        8.2707892915295420E-005   8.6546887178816381E-005   9.0404359880741483E-005   9.4156183267706266E-005   9.7536194721366211E-005   1.0136000087525133E-004   1.0739222978983675E-004
   12.765910000000002        8.2675348756109987E-005   8.6512408231409209E-005   9.0355655337002517E-005   9.4104320007893304E-005   9.7460002818710968E-005   1.0132650476562803E-004   1.0733272837631778E-004
   12.894209999999999        8.2710998203398370E-005   8.6561441401571395E-005   9.0418032279305423E-005   9.4165108421293160E-005   9.7540246375289410E-005   1.0136536014515652E-004   1.0737812723511742E-004
   13.023800000000001        8.2709609468442494E-005   8.6562893587363056E-005   9.0421515273000056E-005   9.4167774774106276E-005   9.7542488822289079E-005   1.0136740288432754E-004   1.0743024843409005E-004
   13.154690000000000        8.2636292048319745E-005   8.6465698860142926E-005   9.0297850136029993E-005   9.4064142176319179E-005   9.7400782888129456E-005   1.0129288120392297E-004   1.0725388835340100E-004
   13.286899999999999        8.2618266453739024E-005   8.6450751573174072E-005   9.0279060764202502E-005   9.4038752435992971E-005   9.7368006162464345E-005   1.0126520720419753E-004   1.0717029687552600E-004
   13.420439999999999        8.2720507964857481E-005   8.6590684405182629E-005   9.0435129632375483E-005   9.4186746007880832E-005   9.7551734281402393E-005   1.0137334047340448E-004   1.0749702887995426E-004
   13.555320000000000        8.2567494920025411E-005   8.6371177696401664E-005   9.0196500910270743E-005   9.3968608940953873E-005   9.7308433979874441E-005   1.0122418446740305E-004   1.0716680082186661E-004
   13.691549999999999        8.2606034583992450E-005   8.6443330728822325E-005   9.0266402785634469E-005   9.4023887981057816E-005   9.7353740464358856E-005   1.0124606670399743E-004   1.0729954527142609E-004
   13.829150000000002        8.2517883397237302E-005   8.6243947694792820E-005   9.0165613034198561E-005   9.3920509465596916E-005   9.7271425279310978E-005   1.0117740859826709E-004   1.0718864388890985E-004
   13.968140000000002        8.2455215803347613E-005   8.6117778150057982E-005   9.0068528773880671E-005   9.3826494256554798E-005   9.7160432871842224E-005   1.0109428284265100E-004   1.0713802102475067E-004
   14.108520000000002        8.2611495322333157E-005   8.6459661965481081E-005   9.0273405311589895E-005   9.4051543777531207E-005   9.7367399423069751E-005   1.0125712305422294E-004   1.0736836644038743E-004
   14.250320000000002        8.2484993053491386E-005   8.6169267071050152E-005   9.0130131048242983E-005   9.3876822593180929E-005   9.7197833611189271E-005   1.0112280581201291E-004   1.0723972371125291E-004
   14.393540000000002        8.2572596623927219E-005   8.6352663268653694E-005   9.0219577751250309E-005   9.3951745572813525E-005   9.7282450341824902E-005   1.0117228388068270E-004   1.0739162148756930E-004
   14.538200000000000        8.2594870968764791E-005   8.6397421824199993E-005   9.0246301934155998E-005   9.4002414686019070E-005   9.7331075332184738E-005   1.0120188520931787E-004   1.0747723580659093E-004
   14.684310000000000        8.2448232973162579E-005   8.6189164018660549E-005   9.0113407014089528E-005   9.3868027347278484E-005   9.7220785287301001E-005   1.0110106970936013E-004   1.0738538357041077E-004
   14.831890000000000        8.2416185724267554E-005   8.6126918929009283E-005   9.0078712930595392E-005   9.3812873874601847E-005   9.7174196237022781E-005   1.0106394598559180E-004   1.0740415055886140E-004
   14.980950000000000        8.2470749765018708E-005   8.6438649959809608E-005   9.0225750394419397E-005   9.4011388409854171E-005   9.7331328117577793E-005   1.0138698346373843E-004   1.0769563246075571E-004
   15.131520000000000        8.2524823741739789E-005   8.6255928927742812E-005   9.0171703786164073E-005   9.3902738617637643E-005   9.7242430134526753E-005   1.0111356678245776E-004   1.0759523685530790E-004
   15.283590000000002        8.2369111099163096E-005   8.6047420036636655E-005   9.0032638555311785E-005   9.3768905396428932E-005   9.7128111896036594E-005   1.0101762213073595E-004   1.0748933197551393E-004
   15.437190000000001        8.2470859742767079E-005   8.6199438475095282E-005   9.0134061448530293E-005   9.3879931406432639E-005   9.7237283868632028E-005   1.0112174674014975E-004   1.0759891438524937E-004
   15.592340000000000        8.2571425283540947E-005   8.6356619572754969E-005   9.0224892230626088E-005   9.3957845260616432E-005   9.7287571242466313E-005   1.0118105920533784E-004   1.0769083773395508E-004
   15.749050000000002        8.2703464854927267E-005   8.6589557633861078E-005   9.0400752914189886E-005   9.4127109507521312E-005   9.7484009077107559E-005   1.0130349739070382E-004   1.0792234599797222E-004
   15.907330000000000        8.2730112693154087E-005   8.6606533604228692E-005   9.0452031190230988E-005   9.4212963534435099E-005   9.7574213166863472E-005   1.0139131370704243E-004   1.0800977666651162E-004
   15.993430000000000        8.2712505597249021E-005   8.6582465245092240E-005   9.0407016904677477E-005   9.4142485686463874E-005   9.7530354133527281E-005   1.0132999849865472E-004   1.0800193386195472E-004
