#  lambda [mu]       Rp^2/Rstar^2
      6.030151     9.6209300E-005     0.0000000E+000
      6.090755     9.6262085E-005     0.0000000E+000
      6.151969     9.6304480E-005     0.0000000E+000
      6.213798     9.6117058E-005     0.0000000E+000
      6.276248     9.5940209E-005     0.0000000E+000
      6.339326     9.5994422E-005     0.0000000E+000
      6.403038     9.6159988E-005     0.0000000E+000
      6.467390     9.6222454E-005     0.0000000E+000
      6.532389     9.6258785E-005     0.0000000E+000
      6.598041     9.6243999E-005     0.0000000E+000
      6.664353     9.6141230E-005     0.0000000E+000
      6.731331     9.5943847E-005     0.0000000E+000
      6.798983     9.5918369E-005     0.0000000E+000
      6.867314     9.5942253E-005     0.0000000E+000
      6.936333     9.5761217E-005     0.0000000E+000
      7.006044     9.5846773E-005     0.0000000E+000
      7.076457     9.5746340E-005     0.0000000E+000
      7.147577     9.5702468E-005     0.0000000E+000
      7.219412     9.5610651E-005     0.0000000E+000
      7.291969     9.5660533E-005     0.0000000E+000
      7.365255     9.5616619E-005     0.0000000E+000
      7.439278     9.5630115E-005     0.0000000E+000
      7.514044     9.5477042E-005     0.0000000E+000
      7.589562     9.5394480E-005     0.0000000E+000
      7.665839     9.5626588E-005     0.0000000E+000
      7.742883     9.5539636E-005     0.0000000E+000
      7.820701     9.5367524E-005     0.0000000E+000
      7.899301     9.5465145E-005     0.0000000E+000
      7.978691     9.5299670E-005     0.0000000E+000
      8.058879     9.5266753E-005     0.0000000E+000
      8.139872     9.5188357E-005     0.0000000E+000
      8.221680     9.5246684E-005     0.0000000E+000
      8.304310     9.5084983E-005     0.0000000E+000
      8.387771     9.5246852E-005     0.0000000E+000
      8.472070     9.5229395E-005     0.0000000E+000
      8.557216     9.5167305E-005     0.0000000E+000
      8.643218     9.5415011E-005     0.0000000E+000
      8.730085     9.5362445E-005     0.0000000E+000
      8.817824     9.5457033E-005     0.0000000E+000
      8.906446     9.5551489E-005     0.0000000E+000
      8.995958     9.5563941E-005     0.0000000E+000
      9.086369     9.5644372E-005     0.0000000E+000
      9.177690     9.5744378E-005     0.0000000E+000
      9.269928     9.5673366E-005     0.0000000E+000
      9.363093     9.5742903E-005     0.0000000E+000
      9.457194     9.5604881E-005     0.0000000E+000
      9.552242     9.5728944E-005     0.0000000E+000
      9.648244     9.5707127E-005     0.0000000E+000
      9.745211     9.5560090E-005     0.0000000E+000
      9.843153     9.5536949E-005     0.0000000E+000
      9.942079     9.5473594E-005     0.0000000E+000
     10.042000     9.5544390E-005     0.0000000E+000
     10.142920     9.4953694E-005     0.0000000E+000
     10.244860     9.5194268E-005     0.0000000E+000
     10.347830     9.6359376E-005     0.0000000E+000
     10.451820     9.5869072E-005     0.0000000E+000
     10.556870     9.5710831E-005     0.0000000E+000
     10.662970     9.5876003E-005     0.0000000E+000
     10.770130     9.6371170E-005     0.0000000E+000
     10.878380     9.5676060E-005     0.0000000E+000
     10.987710     9.5702547E-005     0.0000000E+000
     11.098140     9.5167271E-005     0.0000000E+000
     11.209670     9.5699946E-005     0.0000000E+000
     11.322330     9.5133916E-005     0.0000000E+000
     11.436130     9.5464929E-005     0.0000000E+000
     11.551060     9.5533522E-005     0.0000000E+000
     11.667150     9.5452255E-005     0.0000000E+000
     11.784410     9.5734879E-005     0.0000000E+000
     11.902850     9.5170936E-005     0.0000000E+000
     12.022470     9.5761996E-005     0.0000000E+000
     12.143300     9.5295980E-005     0.0000000E+000
     12.265350     9.5782255E-005     0.0000000E+000
     12.388620     9.5680319E-005     0.0000000E+000
     12.513130     9.5540942E-005     0.0000000E+000
     12.638890     9.5489676E-005     0.0000000E+000
     12.765910     9.5442403E-005     0.0000000E+000
     12.894210     9.5499589E-005     0.0000000E+000
     13.023800     9.5504269E-005     0.0000000E+000
     13.154690     9.5390941E-005     0.0000000E+000
     13.286900     9.5358700E-005     0.0000000E+000
     13.420440     9.5523649E-005     0.0000000E+000
     13.555320     9.5295720E-005     0.0000000E+000
     13.691550     9.5342475E-005     0.0000000E+000
     13.829150     9.5249724E-005     0.0000000E+000
     13.968140     9.5124449E-005     0.0000000E+000
     14.108520     9.5365221E-005     0.0000000E+000
     14.250320     9.5184551E-005     0.0000000E+000
     14.393540     9.5283235E-005     0.0000000E+000
     14.538200     9.5345024E-005     0.0000000E+000
     14.684310     9.5216979E-005     0.0000000E+000
     14.831890     9.5153096E-005     0.0000000E+000
     14.980950     9.5488540E-005     0.0000000E+000
     15.131520     9.5230691E-005     0.0000000E+000
     15.283590     9.5093609E-005     0.0000000E+000
     15.437190     9.5228640E-005     0.0000000E+000
     15.592340     9.5288650E-005     0.0000000E+000
     15.749050     9.5461463E-005     0.0000000E+000
     15.907330     9.5549642E-005     0.0000000E+000
     15.993430     9.5472620E-005     0.0000000E+000
