   6.0301510000000009        9.2079911933572124E-005   3.8225128501451332E-006   9.4695408245188022E-005
   6.0907549999999997        9.2107321292443000E-005   3.8365930547746627E-006   9.4736406844185303E-005
   6.1519690000000002        9.2123359610516860E-005   3.8491261627256090E-006   9.4765423908199360E-005
   6.2137979999999997        9.1992455835921943E-005   3.8152358238726332E-006   9.4592288879144515E-005
   6.2762479999999998        9.1870009123922822E-005   3.7869991494190866E-006   9.4428979650282714E-005
   6.3393259999999998        9.1929376104765841E-005   3.7874063610087524E-006   9.4500523152994429E-005
   6.4030379999999996        9.2052386069007444E-005   3.8137094531959313E-006   9.4655610516417634E-005
   6.4673900000000000        9.2080242408721012E-005   3.8258351436555467E-006   9.4699503625494534E-005
   6.5323890000000011        9.2110916440588263E-005   3.8327066429602185E-006   9.4734855159993021E-005
   6.5980410000000012        9.2107275343443566E-005   3.8310950681327190E-006   9.4724285872747373E-005
   6.6643530000000002        9.2037874118558094E-005   3.8103854077428954E-006   9.4634509329939758E-005
   6.7313310000000008        9.1901409766480729E-005   3.7766300898004289E-006   9.4457515708564889E-005
   6.7989830000000007        9.1887958537837722E-005   3.7695153192584834E-006   9.4437294816980498E-005
   6.8673140000000004        9.1904837618512453E-005   3.7728964551031579E-006   9.4458942570336217E-005
   6.9363330000000003        9.1778888291582056E-005   3.7441836850100201E-006   9.4292792975692757E-005
   7.0060440000000010        9.1842383643566154E-005   3.7560356236752829E-006   9.4375372063768470E-005
   7.0764570000000004        9.1767106760145189E-005   3.7431000258101986E-006   9.4278803105044741E-005
   7.1475770000000001        9.1743207910845501E-005   3.7338318473423116E-006   9.4245779892251395E-005
   7.2194120000000011        9.1676718558147602E-005   3.7197237914086952E-006   9.4160053320547677E-005
   7.2919690000000008        9.1703009798902439E-005   3.7254984141235793E-006   9.4200869085694591E-005
   7.3652550000000012        9.1640095320664986E-005   3.7208263333821153E-006   9.4142164256920898E-005
   7.4392779999999998        9.1637812048245978E-005   3.7228730927801285E-006   9.4147954575470350E-005
   7.5140440000000002        9.1538063844717236E-005   3.7025822507358630E-006   9.4014799674153730E-005
   7.5895620000000008        9.1526603873169301E-005   3.6887211386178213E-006   9.3968123212147034E-005
   7.6658390000000001        9.1586731602246138E-005   3.7289309826381266E-006   9.4104009574447591E-005
   7.7428830000000000        9.1535550356790506E-005   3.7162323651397936E-006   9.4035545254986415E-005
   7.8207009999999997        9.1434357645230616E-005   3.6934106537759424E-006   9.3896460764483666E-005
   7.8993010000000004        9.1525952186509763E-005   3.7015320205499918E-006   9.4001785015891399E-005
   7.9786910000000013        9.1386193772420576E-005   3.6901516137641575E-006   9.3831503558294241E-005
   8.0588790000000010        9.1367236904823566E-005   3.6891741153041403E-006   9.3804634201867900E-005
   8.1398720000000022        9.1326926493726194E-005   3.6850355954696742E-006   9.3740434467666915E-005
   8.2216799999999992        9.1382952445888502E-005   3.6896725650842670E-006   9.3803251583374165E-005
   8.3043099999999992        9.1277450780270981E-005   3.6785949833574051E-006   9.3660496347662116E-005
   8.3877710000000008        9.1399928680281896E-005   3.6958650373210447E-006   9.3811774536695672E-005
   8.4720700000000004        9.1396643637597352E-005   3.6940632197458460E-006   9.3801506940622122E-005
   8.5572160000000004        9.1359954186051641E-005   3.6880230327347776E-006   9.3749268631062842E-005
   8.6432179999999992        9.1519632632749507E-005   3.7188399724208335E-006   9.3967649460607354E-005
   8.7300850000000008        9.1489244455419250E-005   3.7125675632892999E-006   9.3923273826535179E-005
   8.8178239999999999        9.1552801928753037E-005   3.7229013873919692E-006   9.4009314083636405E-005
   8.9064460000000008        9.1615104444225495E-005   3.7361987798105502E-006   9.4093733536919447E-005
   8.9959579999999999        9.1624151830571094E-005   3.7374492236175890E-006   9.4105426337207841E-005
   9.0863689999999995        9.1678584296311298E-005   3.7489829570851140E-006   9.4179632393777665E-005
   9.1776900000000001        9.1745937145298073E-005   3.7628488552946668E-006   9.4271110613720378E-005
   9.2699280000000002        9.1697893398427841E-005   3.7531746600939570E-006   9.4205684969027905E-005
   9.3630929999999992        9.1746364736402876E-005   3.7620751941252160E-006   9.4271928019474329E-005
   9.4571939999999994        9.1652736626410418E-005   3.7442338340004529E-006   9.4144851112918111E-005
   9.5522419999999997        9.1738530809806979E-005   3.7600090594818012E-006   9.4262867146458073E-005
   9.6482440000000000        9.1720622978028697E-005   3.7583312745741365E-006   9.4237588567322090E-005
   9.7452110000000012        9.1628255522612967E-005   3.7371440528128534E-006   9.4111365209658353E-005
   9.8431530000000009        9.1611661125277517E-005   3.7355845488745811E-006   9.4088466806604301E-005
   9.9420790000000014        9.1573169011304964E-005   3.7269230156505429E-006   9.4036803603431796E-005
   10.042000000000000        9.1616581366893318E-005   3.7368377070435096E-006   9.4095530253364410E-005
   10.142920000000000        9.1227682965314076E-005   3.6780560534329547E-006   9.3566653023977712E-005
   10.244860000000001        9.1386152716836500E-005   3.6984502759017496E-006   9.3781352237679198E-005
   10.347830000000000        9.2141106415082988E-005   3.8734153249012474E-006   9.4799728104975439E-005
   10.451820000000000        9.1810684164819650E-005   3.7867473682343621E-006   9.4361351887413292E-005
   10.556870000000000        9.1715347996779029E-005   3.7606706501118879E-006   9.4232704447518319E-005
   10.662970000000000        9.1822825971128573E-005   3.7858950575434726E-006   9.4374978253705257E-005
   10.770130000000002        9.2149870891031140E-005   3.8761968974983759E-006   9.4817315123895901E-005
   10.878380000000000        9.1692200439991728E-005   3.7559519141968530E-006   9.4201375650692777E-005
   10.987710000000002        9.1713234805855539E-005   3.7587605485192955E-006   9.4228679288448550E-005
   11.098140000000003        9.1359183277348136E-005   3.6984119173812652E-006   9.3747845623637068E-005
   11.209670000000001        9.1718478642021341E-005   3.7570913905273152E-006   9.4236450626903695E-005
   11.322330000000001        9.1343796460351253E-005   3.6929283379752568E-006   9.3723042649600306E-005
   11.436130000000002        9.1564047485816555E-005   3.7278060593202307E-006   9.4023504031828066E-005
   11.551060000000000        9.1606854868811892E-005   3.7369438756828625E-006   9.4080507705148939E-005
   11.667149999999999        9.1554539815041122E-005   3.7268091915172208E-006   9.4008916197985858E-005
   11.784409999999999        9.1739392233886711E-005   3.7627828296372327E-006   9.4261591425754695E-005
   11.902850000000001        9.1369156845406494E-005   3.6962282062025420E-006   9.3757158290329022E-005
   12.022470000000000        9.1757321736036924E-005   3.7664511170466828E-006   9.4288554418940271E-005
   12.143300000000000        9.1450140366168464E-005   3.7090779814906166E-006   9.3869224244215053E-005
   12.265350000000000        9.1769705526311684E-005   3.7700947944657517E-006   9.4304237232672821E-005
   12.388620000000001        9.1699755824362831E-005   3.7562396701007565E-006   9.4207848952945365E-005
   12.513130000000000        9.1614291783398354E-005   3.7348617121935060E-006   9.4089755689517459E-005
   12.638890000000000        9.1575749922994637E-005   3.7311021231372536E-006   9.4041340071155660E-005
   12.765910000000002        9.1546231884694085E-005   3.7248406841155528E-006   9.3999236282434610E-005
   12.894209999999999        9.1583056580691420E-005   3.7315339850218447E-006   9.4049480838210943E-005
   13.023800000000001        9.1584180018749117E-005   3.7331740555658795E-006   9.4052647155480436E-005
   13.154690000000000        9.1508929477843710E-005   3.7205523243359615E-006   9.3952543970789390E-005
   13.286899999999999        9.1489745589017275E-005   3.7146481952201112E-006   9.3924102606951734E-005
   13.420439999999999        9.1598150808054290E-005   3.7334174339010878E-006   9.4069291668011815E-005
   13.555320000000000        9.1442786326124679E-005   3.7115216596284394E-006   9.3866788069651703E-005
   13.691549999999999        9.1480204313674809E-005   3.7120469065053186E-006   9.3909323770878826E-005
   13.829150000000002        9.1403376605255762E-005   3.7075119320359228E-006   9.3815724816546147E-005
   13.968140000000002        9.1330008839834987E-005   3.6934929651850378E-006   9.3714908764768086E-005
   14.108520000000002        9.1488551650608375E-005   3.7163710573590230E-006   9.3926914258027095E-005
   14.250320000000002        9.1364727269662775E-005   3.6994491354893836E-006   9.3766473745708295E-005
   14.393540000000002        9.1440650212257631E-005   3.7011056166365013E-006   9.3860828389450121E-005
   14.538200000000000        9.1472727367553972E-005   3.7085794605830356E-006   9.3909042990935747E-005
   14.684310000000000        9.1354440570655675E-005   3.7080634051826714E-006   9.3772074299190331E-005
   14.831890000000000        9.1314272733972952E-005   3.7005724642456284E-006   9.3719413625971597E-005
   14.980950000000000        9.1476812477352178E-005   3.7263373732053290E-006   9.3892391709219682E-005
   15.131520000000000        9.1399995721617297E-005   3.6972069383254312E-006   9.3811768612912710E-005
   15.283590000000002        9.1271907817673290E-005   3.6992466152673756E-006   9.3666718300853809E-005
   15.437190000000001        9.1368612118401522E-005   3.7085425464437670E-006   9.3786333423298262E-005
   15.592340000000000        9.1444719106434827E-005   3.7033931767493173E-006   9.3865271651526398E-005
   15.749050000000002        9.1570387309956560E-005   3.7180628266074599E-006   9.4024302539490388E-005
   15.907330000000000        9.1610140664666816E-005   3.7405943366862551E-006   9.4092046117606661E-005
   15.993430000000000        9.1577075956247295E-005   3.7226698513585685E-006   9.4036646618992392E-005
