   990.72592512674623        1.0000000000000000E-050   1.0000000000000000E-050   1.0000000000000000E-050   1.0000000000000000E-050   1.0000000000000000E-050   1.9744484696382916E-008   2.0064937380082807E-006
   563.81697811448487        1.0000000000000000E-050   1.0000000000000000E-050   1.0000000000000000E-050   1.0000000000000000E-050   3.9623802891578380E-011   5.0630195393527061E-007   1.3923783687397471E-005
   320.86531375413546        1.0000000000000000E-050   1.0000000000000000E-050   1.0000000000000000E-050   1.0000000000000000E-050   6.4573413852032253E-009   1.5505896729516176E-006   2.1484614523116336E-005
   182.60278346856470        1.0000000000000000E-050   1.0000000000000000E-050   1.0000000000000000E-050   1.0000000000000000E-050   2.6707380018169854E-008   2.1174723546188803E-006   2.1484614523116336E-005
   103.91829562486571        1.0000000000000000E-050   1.0000000000000000E-050   1.0000000000000000E-050   2.5015977604406051E-011   6.3839318697313927E-008   3.2452498680248574E-006   2.6925030361504208E-005
   59.139362283795883        1.0000000000000000E-050   1.0000000000000000E-050   1.0000000000000000E-050   2.4773385498768322E-010   1.1545749242164972E-007   4.3555196521040823E-006   3.8453198045139030E-005
   33.655903903192794        1.0000000000000000E-050   1.0000000000000000E-050   1.0000000000000000E-050   8.2449452573161231E-010   1.7585860250696383E-007   4.7717009352012890E-006   3.8453198045139030E-005
   19.153400101023951        1.0000000000000000E-050   1.0000000000000000E-050   1.0000000000000000E-050   1.7146254078693932E-009   2.4270247189309305E-007   6.0146798925279562E-006   3.8453198045139030E-005
   10.900100513868603        1.0000000000000000E-050   1.0000000000000000E-050   1.7261752245127146E-011   3.6774441963195825E-009   3.1712809920440421E-007   6.2627407881953338E-006   3.8453198045139030E-005
   6.2031905868288550        1.0000000000000000E-050   1.0000000000000000E-050   4.5697520769185976E-011   5.7900261566003009E-009   4.6558256582674265E-007   6.4244697869371729E-006   3.8453198045139030E-005
   3.5302035433125663        1.0000000000000000E-050   1.0000000000000000E-050   8.3419246833107076E-011   8.1455590298778289E-009   5.3967553222129177E-007   6.4244697869371729E-006   3.8453198045139030E-005
   2.0090205004627335        1.0000000000000000E-050   3.4543930718438022E-012   1.1978906325919905E-010   9.6729598453346100E-009   6.0414239880265829E-007   6.7180188741977453E-006   3.8453198045139030E-005
   1.1433231318702357        1.0000000000000000E-050   7.0174084881736425E-012   1.5556441580203003E-010   1.1279297825237183E-008   6.4650212864790700E-007   6.7180188741977453E-006   3.8453198045139030E-005
  0.65065925587542950        2.2568789546616424E-012   7.3082845765750547E-012   1.6185767120654359E-010   1.1426919142798108E-008   6.5704560687509279E-007   6.7180188741977453E-006   3.8453198045139030E-005
  0.37028680296518124        2.2568789546616424E-012   7.3082845765750547E-012   1.6185767120654359E-010   1.1426919142798108E-008   6.5704560687509279E-007   6.7180188741977453E-006   3.8453198045139030E-005
  0.21072829628112635        2.2568789546616424E-012   7.3082845765750547E-012   1.6185767120654359E-010   1.1426919142798108E-008   6.5704560687509279E-007   6.7180188741977453E-006   3.8453198045139030E-005
  0.11992437888131237        2.2568789546616424E-012   7.3082845765750547E-012   1.6185767120654359E-010   1.1426919142798108E-008   6.5704560687509279E-007   6.7180188741977453E-006   3.8453198045139030E-005
   6.8248341128721149E-002   2.2568789546616424E-012   7.3082845765750547E-012   1.6185767120654359E-010   1.1426919142798108E-008   6.5704560687509279E-007   6.7180188741977453E-006   3.8453198045139030E-005
   3.8839776451392770E-002   2.2568789546616424E-012   7.3082845765750547E-012   1.6185767120654359E-010   1.1426919142798108E-008   6.5704560687509279E-007   6.7180188741977453E-006   3.8453198045139030E-005
   2.2103515042936707E-002   2.2568789546616424E-012   7.3082845765750547E-012   1.6185767120654359E-010   1.1426919142798108E-008   6.5704560687509279E-007   6.7180188741977453E-006   3.8453198045139030E-005
   1.2578995604281032E-002   2.2568789546616424E-012   7.3082845765750547E-012   1.6185767120654359E-010   1.1426919142798108E-008   6.5704560687509279E-007   6.7180188741977453E-006   3.8453198045139030E-005
   7.1586410625257401E-003   2.2568789546616424E-012   7.3082845765750547E-012   1.6185767120654359E-010   1.1426919142798108E-008   6.5704560687509279E-007   6.7180188741977453E-006   3.8453198045139030E-005
   4.0739454463787992E-003   2.2568789546616424E-012   7.3082845765750547E-012   1.6185767120654359E-010   1.1426919142798108E-008   6.5704560687509279E-007   6.7180188741977453E-006   3.8453198045139030E-005
   2.3184611932777505E-003   2.2568789546616424E-012   7.3082845765750547E-012   1.6185767120654359E-010   1.1426919142798108E-008   6.5704560687509279E-007   6.7180188741977453E-006   3.8453198045139030E-005
   1.3194242229023459E-003   2.2568789546616424E-012   7.3082845765750547E-012   1.6185767120654359E-010   1.1426919142798108E-008   6.5704560687509279E-007   6.7180188741977453E-006   3.8453198045139030E-005
   7.5087747210479336E-004   2.2568789546616424E-012   7.3082845765750547E-012   1.6185767120654359E-010   1.1426919142798108E-008   6.5704560687509279E-007   6.7180188741977453E-006   3.8453198045139030E-005
   4.2732046928337564E-004   2.2568789546616424E-012   7.3082845765750547E-012   1.6185767120654359E-010   1.1426919142798108E-008   6.5704560687509279E-007   6.7180188741977453E-006   3.8453198045139030E-005
   2.4318585954737553E-004   2.2568789546616424E-012   7.3082845765750547E-012   1.6185767120654359E-010   1.1426919142798108E-008   6.5704560687509279E-007   6.7180188741977453E-006   3.8453198045139030E-005
   1.3839580955008705E-004   2.2568789546616424E-012   7.3082845765750547E-012   1.6185767120654359E-010   1.1426919142798108E-008   6.5704560687509279E-007   6.7180188741977453E-006   3.8453198045139030E-005
   7.8760336380876548E-005   2.2568789546616424E-012   7.3082845765750547E-012   1.6185767120654359E-010   1.1426919142798108E-008   6.5704560687509279E-007   6.7180188741977453E-006   3.8453198045139030E-005
   4.4822098349616868E-005   2.2568789546616424E-012   7.3082845765750547E-012   1.6185767120654359E-010   1.1426919142798108E-008   6.5704560687509279E-007   6.7180188741977453E-006   3.8453198045139030E-005
   2.5508023362766251E-005   2.2568789546616424E-012   7.3082845765750547E-012   1.6185767120654359E-010   1.1426919142798108E-008   6.5704560687509279E-007   6.7180188741977453E-006   3.8453198045139030E-005
   1.4516483605926282E-005   2.2568789546616424E-012   7.3082845765750547E-012   1.6185767120654359E-010   1.1426919142798108E-008   6.5704560687509279E-007   6.7180188741977453E-006   3.8453198045139030E-005
   8.2612554208619726E-006   2.2568789546616424E-012   7.3082845765750547E-012   1.6185767120654359E-010   1.1426919142798108E-008   6.5704560687509279E-007   6.7180188741977453E-006   3.8453198045139030E-005
   4.7014375506792184E-006   2.2568789546616424E-012   7.3082845765750547E-012   1.6185767120654359E-010   1.1426919142798108E-008   6.5704560687509279E-007   6.7180188741977453E-006   3.8453198045139030E-005
   2.6755636906128271E-006   2.2568789546616424E-012   7.3082845765750547E-012   1.6185767120654359E-010   1.1426919142798108E-008   6.5704560687509279E-007   6.7180188741977453E-006   3.8453198045139030E-005
   1.5226493993292586E-006   2.2568789546616424E-012   7.3082845765750547E-012   1.6185767120654359E-010   1.1426919142798108E-008   6.5704560687509279E-007   6.7180188741977453E-006   3.8453198045139030E-005
   8.6653186444861560E-007   2.2568789546616424E-012   7.3082845765750547E-012   1.6185767120654359E-010   1.1426919142798108E-008   6.5704560687509279E-007   6.7180188741977453E-006   3.8453198045139030E-005
   4.9313878325211476E-007   2.2568789546616424E-012   7.3082845765750547E-012   1.6185767120654359E-010   1.1426919142798108E-008   6.5704560687509279E-007   6.7180188741977453E-006   3.8453198045139030E-005
   2.8064272016369322E-007   2.2568789546616424E-012   7.3082845765750547E-012   1.6185767120654359E-010   1.1426919142798108E-008   6.5704560687509279E-007   6.7180188741977453E-006   3.8453198045139030E-005
   1.5971231437420862E-007   2.2568789546616424E-012   7.3082845765750547E-012   1.6185767120654359E-010   1.1426919142798108E-008   6.5704560687509279E-007   6.7180188741977453E-006   3.8453198045139030E-005
   9.0891448557396622E-008   2.2568789546616424E-012   7.3082845765750547E-012   1.6185767120654359E-010   1.1426919142798108E-008   6.5704560687509279E-007   6.7180188741977453E-006   3.8453198045139030E-005
   5.1725851279730756E-008   2.2568789546616424E-012   7.3082845765750547E-012   1.6185767120654359E-010   1.1426919142798108E-008   6.5704560687509279E-007   6.7180188741977453E-006   3.8453198045139030E-005
   2.9436913296889819E-008   2.2568789546616424E-012   7.3082845765750547E-012   1.6185767120654359E-010   1.1426919142798108E-008   6.5704560687509279E-007   6.7180188741977453E-006   3.8453198045139030E-005
   1.6752394460604516E-008   2.2568789546616424E-012   7.3082845765750547E-012   1.6185767120654359E-010   1.1426919142798108E-008   6.5704560687509279E-007   6.7180188741977453E-006   3.8453198045139030E-005
   9.5337006748374835E-009   2.2568789546616424E-012   7.3082845765750547E-012   1.6185767120654359E-010   1.1426919142798108E-008   6.5704560687509279E-007   6.7180188741977453E-006   3.8453198045139030E-005
   5.4255795355786305E-009   2.2568789546616424E-012   7.3082845765750547E-012   1.6185767120654359E-010   1.1426919142798108E-008   6.5704560687509279E-007   6.7180188741977453E-006   3.8453198045139030E-005
   3.0876691329929587E-009   2.2568789546616424E-012   7.3082845765750547E-012   1.6185767120654359E-010   1.1426919142798108E-008   6.5704560687509279E-007   6.7180188741977453E-006   3.8453198045139030E-005
   1.7571764660935278E-009   2.2568789546616424E-012   7.3082845765750547E-012   1.6185767120654359E-010   1.1426919142798108E-008   6.5704560687509279E-007   6.7180188741977453E-006   3.8453198045139030E-005
   1.0000000000000007E-009   2.2568789546616424E-012   7.3082845765750547E-012   1.6185767120654359E-010   1.1426919142798108E-008   6.5704560687509279E-007   6.7180188741977453E-006   3.8453198045139030E-005
