   990.72592512674623        1.0000000000000000E-050   1.0000000000000000E-050   1.0000000000000000E-050   1.0000000000000000E-050   1.0000000000000000E-050  0.62672686038755776       0.73708858698150648     
   563.81697811448487        1.0000000000000000E-050   1.0000000000000000E-050   1.0000000000000000E-050   1.0000000000000000E-050  0.49115820044488778       0.69968825619163255       0.79692384021249374     
   320.86531375413546        1.0000000000000000E-050   1.0000000000000000E-050   1.0000000000000000E-050   1.0000000000000000E-050  0.60222956882253753       0.73739809010467117       0.81900430660056533     
   182.60278346856470        1.0000000000000000E-050   1.0000000000000000E-050   1.0000000000000000E-050   1.0000000000000000E-050  0.63151158377402372       0.74933402777011926       0.82038626784020530     
   103.91829562486571        1.0000000000000000E-050   1.0000000000000000E-050   1.0000000000000000E-050  0.45580747788180553       0.64901994393411044       0.75983339425588203       0.83652007074383528     
   59.139362283795883        1.0000000000000000E-050   1.0000000000000000E-050   1.0000000000000000E-050  0.52251370751246839       0.65951258770897270       0.76374914939921923       0.83652007074383528     
   33.655903903192794        1.0000000000000000E-050   1.0000000000000000E-050   1.0000000000000000E-050  0.55183905224503327       0.67042577563451689       0.77173393365938003       0.85272833461707975     
   19.153400101023951        1.0000000000000000E-050   1.0000000000000000E-050   1.0000000000000000E-050  0.56766823501193719       0.67692622776722267       0.77243076860281323       0.85282251611688342     
   10.900100513868603        1.0000000000000000E-050   1.0000000000000000E-050  0.40482320840406599       0.57922714310164136       0.68074054597280143       0.77243076860281323       0.85282251611688342     
   6.2031905868288550        1.0000000000000000E-050   1.0000000000000000E-050  0.45348452440345333       0.58374572450302598       0.68356764000438397       0.77243076860281323       0.85282251611688342     
   3.5302035433125663        1.0000000000000000E-050   1.0000000000000000E-050  0.47526462337207454       0.58582558502242943       0.68449073425694451       0.77243076860281323       0.85282251611688342     
   2.0090205004627335        1.0000000000000000E-050  0.25627301869153213       0.48778889451489560       0.58863099749427972       0.68488688558110933       0.77243076860281323       0.85282251611688342     
   1.1433231318702357        1.0000000000000000E-050  0.34067907293131350       0.49275307810244373       0.58999212764764941       0.68503745874876476       0.77243076860281323       0.85282251611688342     
  0.65065925587542950       0.16606400940371385       0.34479480668058832       0.49345858394104347       0.59026197338588637       0.68503745874876476       0.77243076860281323       0.85282251611688342     
  0.37028680296518124       0.16606400940371385       0.34479480668058832       0.49345858394104347       0.59026197338588637       0.68503745874876476       0.77243076860281323       0.85282251611688342     
  0.21072829628112635       0.16606400940371385       0.34479480668058832       0.49345858394104347       0.59026197338588637       0.68503745874876476       0.77243076860281323       0.85282251611688342     
  0.11992437888131237       0.16606400940371385       0.34479480668058832       0.49345858394104347       0.59026197338588637       0.68503745874876476       0.77243076860281323       0.85282251611688342     
   6.8248341128721149E-002  0.16606400940371385       0.34479480668058832       0.49345858394104347       0.59026197338588637       0.68503745874876476       0.77243076860281323       0.85282251611688342     
   3.8839776451392770E-002  0.16606400940371385       0.34479480668058832       0.49345858394104347       0.59026197338588637       0.68503745874876476       0.77243076860281323       0.85282251611688342     
   2.2103515042936707E-002  0.16606400940371385       0.34479480668058832       0.49345858394104347       0.59026197338588637       0.68503745874876476       0.77243076860281323       0.85282251611688342     
   1.2578995604281032E-002  0.16606400940371385       0.34479480668058832       0.49345858394104347       0.59026197338588637       0.68503745874876476       0.77243076860281323       0.85282251611688342     
   7.1586410625257401E-003  0.16606400940371385       0.34479480668058832       0.49345858394104347       0.59026197338588637       0.68503745874876476       0.77243076860281323       0.85282251611688342     
   4.0739454463787992E-003  0.16606400940371385       0.34479480668058832       0.49345858394104347       0.59026197338588637       0.68503745874876476       0.77243076860281323       0.85282251611688342     
   2.3184611932777505E-003  0.16606400940371385       0.34479480668058832       0.49345858394104347       0.59026197338588637       0.68503745874876476       0.77243076860281323       0.85282251611688342     
   1.3194242229023459E-003  0.16606400940371385       0.34479480668058832       0.49345858394104347       0.59026197338588637       0.68503745874876476       0.77243076860281323       0.85282251611688342     
   7.5087747210479336E-004  0.16606400940371385       0.34479480668058832       0.49345858394104347       0.59026197338588637       0.68503745874876476       0.77243076860281323       0.85282251611688342     
   4.2732046928337564E-004  0.16606400940371385       0.34479480668058832       0.49345858394104347       0.59026197338588637       0.68503745874876476       0.77243076860281323       0.85282251611688342     
   2.4318585954737553E-004  0.16606400940371385       0.34479480668058832       0.49345858394104347       0.59026197338588637       0.68503745874876476       0.77243076860281323       0.85282251611688342     
   1.3839580955008705E-004  0.16606400940371385       0.34479480668058832       0.49345858394104347       0.59026197338588637       0.68503745874876476       0.77243076860281323       0.85282251611688342     
   7.8760336380876548E-005  0.16606400940371385       0.34479480668058832       0.49345858394104347       0.59026197338588637       0.68503745874876476       0.77243076860281323       0.85282251611688342     
   4.4822098349616868E-005  0.16606400940371385       0.34479480668058832       0.49345858394104347       0.59026197338588637       0.68503745874876476       0.77243076860281323       0.85282251611688342     
   2.5508023362766251E-005  0.16606400940371385       0.34479480668058832       0.49345858394104347       0.59026197338588637       0.68503745874876476       0.77243076860281323       0.85282251611688342     
   1.4516483605926282E-005  0.16606400940371385       0.34479480668058832       0.49345858394104347       0.59026197338588637       0.68503745874876476       0.77243076860281323       0.85282251611688342     
   8.2612554208619726E-006  0.16606400940371385       0.34479480668058832       0.49345858394104347       0.59026197338588637       0.68503745874876476       0.77243076860281323       0.85282251611688342     
   4.7014375506792184E-006  0.16606400940371385       0.34479480668058832       0.49345858394104347       0.59026197338588637       0.68503745874876476       0.77243076860281323       0.85282251611688342     
   2.6755636906128271E-006  0.16606400940371385       0.34479480668058832       0.49345858394104347       0.59026197338588637       0.68503745874876476       0.77243076860281323       0.85282251611688342     
   1.5226493993292586E-006  0.16606400940371385       0.34479480668058832       0.49345858394104347       0.59026197338588637       0.68503745874876476       0.77243076860281323       0.85282251611688342     
   8.6653186444861560E-007  0.16606400940371385       0.34479480668058832       0.49345858394104347       0.59026197338588637       0.68503745874876476       0.77243076860281323       0.85282251611688342     
   4.9313878325211476E-007  0.16606400940371385       0.34479480668058832       0.49345858394104347       0.59026197338588637       0.68503745874876476       0.77243076860281323       0.85282251611688342     
   2.8064272016369322E-007  0.16606400940371385       0.34479480668058832       0.49345858394104347       0.59026197338588637       0.68503745874876476       0.77243076860281323       0.85282251611688342     
   1.5971231437420862E-007  0.16606400940371385       0.34479480668058832       0.49345858394104347       0.59026197338588637       0.68503745874876476       0.77243076860281323       0.85282251611688342     
   9.0891448557396622E-008  0.16606400940371385       0.34479480668058832       0.49345858394104347       0.59026197338588637       0.68503745874876476       0.77243076860281323       0.85282251611688342     
   5.1725851279730756E-008  0.16606400940371385       0.34479480668058832       0.49345858394104347       0.59026197338588637       0.68503745874876476       0.77243076860281323       0.85282251611688342     
   2.9436913296889819E-008  0.16606400940371385       0.34479480668058832       0.49345858394104347       0.59026197338588637       0.68503745874876476       0.77243076860281323       0.85282251611688342     
   1.6752394460604516E-008  0.16606400940371385       0.34479480668058832       0.49345858394104347       0.59026197338588637       0.68503745874876476       0.77243076860281323       0.85282251611688342     
   9.5337006748374835E-009  0.16606400940371385       0.34479480668058832       0.49345858394104347       0.59026197338588637       0.68503745874876476       0.77243076860281323       0.85282251611688342     
   5.4255795355786305E-009  0.16606400940371385       0.34479480668058832       0.49345858394104347       0.59026197338588637       0.68503745874876476       0.77243076860281323       0.85282251611688342     
   3.0876691329929587E-009  0.16606400940371385       0.34479480668058832       0.49345858394104347       0.59026197338588637       0.68503745874876476       0.77243076860281323       0.85282251611688342     
   1.7571764660935278E-009  0.16606400940371385       0.34479480668058832       0.49345858394104347       0.59026197338588637       0.68503745874876476       0.77243076860281323       0.85282251611688342     
   1.0000000000000007E-009  0.16606400940371385       0.34479480668058832       0.49345858394104347       0.59026197338588637       0.68503745874876476       0.77243076860281323       0.85282251611688342     
