   990.72592512674623       -0.0000000000000000       -0.0000000000000000       -0.0000000000000000       -0.0000000000000000        3.7769265855116960E-002  0.35756858464772939       0.48203323011636984     
   563.81697811448487       -0.0000000000000000       -0.0000000000000000       -0.0000000000000000       -0.0000000000000000       0.14212340235105275       0.36467878709557611       0.49930151263121564     
   320.86531375413546       -0.0000000000000000       -0.0000000000000000       -0.0000000000000000       -0.0000000000000000       0.24024217377065316       0.41146815001457193       0.51866488098991503     
   182.60278346856470       -0.0000000000000000       -0.0000000000000000       -0.0000000000000000        3.7127667261632871E-002  0.28333363764284819       0.42583194060734819       0.51423098441714488     
   103.91829562486571       -0.0000000000000000       -0.0000000000000000       -0.0000000000000000       0.11868339636242918       0.30710049613702184       0.42590111245554374       0.53606617595430706     
   59.139362283795883       -0.0000000000000000       -0.0000000000000000       -0.0000000000000000       0.16366588440819937       0.31545176086635507       0.41803336710621092       0.51807970500648404     
   33.655903903192794       -0.0000000000000000       -0.0000000000000000       -0.0000000000000000       0.19363629558328360       0.31350785704700584       0.40920363622181677       0.48301503303995030     
   19.153400101023951       -0.0000000000000000       -0.0000000000000000        6.0030525766234348E-002  0.20681698656750769       0.30699604137714165       0.39606259580763009       0.46005947190032381     
   10.900100513868603       -0.0000000000000000       -0.0000000000000000       0.10726428276564828       0.21086432296360874       0.29573927858538035       0.37185343963109346       0.42066713509063647     
   6.2031905868288550       -0.0000000000000000       -0.0000000000000000       0.12756913742751877       0.21252433427107770       0.28392595108376151       0.34764497484852941       0.39871571679570006     
   3.5302035433125663       -0.0000000000000000        2.6242842797959486E-002  0.14116566472544015       0.20724315944233593       0.26910637760245593       0.32383091215397847       0.36514960793907070     
   2.0090205004627335       -0.0000000000000000       0.10419996220146194       0.14636360021404105       0.20073429504133353       0.25165021714827657       0.29685253545509538       0.33468677225779703     
   1.1433231318702357        8.7901785349432882E-002  0.11596037588779437       0.14825283545368226       0.19149153857146864       0.23312674453896440       0.27012711478879703       0.30226411398847497     
  0.65065925587542950       0.10483436465801246       0.12248687916806454       0.14835029772543190       0.18076665923140228       0.21380647748976425       0.24297577019841343       0.26920166055077382     
  0.37028680296518124       0.10785787808594979       0.12506899311140213       0.14533090986514063       0.16905913955577262       0.19468292482758962       0.22061908381250597       0.23793405778531534     
  0.21072829628112635       0.10898043512125290       0.12402427970186877       0.13918043459218199       0.15762762480233383       0.17736701938657623       0.19906795762351490       0.23345046316459769     
  0.11992437888131237       0.10617662208786108       0.11673156437616226       0.12974777814180891       0.14542851425565059       0.16326515681730630       0.18667155716343059       0.23451736326209946     
   6.8248341128721149E-002   7.8248535633783686E-002  0.10033598152005238       0.11701962098065574       0.13277977997918980       0.15483620239971257       0.18696804654384480       0.24881653310541321     
   3.8839776451392770E-002   6.0468398329300871E-002   8.2257644883424061E-002  0.10138489897569535       0.12031811913149978       0.15078635525005876       0.18948455013948540       0.26064382603057129     
   2.2103515042936707E-002   4.7643100891749550E-002   6.3980059208846043E-002   8.3865753345773064E-002  0.10874159776215933       0.14960968141421926       0.19692208636595238       0.31483980320305793     
   1.2578995604281032E-002   2.7586517447592378E-002   4.7797124083397119E-002   6.8669938292109572E-002   9.8837724234552504E-002  0.14958861509225391       0.20628717921543102       0.36039148644720931     
   7.1586410625257401E-003   9.5086058146339678E-003   3.1369163765766803E-002   5.6740749758454341E-002   8.9165374558024715E-002  0.15119110527617191       0.22265909672802964       0.46085809073130568     
   4.0739454463787992E-003  -3.7017200332653726E-003   2.1152011035548843E-002   4.5778535891227337E-002   8.2094852964107082E-002  0.15289665011479966       0.24839621199678852       0.53712623150743133     
   2.3184611932777505E-003  -1.8258851448869830E-002   5.4310460470417604E-003   3.8100758173683483E-002   7.5707867581147989E-002  0.15768982466353001       0.27623930260523721       0.60910821421169326     
   1.3194242229023459E-003  -3.8256906794536867E-002  -6.1544168837342787E-003   3.1175104490238352E-002   7.3179826329476061E-002  0.16191188491169684       0.31588023767418061       0.73398131846874604     
   7.5087747210479336E-004  -7.7873427604227302E-002  -1.5154889377574626E-002   2.6310680954073074E-002   7.1832876013906380E-002  0.16916458501121232       0.36461908523558029       0.82937217445672851     
   4.2732046928337564E-004 -0.13427880206558887       -2.7060049005806171E-002   2.2609111180589368E-002   7.1170474358423275E-002  0.17710217639856343       0.43877447651262119        1.1394650925417646     
   2.4318585954737553E-004 -0.34549932684701268       -4.6032931977996898E-002   2.0753050858935251E-002   7.3241052124403641E-002  0.19397513546660519       0.55732560678309828        1.5893636855377942     
   1.3839580955008705E-004 -0.59099257776076419       -5.8090146527913035E-002   2.0420096341703293E-002   7.5828987833889014E-002  0.21104269924816066       0.64235679639245669        2.0015099629152751     
   7.8760336380876548E-005 -0.85579057611352916       -8.7673378606850982E-002   1.8547678142320334E-002   8.1417419017323439E-002  0.23619432931235190       0.79993050223568385        1.8495125291841366     
   4.4822098349616868E-005  -1.2773362726010007      -0.10631534189587336        1.6972687606895086E-002   8.5609658209613776E-002  0.27105923935115467       0.96667408182580195        2.2341053191910003     
   2.5508023362766251E-005  -1.0843278865433987      -0.14686287847497126        1.5556317472113522E-002   9.0987440046762860E-002  0.30913940781668242        1.1123528297381722        2.4936993409062964     
   1.4516483605926282E-005  -1.0732320033954021      -0.22386300226884703        1.1493182451074521E-002   9.7765154955676642E-002  0.35595414527534947        1.2043447734474193        2.5897333328146135     
   8.2612554208619726E-006  -1.4142873476767501      -0.34607129375772105        6.8267616227776348E-003  0.10537381772294833       0.42356729897570289        1.2552336067399845        2.7824454786878010     
   4.7014375506792184E-006  -1.6348293175973700      -0.48837465610678510       -4.4305244720891802E-003  0.11168259667855496       0.47410282007933924        1.3686185412038396        2.1223266634701186     
   2.6755636906128271E-006  -1.4160820021936393      -0.58844619697791667       -4.8257507383334106E-002  0.11526613343779775       0.51402068937878787        1.5039998123004386        2.8630899503252691     
   1.5226493993292586E-006  -2.3712105994277670      -0.77702889955395538       -9.5049539687107498E-002  0.11563122918999942       0.57442538440550461        1.5089456012682749        2.8326660854989587     
   8.6653186444861560E-007  -2.3026940725154303      -0.90253419511993371      -0.17726021661910019       0.10969597723663599       0.56890178410495662        1.5213960930020249        2.6816773295816230     
   4.9313878325211476E-007  -2.0191970148054543      -0.96916568829684202      -0.23678884628579050        9.6746473427776244E-002  0.57208282792222875        1.4462526579351482        2.4977768397183393     
   2.8064272016369322E-007  -2.3958048980803688       -1.0702396251464683      -0.31432560290070005        6.9594777269716260E-002  0.52193018327140572        1.4010757612059210        2.9344055112279439     
   1.5971231437420862E-007  -2.3221205262842770       -1.0757183445275771      -0.37545097348265194        4.6834467939959989E-002  0.52201099759586667        1.4781228948516305        2.6828152681965842     
   9.0891448557396622E-008  -2.5710790573632765       -1.2775549350718094      -0.40894817120115018        2.3477833746913444E-002  0.46211713272093607        1.4449425876616941        2.6399470537725138     
   5.1725851279730756E-008  -2.8496641137433856       -1.4233810202458130      -0.45878417201993710       -1.9783823278310591E-003  0.39964718876210459        1.3253104353832317        2.5311505670484555     
   2.9436913296889819E-008  -2.8189162464103976       -1.5261940980578428      -0.47724005240333156       -1.9290922585979902E-002  0.33600495178756579        1.3336363698011373        2.4801380239035171     
   1.6752394460604516E-008  -2.6585101749953730       -1.3588849318755889      -0.49110094959901307       -4.6237463682148844E-002  0.34337775361748013        1.2594114316515350        2.5567678907390330     
   9.5337006748374835E-009  -3.0692569417156390       -1.4471669603121842      -0.54158497812999862       -4.1367651196343495E-002  0.39101821760518868        1.0862841938665497        2.2878941373086574     
   5.4255795355786305E-009  -3.1254886787703557       -1.5825245541811506      -0.61299976226617070       -4.2771392777250630E-002  0.48553955794246245        1.1842701001644356        2.2554603951389938     
   3.0876691329929587E-009  -2.9159008885490789       -1.6450136896468024      -0.81442027304445430       -2.7213245165298640E-002  0.70785770855354613        1.5198485530868133        2.1280179427741226     
   1.7571764660935278E-009  -4.0041395114622880       -2.6785265402398655       -1.2064181477950138        1.9776597764861502E-003   1.2820741097548041        2.8308644204909399        3.8432776037819911     
   1.0000000000000007E-009  -7.9578877336882172       -4.3043623503908783       -1.4012066161149599        3.3922640999698461E-003   1.6693196717403860        4.5214696210822591        7.7377664750161665     
