   6.0301510000000009        8.4102323100424621E-012   4.1835645992978602E-011   1.3972829929660445E-010   3.1300592354503504E-010   6.0678191004227883E-010   1.5952122214868332E-009   2.7132490800526401E-009
   6.0907549999999997        1.3719640340967252E-011   6.1539779572743653E-011   1.8170068667926050E-010   3.8045631128498041E-010   6.9498780487805604E-010   1.6525510203032662E-009   2.7392812852960698E-009
   6.1519690000000002        1.2454014242351660E-011   6.1746107460924400E-011   2.0576741473168700E-010   4.3379296916344909E-010   7.5538574525576330E-010   1.2910571439689370E-009   1.9241153556700128E-009
   6.2137979999999997        4.8351748368642836E-010   7.7018620241306858E-010   1.1798492109575455E-009   1.6418996746495434E-009   2.2093844982641216E-009   2.8770227243412831E-009   3.7319313740699876E-009
   6.2762479999999998        8.3595107457968474E-010   1.4590639550929166E-009   2.1721533943276210E-009   2.9403973884075368E-009   3.8941427372098885E-009   5.0249472867846979E-009   6.7083048969274707E-009
   6.3393259999999998        3.5797983019016935E-010   6.5141397589256909E-010   1.1011634780593306E-009   1.5909106436751451E-009   2.2049219286448862E-009   2.9555500433141508E-009   3.7839659231590215E-009
   6.4030379999999996        2.5537483049085461E-011   9.7615737190040541E-011   2.8403870759164739E-010   5.8596428861292760E-010   1.0446668609830144E-009   2.1514923843986647E-009   3.2722433671206118E-009
   6.4673900000000000        3.9542081432304569E-011   1.3440237467896834E-010   3.4135829948279914E-010   6.6454766330669561E-010   1.1496432906673705E-009   2.5114022161305064E-009   3.8609335851301936E-009
   6.5323890000000011        2.6612018587085217E-011   9.3250146151043433E-011   2.7811448929005087E-010   5.9381566939206688E-010   1.1338515778920143E-009   2.7699030055129977E-009   5.1226020993564224E-009
   6.5980410000000012        3.5458432716757221E-011   1.1704271393037530E-010   3.1746215447933421E-010   6.6680499857702151E-010   1.2963186735275750E-009   3.5410691864916921E-009   7.0521558097732250E-009
   6.6643530000000002        6.4872305325867011E-011   2.0732772650510522E-010   5.0228763817495208E-010   9.3219363810754491E-010   1.5620137716508040E-009   3.0206507036862114E-009   4.8834880128386379E-009
   6.7313310000000008        3.7534533767509916E-010   7.7071761217536156E-010   1.3656494493254710E-009   2.0248942907738270E-009   2.8472310024662706E-009   3.8310700272072728E-009   4.8954215453889823E-009
   6.7989830000000007        3.0893865871400965E-010   6.7078610326105132E-010   1.2663978183328480E-009   1.9496718730932760E-009   2.7928367359963457E-009   3.7925070096268690E-009   5.0243400065552625E-009
   6.8673140000000004        3.4422346341392740E-010   7.3114115915364019E-010   1.3530903901435737E-009   2.0815545929334952E-009   2.9537991567860500E-009   4.0318539919610063E-009   5.3319691860288602E-009
   6.9363330000000003        1.0664394599911901E-009   1.9525938642565362E-009   2.9667614402794195E-009   4.0251204011585558E-009   5.3113381981137584E-009   6.7873430299884951E-009   8.6583425256936150E-009
   7.0060440000000010        6.5113589260095837E-010   1.2508408788037171E-009   2.1021005193330317E-009   3.0344965929110435E-009   4.1570773941546995E-009   5.5028199825723205E-009   6.7702593232739858E-009
   7.0764570000000004        1.7587091677070597E-009   3.1111075588862012E-009   4.3750212774801167E-009   5.6731872902394821E-009   7.2293878040864609E-009   8.9449096428299093E-009   1.1045092541074588E-008
   7.1475770000000001        1.6026986461215679E-009   2.8533315702981530E-009   4.1076058521635988E-009   5.4157162384135604E-009   6.9298853382685322E-009   8.6383887689302169E-009   1.0799351235148324E-008
   7.2194120000000011        2.9621433655193990E-009   4.7744524191163439E-009   6.4357176132784473E-009   8.0957447848321859E-009   9.9923139310498507E-009   1.2072675811398216E-008   1.4766822207160838E-008
   7.2919690000000008        3.0498700692050882E-009   4.9783299000310127E-009   6.6791889323764402E-009   8.4040669647537863E-009   1.0435563004255664E-008   1.2572962362614468E-008   1.5420490614925223E-008
   7.3652550000000012        8.1439602390868603E-009   1.0459700622811957E-008   1.2813763418712679E-008   1.5319444866374722E-008   1.8208792728853575E-008   2.1169633092585528E-008   2.5483407079843795E-008
   7.4392779999999998        1.1937516871967090E-008   1.4182436779645579E-008   1.6860019288747159E-008   1.9705242491319355E-008   2.3082483357786869E-008   2.6371526328146315E-008   3.1337895959132810E-008
   7.5140440000000002        2.1674423220448343E-008   2.4013929862816949E-008   2.7256023166699085E-008   3.0653286387286315E-008   3.4756707173651946E-008   3.8971315194874068E-008   4.4722814119986475E-008
   7.5895620000000008        1.6019504897503873E-008   1.8370984296775593E-008   2.1350771087191851E-008   2.4452883534257750E-008   2.8193869273873398E-008   3.1796977532777966E-008   3.7187778672997221E-008
   7.6658390000000001        3.2558867024872244E-008   4.7624825541318777E-008   5.5389297116958600E-008   5.9697874070274647E-008   6.4141409469531121E-008   6.8904398555178872E-008   7.6525650499019449E-008
   7.7428830000000000        3.4016150022391607E-008   4.1579040157869118E-008   4.5664114695050091E-008   4.9405094039688584E-008   5.3256092652607605E-008   5.7610830970200237E-008   6.4746109148854435E-008
   7.8207009999999997        4.0540481397011756E-008   4.7266559460846900E-008   5.2460290271233510E-008   5.7102124936825226E-008   6.1907351526209361E-008   6.7429436798323597E-008   7.5884936597967661E-008
   7.8993010000000004        2.7842596066869168E-008   3.2076460835795305E-008   3.6041068821648720E-008   4.0212777410432047E-008   4.5189313759929120E-008   5.0179162804897744E-008   5.6872612931727147E-008
   7.9786910000000013        8.2230501952274812E-008   9.5667169557808674E-008   1.0491601696540794E-007   1.1124757832131923E-007   1.1791202670750741E-007   1.2418290301740297E-007   1.3365318405773275E-007
   8.0588790000000010        1.0989496131842777E-007   1.2735288712453987E-007   1.3763952787471167E-007   1.4510659734510790E-007   1.5178728798291918E-007   1.5863536731138466E-007   1.6587934592917302E-007
   8.1398720000000022        1.5279855137614290E-007   1.7315752154234496E-007   1.8342553358440405E-007   1.9267368320957391E-007   2.0030351999076517E-007   2.0826695095350343E-007   2.1667137869318213E-007
   8.2216799999999992        1.1643838323871262E-007   1.2617899702993771E-007   1.3351744015024387E-007   1.4122122372850766E-007   1.4956327337517324E-007   1.5852742548982540E-007   1.6796392498383628E-007
   8.3043099999999992        2.0854176388262337E-007   2.2926140447834162E-007   2.4022746742634403E-007   2.5022781548714289E-007   2.6007393180264471E-007   2.7035955151430894E-007   2.8255013345387356E-007
   8.3877710000000008        2.0339930228561402E-007   2.1804432029010165E-007   2.2702569834994483E-007   2.3558400950530249E-007   2.4471626657691281E-007   2.5472525987143249E-007   2.6540819884551117E-007
   8.4720700000000004        1.8667485649202392E-007   2.0056359647541883E-007   2.0961746581911012E-007   2.1876383461875515E-007   2.2813063405151529E-007   2.3891712674336054E-007   2.5014324207953951E-007
   8.5572160000000004        2.2942116727845419E-007   2.5101446362373660E-007   2.6340158655025899E-007   2.7410128066244497E-007   2.8581521141740036E-007   2.9873249268982386E-007   3.1323024473762963E-007
   8.6432179999999992        3.6221090463283283E-007   3.9083047911057925E-007   4.1503681909120305E-007   4.4097363247785740E-007   4.6489198355989801E-007   4.8661495859399697E-007   5.1258886826708255E-007
   8.7300850000000008        3.2908011679013020E-007   3.5938173012767710E-007   3.7603971452241556E-007   3.9025378229369014E-007   4.0537259657788603E-007   4.2157242431783793E-007   4.4133721802859792E-007
   8.8178239999999999        3.1713943614779122E-007   3.4715473090493230E-007   3.6641785725881624E-007   3.8338018855059553E-007   4.0091996662491253E-007   4.1896566137518963E-007   4.3950886603284451E-007
   8.9064460000000008        3.8317841803115975E-007   4.1244899126119877E-007   4.3599211214714806E-007   4.5787705957004385E-007   4.7974589546418144E-007   4.9994184332262556E-007   5.2234893019379891E-007
   8.9959579999999999        3.2147032925111965E-007   3.4260474389939542E-007   3.5193588809767171E-007   3.6168781291205698E-007   3.7163582263327322E-007   3.8260063641360378E-007   3.9203345782619746E-007
   9.0863689999999995        2.0568921430188301E-007   2.1239712120087271E-007   2.1850490954600268E-007   2.2432271609240221E-007   2.3009175863816973E-007   2.3677525570404039E-007   2.4285222327678294E-007
   9.1776900000000001        9.9589252776289689E-008   1.0316919333176486E-007   1.0676388789869060E-007   1.1095413050924573E-007   1.1566218233355770E-007   1.2127066392707308E-007   1.2771065092102416E-007
   9.2699280000000002        7.8230221668883165E-008   8.1773522187204235E-008   8.5613042279965109E-008   8.9624362848037183E-008   9.4046406638948780E-008   9.9203155005248400E-008   1.0394299331272305E-007
   9.3630929999999992        1.1049359646171235E-007   1.1468360151491290E-007   1.1889427526947452E-007   1.2370289605759445E-007   1.2906271512260971E-007   1.3549081752577495E-007   1.4313424552187349E-007
   9.4571939999999994        1.0761672178653902E-007   1.1217639405763704E-007   1.1650363540540135E-007   1.2140924207974837E-007   1.2691627566299250E-007   1.3367714603632955E-007   1.4099869872049614E-007
   9.5522419999999997        1.1515488410800053E-007   1.2011387087527752E-007   1.2426769501755917E-007   1.2926366277740867E-007   1.3488293521402197E-007   1.4164709367358560E-007   1.4904579395181994E-007
   9.6482440000000000        1.5231334362654235E-007   1.5753991189276353E-007   1.6248617685175904E-007   1.6867281515046575E-007   1.7541001696593256E-007   1.8459389664498513E-007   1.9286772343790201E-007
   9.7452110000000012        2.1777287278408912E-007   2.2479728175397339E-007   2.3191788863350734E-007   2.4039969326082596E-007   2.4919601767587034E-007   2.5973834506411044E-007   2.6755078608263439E-007
   9.8431530000000009        3.1355252663001215E-007   3.2021899685625036E-007   3.2622440961712610E-007   3.3128263661819479E-007   3.3637399716968646E-007   3.4200311103326402E-007   3.4722077978956888E-007
   9.9420790000000014        4.3778490038138032E-007   4.4779573320756114E-007   4.5947123080176776E-007   4.7134517173833787E-007   4.8272569977196063E-007   4.9305605666432692E-007   5.0122953920232225E-007
   10.042000000000000        3.5112312479344947E-007   3.6145857528074084E-007   3.7133159650915203E-007   3.8036886265514612E-007   3.8816607598843093E-007   3.9604828213717171E-007   4.0287303789179394E-007
   10.142920000000000        1.9393481978319440E-007   2.0203243532191356E-007   2.0808503883616875E-007   2.1522620309303251E-007   2.2422408249932919E-007   2.3541223609156389E-007   2.4767705613970000E-007
   10.244860000000001        1.4524734863139259E-007   1.5080336959519043E-007   1.5640106078069881E-007   1.6203617724632045E-007   1.6830866916663803E-007   1.7511979661960494E-007   1.8498743662104194E-007
   10.347830000000000        1.8474157360014808E-007   1.9197195624318395E-007   1.9946667418394896E-007   2.0556645276949870E-007   2.1190273530412269E-007   2.1845895925747789E-007   2.2530838706593669E-007
   10.451820000000000        2.0567454705725910E-007   2.1148144773741478E-007   2.1708384935859198E-007   2.2273393744225827E-007   2.2962406401560562E-007   2.3765389514826272E-007   2.4696736904281146E-007
   10.556870000000000        1.6191204666635945E-007   1.6665131533015870E-007   1.7223226264387665E-007   1.7777373618862429E-007   1.8413041147880835E-007   1.9108494278395959E-007   2.0098173155670920E-007
   10.662970000000000        1.9370860811752552E-007   1.9857153284118067E-007   2.0408842051394953E-007   2.1008354495341288E-007   2.1706975668782970E-007   2.2607092159301393E-007   2.3430334806292070E-007
   10.770130000000002        2.4420130871857787E-007   2.5374738493252270E-007   2.6237733243632473E-007   2.7134716507092534E-007   2.7876973960320886E-007   2.8519102131694673E-007   2.9141345730671490E-007
   10.878380000000000        2.7355063619049484E-007   2.8061906162869212E-007   2.8605805216254619E-007   2.9210273383612066E-007   2.9946436503770796E-007   3.0766809458610346E-007   3.1652055325952346E-007
   10.987710000000002        2.8636294911099460E-007   2.9154811235926073E-007   2.9605236491934400E-007   3.0151355881703019E-007   3.0675459252581026E-007   3.1262834814143322E-007   3.2126684576307754E-007
   11.098140000000003        3.9949997466008876E-007   4.0825761201502096E-007   4.1678992097801599E-007   4.2523767760707402E-007   4.3465700178404210E-007   4.4609733825679311E-007   4.5444313417853482E-007
   11.209670000000001        4.3564132101931069E-007   4.3937452055760754E-007   4.4242062770529237E-007   4.4506224647301278E-007   4.4816552364548822E-007   4.5204784839132070E-007   4.5605490634514255E-007
   11.322330000000001        4.3953428003403350E-007   4.4349227107336405E-007   4.4842290527194384E-007   4.5361564741165594E-007   4.5901003066387677E-007   4.6522582216792256E-007   4.7776595817775809E-007
   11.436130000000002        5.1630489540119250E-007   5.1880911861132343E-007   5.2137579845404013E-007   5.2366569510508569E-007   5.2678591863157035E-007   5.3246152340881088E-007   5.3737866362284983E-007
   11.551060000000000        4.6056928332758707E-007   4.6112120909891395E-007   4.6177277393322261E-007   4.6248348195316196E-007   4.6322563349682473E-007   4.6385896316397920E-007   4.6477535562244104E-007
   11.667149999999999        3.9756750568524381E-007   4.0606061950722095E-007   4.1839453021504419E-007   4.2971795177616831E-007   4.4122393280311926E-007   4.5215874762445921E-007   4.6151352273308804E-007
   11.784409999999999        4.2564122135968849E-007   4.2938305387611191E-007   4.3491709876785161E-007   4.4057633475337464E-007   4.4579615166777187E-007   4.5162752058795541E-007   4.5778487403188403E-007
   11.902850000000001        3.9503350691894279E-007   3.9826610942161970E-007   4.0221838280538621E-007   4.0667614954270750E-007   4.1198220501576441E-007   4.1862256594434778E-007   4.2712915748520514E-007
   12.022470000000000        3.5628034547180730E-007   3.6106573208617260E-007   3.6516890070874117E-007   3.7037655250528083E-007   3.7629173225512762E-007   3.8252390492684345E-007   3.8897824343978995E-007
   12.143300000000000        3.6342165114324207E-007   3.7104939981027941E-007   3.7805375812280051E-007   3.8540447741666963E-007   3.9490497787823904E-007   4.0545956440295627E-007   4.1893352491645670E-007
   12.265350000000000        2.7437568577726794E-007   2.8312256363803825E-007   2.9020431788778104E-007   2.9772929436245004E-007   3.0554513790423744E-007   3.1511378408807436E-007   3.3166840666126877E-007
   12.388620000000001        2.4006457661063343E-007   2.4745583491041022E-007   2.5500098990199430E-007   2.6375199656968890E-007   2.7313476501744357E-007   2.8391532412688061E-007   2.9981975445691959E-007
   12.513130000000000        1.9555574375522408E-007   2.0395696072270264E-007   2.1536579625298928E-007   2.2617244460095028E-007   2.3939656428065612E-007   2.5321799702502112E-007   2.6614580327049378E-007
   12.638890000000000        1.6668266753359872E-007   1.7628068024445108E-007   1.8368108774252349E-007   1.9127282391171237E-007   2.0021405162731638E-007   2.0941918767613719E-007   2.1858318762228817E-007
   12.765910000000002        1.9888244402343665E-007   2.0773349122985881E-007   2.1516074085675756E-007   2.2427689568152629E-007   2.3486078107971657E-007   2.4694795455155325E-007   2.5740653548643191E-007
   12.894209999999999        1.6772037892507236E-007   1.7577743455280548E-007   1.8513215765669631E-007   1.9492617379194825E-007   2.0682986525515715E-007   2.1944623177943390E-007   2.2907519598442127E-007
   13.023800000000001        1.3437793245138955E-007   1.4597990640124090E-007   1.5566275342297063E-007   1.6507625564416579E-007   1.7605173048574017E-007   1.8799151528887510E-007   1.9791598181008632E-007
   13.154690000000000        1.1821389470947351E-007   1.3107250977649360E-007   1.4188467750740754E-007   1.5158702987427278E-007   1.6256021774779125E-007   1.7434671724524743E-007   1.8565928892444638E-007
   13.286899999999999        6.9522866436949301E-008   8.6239673602089166E-008   9.8520867602778827E-008   1.0984918388441263E-007   1.2186458517960996E-007   1.3317996767083735E-007   1.4364147237298281E-007
   13.420439999999999        4.7315838951693264E-008   6.3623745168019443E-008   7.8209216721368024E-008   9.1339399724986484E-008   1.0491668787763587E-007   1.1863113582499098E-007   1.2960141953681370E-007
   13.555320000000000        2.7782642145584645E-008   4.1882558288314468E-008   5.5774512669912407E-008   7.1186849943282541E-008   8.4710147973252807E-008   1.0009836821358136E-007   1.1357200679422631E-007
   13.691549999999999        2.7477514692425158E-008   4.1570169214898809E-008   5.6147517415598015E-008   7.1875940973406976E-008   8.5981001487485141E-008   1.0163620188708016E-007   1.1555138446286956E-007
   13.829150000000002        2.3759569237467233E-008   3.6989745127719787E-008   5.0345491855216106E-008   6.6164569762867461E-008   8.0144406740120842E-008   9.6512134195679719E-008   1.0743306858419676E-007
   13.968140000000002        2.1784893018439532E-008   3.4603335879952492E-008   4.8739167429823786E-008   6.5435035208410363E-008   8.0068586836705850E-008   9.6867309550677982E-008   1.1019850449309263E-007
   14.108520000000002        1.2665692003217615E-008   2.1764550788295658E-008   3.4769665752278027E-008   5.1737320281305437E-008   6.7622964597869826E-008   8.5961720010264136E-008   9.7770304069356433E-008
   14.250320000000002        6.1990671883074113E-009   1.2086354990329675E-008   2.1793744172487977E-008   3.9147049769301838E-008   5.7188454267099520E-008   7.5644050439872847E-008   8.9941884283868205E-008
   14.393540000000002        2.2784036603574707E-009   6.2772201672747899E-009   1.4333093577547827E-008   3.1363340143737915E-008   5.0826882689747549E-008   7.1307610289622303E-008   9.0977470264525470E-008
   14.538200000000000        3.2230955087397976E-010   2.0444578774017763E-009   8.0282372776155417E-009   2.4963844702276255E-008   4.5673097924346987E-008   6.9569000143167513E-008   9.4508823819451539E-008
   14.684310000000000        1.1730071380166948E-011   5.4241374322603841E-010   4.6522525617914856E-009   2.0479379624425770E-008   4.2483023838898071E-008   7.0809254009679565E-008   9.7994961188577806E-008
   14.831890000000000        3.0018065223702952E-012   3.4020279122334703E-010   3.8168410167420737E-009   1.9904889401137016E-008   4.2929029183136106E-008   7.2723307111275642E-008   1.0034481760512647E-007
   14.980950000000000        4.6021996501891123E-012   2.1811016957912282E-010   3.6811046893473678E-009   2.0333192346132588E-008   4.9522477527126068E-008   9.1732905852561708E-008   1.3388629827064464E-007
   15.131520000000000        9.9253805895024712E-012   5.7356438617043650E-010   4.8277503872539989E-009   2.2871251585758637E-008   4.6727909534355480E-008   7.5687155685626956E-008   1.0421634198780326E-007
   15.283590000000002        4.0714770187951941E-011   1.0500473353680064E-009   6.6063327618012286E-009   2.5720722790455411E-008   5.0242004253515799E-008   7.7999037471007862E-008   1.0627919030368312E-007
   15.437190000000001        7.2066494517158577E-010   3.5398104180904658E-009   1.1833571897496863E-008   3.2256429403200755E-008   5.5802674695673740E-008   8.0383443511920989E-008   1.0735353359815795E-007
   15.592340000000000        4.7089407594061242E-009   1.0823405350539242E-008   2.1700591846419205E-008   4.2776841434168898E-008   6.5286048892230316E-008   8.8109267631372669E-008   1.0803685298302586E-007
   15.749050000000002        1.2679247360378648E-008   2.2309086034590962E-008   3.7009199129935970E-008   5.8328024137148861E-008   7.9203004781219704E-008   1.0069434649537139E-007   1.1586324857802847E-007
   15.907330000000000        2.3198660458528530E-008   3.7138334691400277E-008   5.4734456766422078E-008   7.6728931388623560E-008   9.5822499092331415E-008   1.1816452118520912E-007   1.3111256099656532E-007
   15.993430000000000        2.9416267606651071E-008   4.5968900452748442E-008   6.3789952314617195E-008   8.5605113695638769E-008   1.0444356308209603E-007   1.2535621309170289E-007   1.3954473992496723E-007
