   6.0301510000000009        2.9540676595393961E-010   3.6572095669989821E-010   4.0522436842867080E-010
   6.0907549999999997        3.5572708238405234E-010   3.7585597736576058E-010   4.6579841390116858E-010
   6.1519690000000002        4.2614173540907779E-010   3.0802130780801220E-010   4.8809699981853444E-010
   6.2137979999999997        1.5720201012405938E-009   5.3430119903718325E-010   1.6959566578796882E-009
   6.2762479999999998        2.8474234865024501E-009   8.9706337174781808E-010   3.0276044101298895E-009
   6.3393259999999998        1.5323404444535617E-009   5.7436084140817779E-010   1.6548406926237741E-009
   6.4030379999999996        5.6344129263262082E-010   4.8058200109284489E-010   6.8899163743833371E-010
   6.4673900000000000        6.3108230546804246E-010   5.4621141296941916E-010   7.8103086491449689E-010
   6.5323890000000011        5.7366205678061154E-010   6.3788956260361205E-010   7.5180586893923125E-010
   6.5980410000000012        6.3532496812127611E-010   8.4577764440021951E-010   8.8794989830216246E-010
   6.6643530000000002        8.8735553916799094E-010   6.7094217476714331E-010   1.0597655761379013E-009
   6.7313310000000008        1.9408920088926744E-009   7.5561143460877099E-010   2.0990998908953701E-009
   6.7989830000000007        1.8787854941475025E-009   7.7081000388233493E-010   2.0223632884242917E-009
   6.8673140000000004        1.9786299836122309E-009   8.1674340896133361E-010   2.1530693552066016E-009
   6.9363330000000003        3.8796051332269085E-009   1.2230996558627410E-009   4.1452917156207339E-009
   7.0060440000000010        2.9003974288419099E-009   1.0480755488022057E-009   3.1253735171677202E-009
   7.0764570000000004        5.4639742231653686E-009   1.4720804004809187E-009   5.7911926043645496E-009
   7.1475770000000001        5.2516456383884869E-009   1.4714641518406167E-009   5.5302118491992811E-009
   7.2194120000000011        7.8632464047949177E-009   1.8286198074320023E-009   8.2041711258573154E-009
   7.2919690000000008        8.1394430068533120E-009   1.9186730003632978E-009   8.5134284037550649E-009
   7.3652550000000012        1.4862300341626284E-008   2.7468280483068634E-009   1.5476674959942838E-008
   7.4392779999999998        1.9188381500813655E-008   3.1282388735695487E-009   1.9915037487257528E-008
   7.5140440000000002        3.0144730283811302E-008   3.8069899636723185E-009   3.0960871960108951E-008
   7.5895620000000008        2.3914046032072975E-008   3.4419393273415109E-009   2.4700011151272180E-008
   7.6658390000000001        6.0775511821284986E-008   5.1141761207024930E-009   5.9569139156563271E-008
   7.7428830000000000        4.9710466479357454E-008   3.9743225405083349E-009   4.9457847594644366E-008
   7.8207009999999997        5.7616086247417535E-008   4.9790140191130608E-009   5.7103139058466892E-008
   7.8993010000000004        3.9739112039725348E-008   4.6213384510261449E-009   4.0507105042135578E-008
   7.9786910000000013        1.1328293631006830E-007   7.0567921311628358E-009   1.1125864007384296E-007
   8.0588790000000010        1.4720622054235817E-007   7.8071555062164145E-009   1.4461785405469004E-007
   8.1398720000000022        1.9560029449128645E-007   8.9104585039442575E-009   1.9202542389420786E-007
   8.2216799999999992        1.4160686564586709E-007   7.9822448841516019E-009   1.4148874560431865E-007
   8.3043099999999992        2.5447981026701966E-007   1.0350869142920474E-008   2.5010633575240952E-007
   8.3877710000000008        2.3871949359721061E-007   9.2861069809900468E-009   2.3574319669164080E-007
   8.4720700000000004        2.2020419408182213E-007   9.5970576296394596E-009   2.1896166160878364E-007
   8.5572160000000004        2.7930027173119102E-007   1.1765403001070520E-008   2.7443601638359752E-007
   8.6432179999999992        4.5278601041225305E-007   2.4144064035009223E-008   4.4024662497615547E-007
   8.7300850000000008        3.9649145697567979E-007   1.5311724813957783E-008   3.9016035941966552E-007
   8.8178239999999999        3.9267772212281230E-007   1.7628478117644688E-008   3.8362190872886346E-007
   8.9064460000000008        4.6920973194811758E-007   2.1824494065733144E-008   4.5767980287182912E-007
   8.9959579999999999        3.6083395561437950E-007   1.0113503541136709E-008   3.6184031826225295E-007
   9.0863689999999995        2.2365466316187133E-007   5.9199545122035021E-009   2.2428679235300872E-007
   9.1776900000000001        1.1035297501114232E-007   4.5208340106690091E-009   1.1121820875854325E-007
   9.2699280000000002        8.8721007665510838E-008   4.2634916452000788E-009   8.9821333373727636E-008
   9.3630929999999992        1.2329812048439541E-007   5.2140738593417361E-009   1.2398478553138185E-007
   9.4571939999999994        1.2067594133492232E-007   5.3054625334045165E-009   1.2167078711983211E-007
   9.5522419999999997        1.2872620148106484E-007   5.3701140891457950E-009   1.2959627469715897E-007
   9.6482440000000000        1.6869943522116068E-007   6.7338713019156473E-009   1.6912656998040768E-007
   9.7452110000000012        2.4076437204448540E-007   8.8074684879935540E-009   2.4065913525627228E-007
   9.8431530000000009        3.3162493312530794E-007   5.2966202286585027E-009   3.3120214246697973E-007
   9.9420790000000014        4.7480889850072101E-007   1.1539372680724425E-008   4.7120793771943101E-007
   10.042000000000000        3.8225587280367486E-007   8.6104047165504934E-009   3.7981239013438628E-007
   10.142920000000000        2.1487293254389583E-007   8.3401315738552589E-009   2.1604187739189308E-007
   10.244860000000001        1.6065981162491837E-007   6.0413844436679103E-009   1.6231206473189009E-007
   10.347830000000000        2.0995654819734206E-007   6.4211667998881878E-009   2.0565332181278123E-007
   10.451820000000000        2.2248353605416652E-007   6.4787395801509759E-009   2.2332424757311810E-007
   10.556870000000000        1.7637655314009283E-007   6.0700900418852015E-009   1.7813772373207213E-007
   10.662970000000000        2.0894737030194961E-007   6.7944847856196662E-009   2.1050197054611323E-007
   10.770130000000002        2.7883410233978739E-007   8.0017466458166984E-009   2.7080236836694275E-007
   10.878380000000000        2.9140381344430636E-007   6.7858946524597025E-009   2.9270035169591372E-007
   10.987710000000002        2.9979883255687972E-007   5.4219998987774631E-009   3.0155202539325181E-007
   11.098140000000003        4.2406110878089719E-007   9.1987622193133956E-009   4.2572315032593158E-007
   11.209670000000001        4.4523316648921242E-007   3.0740210671688855E-009   4.4525103485298207E-007
   11.322330000000001        4.5136026897666250E-007   5.5364337122205497E-009   4.5378843349908830E-007
   11.436130000000002        5.2320909788624516E-007   3.1571432234179157E-009   5.2412152077494580E-007
   11.551060000000000        4.6282922388071506E-007   7.0858276976543720E-010   4.6249257275803342E-007
   11.667149999999999        4.2646634516497423E-007   1.1336334497215300E-008   4.2980082807778132E-007
   11.784409999999999        4.3953732957085042E-007   5.4651566662555763E-009   4.4055003321839847E-007
   11.902850000000001        4.0546191244902771E-007   5.1865612367549701E-009   4.0705399968039444E-007
   12.022470000000000        3.7003864938414063E-007   5.5552600535790551E-009   3.7077670729805047E-007
   12.143300000000000        3.8501920841889419E-007   8.4712154758659711E-009   3.8625658163178092E-007
   12.265350000000000        2.9543743637901037E-007   7.9137492902027009E-009   2.9798875639178887E-007
   12.388620000000001        2.6112824805423987E-007   9.2231135359219302E-009   2.6419916719927704E-007
   12.513130000000000        2.2357818061216673E-007   1.2135863939455724E-008   2.2708592380947936E-007
   12.638890000000000        1.8935570925497327E-007   8.4518939967995153E-009   1.9182491062087571E-007
   12.765910000000002        2.2142820054854703E-007   9.9784020286647704E-009   2.2505368732704615E-007
   12.894209999999999        1.9189934867785255E-007   1.0981529277581262E-008   1.9574301719329463E-007
   13.023800000000001        1.6257496709002605E-007   1.0589946812203604E-008   1.6574530640098731E-007
   13.154690000000000        1.4968532284573284E-007   1.0787686479658594E-008   1.5212688036236997E-007
   13.286899999999999        1.0967408581755401E-007   1.1892938561881082E-008   1.0997329025059403E-007
   13.420439999999999        9.2407270544476909E-008   1.3458594840103015E-008   9.1393326988426047E-008
   13.555320000000000        7.3616275137774654E-008   1.4489132966032372E-008   7.0616283442899853E-008
   13.691549999999999        7.4570090263339877E-008   1.4931133752217624E-008   7.1382000554090160E-008
   13.829150000000002        6.9396880742621549E-008   1.4840789431970770E-008   6.5716405580252010E-008
   13.968140000000002        6.9017076779456486E-008   1.5674632889370865E-008   6.4905155751318506E-008
   14.108520000000002        5.7439152546711683E-008   1.6259335740197887E-008   5.1860072253729089E-008
   14.250320000000002        4.7206165968929117E-008   1.6773165999731038E-008   3.9934704758751029E-008
   14.393540000000002        4.1458179780085502E-008   1.7234109028225420E-008   3.2692370830155926E-008
   14.538200000000000        3.7718599644501364E-008   1.8130366794272931E-008   2.7190002375104088E-008
   14.684310000000000        3.6084438737929910E-008   1.8851635261258659E-008   2.3868069750209734E-008
   14.831890000000000        3.6628023184915875E-008   1.9522043595710637E-008   2.3490667701206552E-008
   14.980950000000000        3.2749202897779077E-008   2.4260851872439833E-008   2.6452678175420972E-008
   15.131520000000000        4.0348380265342071E-008   2.0609764873592732E-008   2.6285648086987638E-008
   15.283590000000002        4.2367429115043710E-008   2.1011931920305143E-008   2.8693607764717997E-008
   15.437190000000001        4.6193031004334488E-008   2.0852694946100035E-008   3.4176233697210917E-008
   15.592340000000000        5.4580819795654631E-008   2.0543476319429204E-008   4.3974509424244592E-008
   15.749050000000002        6.7130890810800946E-008   2.0302986249077647E-008   5.8637261568121884E-008
   15.907330000000000        8.3037520523085340E-008   2.0307877386815386E-008   7.6191530223782505E-008
   15.993430000000000        9.0900633259518434E-008   2.0022026320546520E-008   8.4802158534066328E-008
