   6.0301510000000009        6.6752714831323409E-011   8.2641528712424853E-011   9.1568067579873438E-011
   6.0907549999999997        8.1887905949302521E-011   8.6521551068697620E-011   1.0722618152444379E-010
   6.1519690000000002        9.9933657606556417E-011   7.2233469177715061E-011   1.1446266442743203E-010
   6.2137979999999997        3.7555285646810710E-010   1.2764362323000511E-010   4.0516108337939234E-010
   6.2762479999999998        6.9297992787508304E-010   2.1831909218981807E-010   7.3683071580729323E-010
   6.3393259999999998        3.7990929898937225E-010   1.4239983380725770E-010   4.1028047634543646E-010
   6.4030379999999996        1.4230815950938935E-010   1.2138041879982479E-010   1.7401836379986525E-010
   6.4673900000000000        1.6237679204382152E-010   1.4053960354651179E-010   2.0095839359332062E-010
   6.5323890000000011        1.5038992701412295E-010   1.6722766240005275E-010   1.9709169958542298E-010
   6.5980410000000012        1.6974741250628392E-010   2.2597658504929352E-010   2.3724425331138262E-010
   6.6643530000000002        2.4162948195642172E-010   1.8269949637515920E-010   2.8857723410116837E-010
   6.7313310000000008        5.3864045441903412E-010   2.0969888310998397E-010   5.8254664037073019E-010
   6.7989830000000007        5.3139884540322022E-010   2.1801719640920650E-010   5.7200862993790776E-010
   6.8673140000000004        5.7036656761128870E-010   2.3543721597605903E-010   6.2065105053968008E-010
   6.9363330000000003        1.1397866846185406E-009   3.5933365738031570E-010   1.2178425739410719E-009
   7.0060440000000010        8.6844097265762856E-010   3.1381621703612291E-010   9.3580362131657149E-010
   7.0764570000000004        1.6673957533650375E-009   4.4922258197474321E-010   1.7672502762727979E-009
   7.1475770000000001        1.6333264305283273E-009   4.5764346192895933E-010   1.7199639506693442E-009
   7.2194120000000011        2.4924551878763480E-009   5.7962738175266606E-010   2.6005199166083797E-009
   7.2919690000000008        2.6294711083718383E-009   6.1983298078510913E-010   2.7502881956440390E-009
   7.3652550000000012        4.8933728231107332E-009   9.0438582267758841E-010   5.0956540306879337E-009
   7.4392779999999998        6.4401372295672931E-009   1.0499211531624291E-009   6.6840225343902294E-009
   7.5140440000000002        1.0313959330418625E-008   1.3025540214474829E-009   1.0593200576830223E-008
   7.5895620000000008        8.3411263146324881E-009   1.2005350603637723E-009   8.6152678935749961E-009
   7.6658390000000001        2.1610171384069439E-008   1.8184663385753723E-009   2.1181217036233557E-008
   7.7428830000000000        1.8019209485187855E-008   1.4406251940697792E-009   1.7927639380822639E-008
   7.8207009999999997        2.1290714659611383E-008   1.8398814232525643E-009   2.1101166688780824E-008
   7.8993010000000004        1.4970059769282800E-008   1.7408972992851081E-009   1.5259369231884265E-008
   7.9786910000000013        4.3503988477559809E-008   2.7100162969147662E-009   4.2726599022409445E-008
   8.0588790000000010        5.7630217266566391E-008   3.0564473865264133E-009   5.6616889687743641E-008
   8.1398720000000022        7.8064453059734662E-008   3.5561810958973682E-009   7.6637715341133188E-008
   8.2216799999999992        5.7615877628339187E-008   3.2477524472213841E-009   5.7567817883296162E-008
   8.3043099999999992        1.0555756914098708E-007   4.2935138315164722E-009   1.0374346318901443E-007
   8.3877710000000008        1.0094910041143922E-007   3.9268856176322052E-009   9.9690491444709737E-008
   8.4720700000000004        9.4933366388508296E-008   4.1374370365882139E-009   9.4397691802452200E-008
   8.5572160000000004        1.2275625773125153E-007   5.1710541996947227E-009   1.2061835152937537E-007
   8.6432179999999992        2.0288249377141622E-007   1.0818372936786463E-008   1.9726389750489231E-007
   8.7300850000000008        1.8111942896764468E-007   6.9944782063333314E-009   1.7822734956994403E-007
   8.8178239999999999        1.8287202542141552E-007   8.2096725045749856E-009   1.7865468676457162E-007
   8.9064460000000008        2.2277077336732423E-007   1.0361804306973636E-008   2.1729660895361743E-007
   8.9959579999999999        1.7465418368317167E-007   4.8952313873747550E-009   1.7514129262627143E-007
   9.0863689999999995        1.1036469081712466E-007   2.9212623611514545E-009   1.1067662145943802E-007
   9.1776900000000001        5.5539635821386033E-008   2.2752941145097438E-009   5.5975099996467564E-008
   9.2699280000000002        4.5552025051991062E-008   2.1890044234315609E-009   4.6116965256627029E-008
   9.3630929999999992        6.4580317194261737E-008   2.7309949445110452E-009   6.4939974311226675E-008
   9.4571939999999994        6.4480311768967064E-008   2.8348473974861638E-009   6.5011883892320092E-008
   9.5522419999999997        7.0167574971674653E-008   2.9272042414147579E-009   7.0641844599137236E-008
   9.6482440000000000        9.3809399170403582E-008   3.7445319250499434E-009   9.4046917779030030E-008
   9.7452110000000012        1.3658041152193461E-007   4.9962860382613855E-009   1.3652071297218934E-007
   9.8431530000000009        1.9191420550460551E-007   3.0651997528138927E-009   1.9166953290860022E-007
   9.9420790000000014        2.8031268781988295E-007   6.8124935781596023E-009   2.7818679043564073E-007
   10.042000000000000        2.3021962033190727E-007   5.1857518635597497E-009   2.2874799440688179E-007
   10.142920000000000        1.3201823550560010E-007   5.1241887064578725E-009   1.3273643688354449E-007
   10.244860000000001        1.0069878498723980E-007   3.7866350455985105E-009   1.0173438859389595E-007
   10.347830000000000        1.3424924451925448E-007   4.1057866459438267E-009   1.3149769951585818E-007
   10.451820000000000        1.4512583784321854E-007   4.2260767983682164E-009   1.4567423331434450E-007
   10.556870000000000        1.1736905233528231E-007   4.0393164687826783E-009   1.1854101606686276E-007
   10.662970000000000        1.4184540988326434E-007   4.6124843685234698E-009   1.4290076132664142E-007
   10.770130000000002        1.9310325849719491E-007   5.5415149653870783E-009   1.8754097616327573E-007
   10.878380000000000        2.0587591287074723E-007   4.7942140485641635E-009   2.0679191322423121E-007
   10.987710000000002        2.1607594332366568E-007   3.9078329052761813E-009   2.1733953328736417E-007
   11.098140000000003        3.1179661982943731E-007   6.7635133409004878E-009   3.1301865817492002E-007
   11.209670000000001        3.3396149001491478E-007   2.3057686021551872E-009   3.3397489275720190E-007
   11.322330000000001        3.4538147590799178E-007   4.2364864127913847E-009   3.4723951061805713E-007
   11.436130000000002        4.0843092874004786E-007   2.4645499172613421E-009   4.0914319029922498E-007
   11.551060000000000        3.6857926103107483E-007   5.6428786296089207E-010   3.6831116512091801E-007
   11.667149999999999        3.4646729202628198E-007   9.2097985205255105E-009   3.4917627311753724E-007
   11.784409999999999        3.6428478762291531E-007   4.5294752039302160E-009   3.6512410776332846E-007
   11.902850000000001        3.4281785256775844E-007   4.3852350388621062E-009   3.4416396155851674E-007
   12.022470000000000        3.1917435612483677E-007   4.7916523143139419E-009   3.1981096303021594E-007
   12.143300000000000        3.3879078509530526E-007   7.4540949620821406E-009   3.3987958958371326E-007
   12.265350000000000        2.6520615060505166E-007   7.1039574802417579E-009   2.6749640118346088E-007
   12.388620000000001        2.3913354983806642E-007   8.4462554198518139E-009   2.4194580704076415E-007
   12.513130000000000        2.0887425965274038E-007   1.1337732459668575E-008   2.1215131138195873E-007
   12.638890000000000        1.8046909791906673E-007   8.0552400099862459E-009   1.8282241773624202E-007
   12.765910000000002        2.1529117359733672E-007   9.7018441104401821E-009   2.1881617764592263E-007
   12.894209999999999        1.9034262578119966E-007   1.0892445087434421E-008   1.9415511374899330E-007
   13.023800000000001        1.6450750052241402E-007   1.0715829822534830E-008   1.6771552575034103E-007
   13.154690000000000        1.5451858976859876E-007   1.1136015676169844E-008   1.5703898400056005E-007
   13.286899999999999        1.1549827482047528E-007   1.2524507281767712E-008   1.1581336835945626E-007
   13.420439999999999        9.9276812146955772E-008   1.4459104611901722E-008   9.8187492190327234E-008
   13.555320000000000        8.0683690892370039E-008   1.5880139593342972E-008   7.7395689670684457E-008
   13.691549999999999        8.3377071264048901E-008   1.6694551374624247E-008   7.9812457329084030E-008
   13.829150000000002        7.9157521413111438E-008   1.6928139920375432E-008   7.4959389042346960E-008
   13.968140000000002        8.0311857743475039E-008   1.8239817528276676E-008   7.5527012715635283E-008
   14.108520000000002        6.8187025305106785E-008   1.9301742598996117E-008   6.1564001248345929E-008
   14.250320000000002        5.7169418763656875E-008   2.0313281778954621E-008   4.8363255364960616E-008
   14.393540000000002        5.1220810962312522E-008   2.1292421551576323E-008   4.0390816844438381E-008
   14.538200000000000        4.7540434116918009E-008   2.2851471587555192E-008   3.4270214926733623E-008
   14.684310000000000        4.6397953418594317E-008   2.4239736720549272E-008   3.0689949108115801E-008
   14.831890000000000        4.8046735181435197E-008   2.5608001122752799E-008   3.0813835750212334E-008
   14.980950000000000        4.3825071424214491E-008   3.2465937245576964E-008   3.5399045100978665E-008
   15.131520000000000        5.5083348666004043E-008   2.8136318161738417E-008   3.5884997339809504E-008
   15.283590000000002        5.9006256267076663E-008   2.9263881841621040E-008   3.9962358074513216E-008
   15.437190000000001        6.5631808536436692E-008   2.9627847586852153E-008   4.8558147792929956E-008
   15.592340000000000        7.9113468273580146E-008   2.9777230684900759E-008   6.3739899276086185E-008
   15.749050000000002        9.9267118944689986E-008   3.0022228613050527E-008   8.6707504523940076E-008
   15.907330000000000        1.2526504117189615E-007   3.0635152410000314E-008   1.1493762229784421E-007
   15.993430000000000        1.3861298568657865E-007   3.0531281777353328E-008   1.2931351483013570E-007
