#  lambda [mu]          flux [Jy]
      6.030151     3.8468053E-010     0.0000000E+000
      6.090755     4.4804447E-010     0.0000000E+000
      6.151969     5.3342772E-010     0.0000000E+000
      6.213798     1.4755640E-009     0.0000000E+000
      6.276248     2.5026339E-009     0.0000000E+000
      6.339326     1.4764869E-009     0.0000000E+000
      6.403038     7.1143802E-010     0.0000000E+000
      6.467390     7.8202999E-010     0.0000000E+000
      6.532389     7.5227706E-010     0.0000000E+000
      6.598041     8.2373462E-010     0.0000000E+000
      6.664353     1.0717925E-009     0.0000000E+000
      6.731331     1.9508109E-009     0.0000000E+000
      6.798983     1.9449292E-009     0.0000000E+000
      6.867314     2.0504456E-009     0.0000000E+000
      6.936333     3.5884943E-009     0.0000000E+000
      7.006044     2.8616643E-009     0.0000000E+000
      7.076457     4.9460546E-009     0.0000000E+000
      7.147577     4.8405213E-009     0.0000000E+000
      7.219412     7.0619106E-009     0.0000000E+000
      7.291969     7.2683190E-009     0.0000000E+000
      7.365255     1.2988643E-008     0.0000000E+000
      7.439278     1.6810773E-008     0.0000000E+000
      7.514044     2.6788848E-008     0.0000000E+000
      7.589562     2.1108226E-008     0.0000000E+000
      7.665839     6.0560579E-008     0.0000000E+000
      7.742883     4.9423346E-008     0.0000000E+000
      7.820701     5.8751960E-008     0.0000000E+000
      7.899301     3.5881693E-008     0.0000000E+000
      7.978691     1.1491836E-007     0.0000000E+000
      8.058879     1.4872804E-007     0.0000000E+000
      8.139872     1.9679297E-007     0.0000000E+000
      8.221680     1.3383165E-007     0.0000000E+000
      8.304310     2.5422639E-007     0.0000000E+000
      8.387771     2.3476521E-007     0.0000000E+000
      8.472070     2.1216354E-007     0.0000000E+000
      8.557216     2.7814155E-007     0.0000000E+000
      8.643218     4.6158947E-007     0.0000000E+000
      8.730085     3.9358233E-007     0.0000000E+000
      8.817824     3.9405707E-007     0.0000000E+000
      8.906446     4.7223325E-007     0.0000000E+000
      8.995958     3.5977425E-007     0.0000000E+000
      9.086369     2.3022490E-007     0.0000000E+000
      9.177690     1.1380705E-007     0.0000000E+000
      9.269928     9.0484079E-008     0.0000000E+000
      9.363093     1.2771868E-007     0.0000000E+000
      9.457194     1.2508845E-007     0.0000000E+000
      9.552242     1.3313040E-007     0.0000000E+000
      9.648244     1.7590074E-007     0.0000000E+000
      9.745211     2.5092517E-007     0.0000000E+000
      9.843153     3.3142658E-007     0.0000000E+000
      9.942079     4.8344988E-007     0.0000000E+000
     10.042000     3.8847751E-007     0.0000000E+000
     10.142920     2.2368893E-007     0.0000000E+000
     10.244860     1.6299053E-007     0.0000000E+000
     10.347830     2.0413142E-007     0.0000000E+000
     10.451820     2.2677940E-007     0.0000000E+000
     10.556870     1.7879452E-007     0.0000000E+000
     10.662970     2.1395787E-007     0.0000000E+000
     10.770130     2.6545855E-007     0.0000000E+000
     10.878380     2.9576804E-007     0.0000000E+000
     10.987710     2.9548100E-007     0.0000000E+000
     11.098140     4.3381027E-007     0.0000000E+000
     11.209670     4.4170472E-007     0.0000000E+000
     11.322330     4.4558365E-007     0.0000000E+000
     11.436130     5.2344697E-007     0.0000000E+000
     11.551060     4.6212141E-007     0.0000000E+000
     11.667150     4.0940580E-007     0.0000000E+000
     11.784410     4.3188532E-007     0.0000000E+000
     11.902850     4.0203342E-007     0.0000000E+000
     12.022470     3.7454724E-007     0.0000000E+000
     12.143300     3.8962111E-007     0.0000000E+000
     12.265350     2.9081316E-007     0.0000000E+000
     12.388620     2.5388444E-007     0.0000000E+000
     12.513130     2.1112361E-007     0.0000000E+000
     12.638890     1.8454853E-007     0.0000000E+000
     12.765910     2.1298111E-007     0.0000000E+000
     12.894210     1.8216323E-007     0.0000000E+000
     13.023800     1.5415345E-007     0.0000000E+000
     13.154690     1.4268504E-007     0.0000000E+000
     13.286900     1.0603236E-007     0.0000000E+000
     13.420440     9.2488100E-008     0.0000000E+000
     13.555320     7.7410444E-008     0.0000000E+000
     13.691550     7.8380013E-008     0.0000000E+000
     13.829150     7.3986974E-008     0.0000000E+000
     13.968140     7.4372672E-008     0.0000000E+000
     14.108520     6.4617944E-008     0.0000000E+000
     14.250320     5.6426110E-008     0.0000000E+000
     14.393540     5.1167211E-008     0.0000000E+000
     14.538200     4.7172183E-008     0.0000000E+000
     14.684310     4.4904524E-008     0.0000000E+000
     14.831890     4.5409903E-008     0.0000000E+000
     14.980950     3.6456050E-008     0.0000000E+000
     15.131520     5.0039090E-008     0.0000000E+000
     15.283590     5.2317153E-008     0.0000000E+000
     15.437190     5.6298243E-008     0.0000000E+000
     15.592340     6.4999647E-008     0.0000000E+000
     15.749050     7.6048256E-008     0.0000000E+000
     15.907330     9.0173010E-008     0.0000000E+000
     15.993430     9.6128682E-008     0.0000000E+000
