   6.0301510000000009        1.9004501716287104E-012   9.4535510645309074E-012   3.1574237261262887E-011   7.0729575497179277E-011   1.3711378503826647E-010   3.6046820448572870E-010   6.1310966091868230E-010
   6.0907549999999997        3.1582431406964184E-012   1.4166376223087257E-011   4.1827258813123240E-011   8.7580541879258797E-011   1.5998527753454470E-010   3.8041506882211034E-010   6.3057894483511319E-010
   6.1519690000000002        2.9205663085959162E-012   1.4479957837535506E-011   4.8254110456097472E-011   1.0172793333865074E-010   1.7714402076763782E-010   3.0276326361706074E-010   4.5122049583916088E-010
   6.2137979999999997        1.1551148233245027E-010   1.8399613853556144E-010   2.8186391575213947E-010   3.9224696450259928E-010   5.2781809768503513E-010   6.8731570378606784E-010   8.9155188700760127E-010
   6.2762479999999998        2.0344613933099607E-010   3.5509366244898843E-010   5.2863885883856091E-010   7.1560706716148108E-010   9.4772090135482029E-010   1.2229257870768629E-009   1.6326059912313873E-009
   6.3393259999999998        8.8753035810119732E-011   1.6150342296908922E-010   2.7300868193908546E-010   3.9443046065973101E-010   5.4666072886726528E-010   7.3276206286123122E-010   9.3814912115020056E-010
   6.4030379999999996        6.4499926766765626E-012   2.4654770745964066E-011   7.1739551636213801E-011   1.4799678429870651E-010   2.6385112385413557E-010   5.4340163815767053E-010   8.2646930058313796E-010
   6.4673900000000000        1.0174134622505773E-011   3.4581585086999027E-011   8.7831119851224997E-011   1.7098739228305486E-010   2.9580197054459068E-010   6.4618106363254081E-010   9.9341401971765276E-010
   6.5323890000000011        6.9765456608206575E-012   2.4446244104784749E-011   7.2909855639792484E-011   1.5567335180034128E-010   2.9724792502572805E-010   7.2615140902478890E-010   1.3429295989489307E-009
   6.5980410000000012        9.4738559118752426E-012   3.1271709501903104E-011   8.4820181789629436E-011   1.7815831083959442E-010   3.4635305025959517E-010   9.4611004143308889E-010   1.8842092808662489E-009
   6.6643530000000002        1.7664916527038794E-011   5.6455940081923774E-011   1.3677437785436691E-010   2.5383902609115904E-010   4.2534087160448409E-010   8.2253193053525541E-010   1.3297879221996981E-009
   6.7313310000000008        1.0416663179767926E-010   2.1389118145101584E-010   3.7899792290939953E-010   5.6195294531362770E-010   7.9016956841373623E-010   1.0632066549356257E-009   1.3585877388847877E-009
   6.7989830000000007        8.7380729227705737E-011   1.8972626832377645E-010   3.5819008640397701E-010   5.5144846790879084E-010   7.8993063419492198E-010   1.0726790537702092E-009   1.4210927680214781E-009
   6.8673140000000004        9.9227019172246088E-011   2.1076122207775428E-010   3.9004640983205560E-010   6.0003596341925562E-010   8.5147212991964482E-010   1.1622358609498110E-009   1.5370114616844114E-009
   6.9363330000000003        3.1330855968806473E-010   5.7365128937654067E-010   8.7160292605799882E-010   1.1825375211345335E-009   1.5604146163917919E-009   1.9940491219746203E-009   2.5437288545506344E-009
   7.0060440000000010        1.9496400123635998E-010   3.7452849000144115E-010   6.2941381807892510E-010   9.0859312812387894E-010   1.2447178099431160E-009   1.6476618998842105E-009   2.0271603240925754E-009
   7.0764570000000004        5.3669070860661684E-010   9.4939092317744282E-010   1.3350890031699268E-009   1.7312395720472131E-009   2.2061323922168021E-009   2.7296439813817854E-009   3.3705393997709268E-009
   7.1475770000000001        4.9845900487786840E-010   8.8742123702370755E-010   1.2775159762284291E-009   1.6843544065087910E-009   2.1552796328805599E-009   2.6866452279903536E-009   3.3587311520011724E-009
   7.2194120000000011        9.3892639484377055E-010   1.5133836698845862E-009   2.0399637665101780E-009   2.5661514405008836E-009   3.1673170868901275E-009   3.8267404973243463E-009   4.6807184620644775E-009
   7.2919690000000008        9.8526953558252555E-010   1.6082641808601981E-009   2.1577317158254175E-009   2.7149586597063006E-009   3.3712394565795392E-009   4.0617326334621360E-009   4.9816350473520433E-009
   7.3652550000000012        2.6813772289896646E-009   3.4438285856859353E-009   4.2188974945743818E-009   5.0438864409369424E-009   5.9951965330340325E-009   6.9700453408512113E-009   8.3903439426208101E-009
   7.4392779999999998        4.0065519247927712E-009   4.7600074611142667E-009   5.6586762102931425E-009   6.6136096877485967E-009   7.7471026108714390E-009   8.8509939464778466E-009   1.0517841249620754E-008
   7.5140440000000002        7.4158606662351991E-009   8.2163181968037305E-009   9.3255939530250647E-009   1.0487960786696185E-008   1.1891938022773765E-008   1.3333957749448364E-008   1.5301821632921656E-008
   7.5895620000000008        5.5875410488356716E-009   6.4077279243345191E-009   7.4470659759632845E-009   8.5290707412157737E-009   9.8339120279442016E-009   1.1090662185258060E-008   1.2970952671749854E-008
   7.6658390000000001        1.1577075624597179E-008   1.6934133687112175E-008   1.9694975289725347E-008   2.1226991781110986E-008   2.2806995941528134E-008   2.4500589419506084E-008   2.7210505892967798E-008
   7.7428830000000000        1.2330283269169891E-008   1.5071703966181855E-008   1.6552474899575483E-008   1.7908517102856637E-008   1.9304439443721634E-008   2.0882958969996061E-008   2.3469377512047965E-008
   7.8207009999999997        1.4980813134035950E-008   1.7466282352136547E-008   1.9385507483602848E-008   2.1100791943186137E-008   2.2876454173175610E-008   2.4917015230199791E-008   2.8041552929021568E-008
   7.8993010000000004        1.0488541536518700E-008   1.2083474221036808E-008   1.3576975596977762E-008   1.5148493522483690E-008   1.7023196875731905E-008   1.8902915234013452E-008   2.1424394535342154E-008
   7.9786910000000013        3.1578937887380453E-008   3.6739014521410930E-008   4.0290844692458027E-008   4.2722350983207724E-008   4.5281695711070805E-008   4.7689897154430222E-008   5.1326764370955073E-008
   8.0588790000000010        4.3023117324444319E-008   4.9857774538813417E-008   5.3884923250269762E-008   5.6808229305801934E-008   5.9423673486959991E-008   6.2104649182851765E-008   6.4940616712480581E-008
   8.1398720000000022        6.0982195208452177E-008   6.9107499288476547E-008   7.3205482607769659E-008   7.6896436878473152E-008   7.9941519386185208E-008   8.3119739972212041E-008   8.6473963218574836E-008
   8.2216799999999992        4.7375525256667710E-008   5.1338708889470026E-008   5.4324516384563238E-008   5.7458970705658578E-008   6.0853117659054138E-008   6.4500380727295712E-008   6.8339828748456563E-008
   8.3043099999999992        8.6502585948667313E-008   9.5097039443677555E-008   9.9645734079309315E-008   1.0379385266975499E-007   1.0787799632992684E-007   1.1214444486559917E-007   1.1720106682159735E-007
   8.3877710000000008        8.6012986541820698E-008   9.2206035005457479E-008   9.6004057621599627E-008   9.9623174766813925E-008   1.0348500072083748E-007   1.0771757868872948E-007   1.1223515311439904E-007
   8.4720700000000004        8.0478360645095617E-008   8.6466007006764961E-008   9.0369267338486697E-008   9.4312405587972014E-008   9.8350574825145942E-008   1.0300079534901762E-007   1.0784054385958927E-007
   8.5572160000000004        1.0083371478615497E-007   1.1032426141183074E-007   1.1576856995149573E-007   1.2047123063972154E-007   1.2561966208910186E-007   1.3129698241262379E-007   1.3766894107873302E-007
   8.6432179999999992        1.6229797280221161E-007   1.7512171405569101E-007   1.8596799134212104E-007   1.9758965203693187E-007   2.0830688844184296E-007   2.1804042977418124E-007   2.2967871242048295E-007
   8.7300850000000008        1.5032556638739923E-007   1.6416750625252855E-007   1.7177696307245701E-007   1.7827002564101209E-007   1.8517638128032010E-007   1.9257654967742701E-007   2.0160521369420485E-007
   8.8178239999999999        1.4769345894090139E-007   1.6167173536612339E-007   1.7064267192254371E-007   1.7854211644011833E-007   1.8671048088043487E-007   1.9511445330667724E-007   2.0468152888224822E-007
   8.9064460000000008        1.8192494040577151E-007   1.9582198428908487E-007   2.0699975595521745E-007   2.1739026222681543E-007   2.2777311908818764E-007   2.3736172438976998E-007   2.4800013133515717E-007
   8.9959579999999999        1.5560103770754236E-007   1.6583071227276270E-007   1.7034725886551626E-007   1.7506747557820374E-007   1.7988260311844023E-007   1.8518989355007642E-007   1.8975565488714510E-007
   9.0863689999999995        1.0149945554416974E-007   1.0480954110407262E-007   1.0782349199942612E-007   1.1069434839763374E-007   1.1354114169884765E-007   1.1683918197587116E-007   1.1983792404451299E-007
   9.1776900000000001        5.0122353569177521E-008   5.1924104674602869E-008   5.3733281338086678E-008   5.5842191846117731E-008   5.8211710961702030E-008   6.1034408085937607E-008   6.4275594218911280E-008
   9.2699280000000002        4.0165741024028774E-008   4.1984977732721369E-008   4.3956302451129136E-008   4.6015834683870195E-008   4.8286244532054446E-008   5.0933873734532599E-008   5.3367448814500994E-008
   9.3630929999999992        5.7873643810614575E-008   6.0068258410725179E-008   6.2273698733763660E-008   6.4792328008433008E-008   6.7599660463807654E-008   7.0966531674193594E-008   7.4969958510712291E-008
   9.4571939999999994        5.7502429196648064E-008   5.9938781350626514E-008   6.2250939582970555E-008   6.4872133536618089E-008   6.7814685618181941E-008   7.1427195491151857E-008   7.5339292587604011E-008
   9.5522419999999997        6.2769963465372604E-008   6.5473065644827777E-008   6.7737280416717647E-008   7.0460540625688200E-008   7.3523558996818550E-008   7.7210645156208835E-008   8.1243614749755977E-008
   9.6482440000000000        8.4697516814501455E-008   8.7603876448335050E-008   9.0354366652008171E-008   9.3794596436568157E-008   9.7540980374191541E-008   1.0264789868494789E-007   1.0724876008834257E-007
   9.7452110000000012        1.2353783215761333E-007   1.2752262716552212E-007   1.3156199316321623E-007   1.3637353714960713E-007   1.4136350139674757E-007   1.4734393529923025E-007   1.5177576381372365E-007
   9.8431530000000009        1.8145554818528262E-007   1.8531349193194651E-007   1.8878887602888108E-007   1.9171611556730637E-007   1.9466252977678261E-007   1.9792014646031237E-007   2.0093965631596634E-007
   9.9420790000000014        2.5845484888838509E-007   2.6436493917035563E-007   2.7125779674442587E-007   2.7826780921355708E-007   2.8498652575822912E-007   2.9108525330057629E-007   2.9591062802777480E-007
   10.042000000000000        2.1146943246890966E-007   2.1769412031920072E-007   2.2364030286457936E-007   2.2908313874754230E-007   2.3377913329190251E-007   2.3852631609809820E-007   2.4263663274846941E-007
   10.142920000000000        1.1915382923181130E-007   1.2412901574119651E-007   1.2784774395282796E-007   1.3223528543367139E-007   1.3776359534431495E-007   1.4463761283142086E-007   1.5217313572106102E-007
   10.244860000000001        9.1038520348487266E-008   9.4520937978381327E-008   9.8029473780915838E-008   1.0156146710028107E-007   1.0549295630613728E-007   1.0976205292694163E-007   1.1594691863035737E-007
   10.347830000000000        1.1812642615845834E-007   1.2274963708351289E-007   1.2754186780968627E-007   1.3144215419692049E-007   1.3549366461961178E-007   1.3968580875702489E-007   1.4406543166743053E-007
   10.451820000000000        1.3416134737018092E-007   1.3794918417566380E-007   1.4160362640373769E-007   1.4528917447427187E-007   1.4978359868892214E-007   1.5502145130280143E-007   1.6109662309370758E-007
   10.556870000000000        1.0774370595507949E-007   1.1089743280782393E-007   1.1461125125864678E-007   1.1829880205215543E-007   1.2252882549648145E-007   1.2715668976862950E-007   1.3374246717917604E-007
   10.662970000000000        1.3150046768542968E-007   1.3480169875458132E-007   1.3854687722748084E-007   1.4261671013414995E-007   1.4735934970682124E-007   1.5346985458447365E-007   1.5905849590247768E-007
   10.770130000000002        1.6911872703925014E-007   1.7572974917501807E-007   1.8170631721192604E-007   1.8791826867475364E-007   1.9305868484549730E-007   1.9750566752174186E-007   2.0181494194453185E-007
   10.878380000000000        1.9326269713644395E-007   1.9825651833063981E-007   2.0209914869301348E-007   2.0636969801373491E-007   2.1157066819298833E-007   2.1736657830740225E-007   2.2362081358661637E-007
   10.987710000000002        2.0639221251925821E-007   2.1012934862015928E-007   2.1337572757563227E-007   2.1731180902415529E-007   2.2108921300187399E-007   2.2532264271430496E-007   2.3154872273795514E-007
   11.098140000000003        2.9373771643209158E-007   3.0017688679791431E-007   3.0645038144034993E-007   3.1266170784482557E-007   3.1958739232435605E-007   3.2799905321014176E-007   3.3413541163656339E-007
   11.209670000000001        3.2676681709694652E-007   3.2956702376205988E-007   3.3185185462901318E-007   3.3383328594662065E-007   3.3616099903372344E-007   3.3907306186826840E-007   3.4207868486663249E-007
   11.322330000000001        3.3633221349874775E-007   3.3936087348668584E-007   3.4313380130890836E-007   3.4710729447499857E-007   3.5123508368757038E-007   3.5599141558286772E-007   3.6558714427423798E-007
   11.436130000000002        4.0304132476608849E-007   4.0499618796632385E-007   4.0699980647405677E-007   4.0878736066545698E-007   4.1122309008596441E-007   4.1565361803300288E-007   4.1949206838197140E-007
   11.551060000000000        3.6677953193864237E-007   3.6721906423790812E-007   3.6773794522629877E-007   3.6830392555615287E-007   3.6889494628998359E-007   3.6939930549779590E-007   3.7012908494500158E-007
   11.667149999999999        3.2298946600141436E-007   3.2988939182236768E-007   3.3990963536908977E-007   3.4910894323765565E-007   3.5845656499892588E-007   3.6734016325447624E-007   3.7494011489461723E-007
   11.784409999999999        3.5276781173049069E-007   3.5586901058633466E-007   3.6045557976363614E-007   3.6514590625105203E-007   3.6947204596243504E-007   3.7430503475707054E-007   3.7940819674294959E-007
   11.902850000000001        3.3400064069220675E-007   3.3673380455827561E-007   3.4007544980924328E-007   3.4384448944827119E-007   3.4833075680663237E-007   3.5394517878787823E-007   3.6113749785699521E-007
   12.022470000000000        3.0730722332695933E-007   3.1143482646784876E-007   3.1497398705380261E-007   3.1946581219652550E-007   3.2456791083179561E-007   3.2994342958656423E-007   3.3551057599818914E-007
   12.143300000000000        3.1978639979305773E-007   3.2649830118111438E-007   3.3266166134574816E-007   3.3912979567808952E-007   3.4748959160461259E-007   3.5677691176131206E-007   3.6863308298834726E-007
   12.265350000000000        2.4629958997904501E-007   2.5415142431561000E-007   2.6050852247867370E-007   2.6726348917720790E-007   2.7427955933017803E-007   2.8286907273788848E-007   2.9772970712859602E-007
   12.388620000000001        2.1984406062169465E-007   2.2661275703108718E-007   2.3352238749297857E-007   2.4153630136363617E-007   2.5012876404409706E-007   2.6000128219672255E-007   2.7456609052869759E-007
   12.513130000000000        1.8269475619612696E-007   1.9054345578505557E-007   2.0120197384063558E-007   2.1129790836710622E-007   2.2365232595872820E-007   2.3656477351472321E-007   2.4864236512524476E-007
   12.638890000000000        1.5886011975496967E-007   1.6800769023255625E-007   1.7506079082648802E-007   1.8229624088755919E-007   1.9081784980272123E-007   1.9959098162689063E-007   2.0832490789781878E-007
   12.765910000000002        1.9337028741433839E-007   2.0197602207647901E-007   2.0919742063734044E-007   2.1806091528733281E-007   2.2835146140093196E-007   2.4010363097906021E-007   2.5027234552424792E-007
   12.894209999999999        1.6635980028889226E-007   1.7435149559590668E-007   1.8363033146126330E-007   1.9334489673191888E-007   2.0515202325531353E-007   2.1766604348828589E-007   2.2721689576036557E-007
   13.023800000000001        1.3597528690075985E-007   1.4771517385739882E-007   1.5751312116747631E-007   1.6703852196742526E-007   1.7814446260239532E-007   1.9022617597990171E-007   2.0026861492758272E-007
   13.154690000000000        1.2203096438778327E-007   1.3530477793716455E-007   1.4646606535239224E-007   1.5648170200042303E-007   1.6780920882104447E-007   1.7997628870590538E-007   1.9165413787170183E-007
   13.286899999999999        7.3214844456508368E-008   9.0819389538307301E-008   1.0375277037518859E-007   1.1568267138504033E-007   1.2833614472403467E-007   1.4025242510082901E-007   1.5126948292371442E-007
   13.420439999999999        5.0833290795251410E-008   6.8353524131968579E-008   8.4023277290402264E-008   9.8129555982812917E-008   1.1271617754899037E-007   1.2745015534691110E-007   1.3923596818220349E-007
   13.555320000000000        3.0449871402111329E-008   4.5903428017672808E-008   6.1129057827358886E-008   7.8021032518638265E-008   9.2842613698254858E-008   1.0970815603832485E-007   1.2447531029058399E-007
   13.691549999999999        3.0722702528302841E-008   4.6479747427543922E-008   6.2778729975082497E-008   8.0364733790009991E-008   9.6135649870611570E-008   1.1363978262357545E-007   1.2919839553629475E-007
   13.829150000000002        2.7101342172084331E-008   4.2192336466424363E-008   5.7426563080886252E-008   7.5470587319594225E-008   9.1416682202200306E-008   1.1008652330575926E-007   1.2254348229958458E-007
   13.968140000000002        2.5350033798802053E-008   4.0266240158517414E-008   5.6715428468053492E-008   7.6143607992701757E-008   9.3171969254784177E-008   1.1271983612819245E-007   1.2823270745983407E-007
   14.108520000000002        1.5035665096690745E-008   2.5837079928171024E-008   4.1275679974084407E-008   6.1418280229166628E-008   8.0276407185698717E-008   1.0204666534457683E-007   1.1606484256959760E-007
   14.250320000000002        7.5074317254583637E-009   1.4637280439660457E-008   2.6393494609264415E-008   4.7409359258194889E-008   6.9258551787365588E-008   9.1609354579286478E-008   1.0892486482382878E-007
   14.393540000000002        2.8149253971605558E-009   7.7553889066601643E-009   1.7708270853544909E-008   3.8748824120367453E-008   6.2795669367658494E-008   8.8099227853062846E-008   1.1240097445105578E-007
   14.538200000000000        4.0623819847489022E-010   2.5768298913929124E-009   1.0118771348053116E-008   3.1464371041318551E-008   5.7566265005930530E-008   8.7684603857456849E-008   1.1911869885421470E-007
   14.684310000000000        1.5082715002067814E-011   6.9744434088573220E-010   5.9819413908922168E-009   2.6332716680362797E-008   5.4625357358996127E-008   9.1047681051862812E-008   1.2600350188363301E-007
   14.831890000000000        3.9376136221740177E-012   4.4626032192271536E-010   5.0067334683944520E-009   2.6110198332134831E-008   5.6312067029805256E-008   9.5394650720123724E-008   1.3162711113190534E-007
   14.980950000000000        6.1586759533530730E-012   2.9187561572073636E-010   4.9260641986983961E-009   2.7209932700743176E-008   6.6271112658975282E-008   1.2275722140436874E-007   1.7916700454509696E-007
   15.131520000000000        1.3550065605086272E-011   7.8302640299459092E-010   6.5908137106056775E-009   3.1223685244396022E-008   6.3792640903737050E-008   1.0332761708778285E-007   1.4227547833786668E-007
   15.283590000000002        5.6704553798672162E-011   1.4624291220277329E-009   9.2008170443840603E-009   3.5821941336750977E-008   6.9973388526939188E-008   1.0863135407867802E-007   1.4801788236638123E-007
   15.437190000000001        1.0239324563046089E-009   5.0294201216975222E-009   1.6813331106282997E-008   4.5830458678091665E-008   7.9285346335118351E-008   1.1421010181338459E-007   1.5252964375000827E-007
   15.592340000000000        6.8254862562746640E-009   1.5688242481842589E-008   3.1454439324787845E-008   6.2003910903432777E-008   9.4630417371526344E-008   1.2771207496443540E-007   1.5659658782791914E-007
   15.749050000000002        1.8748929749779925E-008   3.2988668408773063E-008   5.4725872511257958E-008   8.6250232045178225E-008   1.1711827448488436E-007   1.4889773619696437E-007   1.7132814325864463E-007
   15.907330000000000        3.4996001074749342E-008   5.6024493444268603E-008   8.2568866907112194E-008   1.1574831099152864E-007   1.4455163422970766E-007   1.7825536598491676E-007   1.9778794270261835E-007
   15.993430000000000        4.4856416666231854E-008   7.0097273385247426E-008   9.7272322865888155E-008   1.3053792887794870E-007   1.5926439228670504E-007   1.9115377250888878E-007   2.1278964011872163E-007
