#  lambda [mu]     flux/flux_star
      6.030151     8.6925801E-011     0.0000000E+000
      6.090755     1.0313925E-010     0.0000000E+000
      6.151969     1.2509308E-010     0.0000000E+000
      6.213798     3.5250967E-010     0.0000000E+000
      6.276248     6.0906820E-010     0.0000000E+000
      6.339326     3.6606167E-010     0.0000000E+000
      6.403038     1.7968764E-010     0.0000000E+000
      6.467390     2.0121547E-010     0.0000000E+000
      6.532389     1.9721523E-010     0.0000000E+000
      6.598041     2.2008709E-010     0.0000000E+000
      6.664353     2.9185221E-010     0.0000000E+000
      6.731331     5.4139318E-010     0.0000000E+000
      6.798983     5.5010706E-010     0.0000000E+000
      6.867314     5.9106838E-010     0.0000000E+000
      6.936333     1.0542614E-009     0.0000000E+000
      7.006044     8.5684345E-010     0.0000000E+000
      7.076457     1.5093465E-009     0.0000000E+000
      7.147577     1.5054617E-009     0.0000000E+000
      7.219412     2.2384515E-009     0.0000000E+000
      7.291969     2.3480519E-009     0.0000000E+000
      7.365255     4.2764762E-009     0.0000000E+000
      7.439278     5.6421478E-009     0.0000000E+000
      7.514044     9.1657510E-009     0.0000000E+000
      7.589562     7.3624670E-009     0.0000000E+000
      7.665839     2.1533747E-008     0.0000000E+000
      7.742883     1.7915133E-008     0.0000000E+000
      7.820701     2.1710451E-008     0.0000000E+000
      7.899301     1.3516937E-008     0.0000000E+000
      7.978691     4.4132038E-008     0.0000000E+000
      8.058879     5.8225999E-008     0.0000000E+000
      8.139872     7.8540451E-008     0.0000000E+000
      8.221680     5.4452359E-008     0.0000000E+000
      8.304310     1.0545245E-007     0.0000000E+000
      8.387771     9.9276925E-008     0.0000000E+000
      8.472070     9.1466921E-008     0.0000000E+000
      8.557216     1.2224698E-007     0.0000000E+000
      8.643218     2.0682711E-007     0.0000000E+000
      8.730085     1.7979053E-007     0.0000000E+000
      8.817824     1.8351439E-007     0.0000000E+000
      8.906446     2.2420628E-007     0.0000000E+000
      8.995958     1.7414126E-007     0.0000000E+000
      9.086369     1.1360684E-007     0.0000000E+000
      9.177690     5.7278039E-008     0.0000000E+000
      9.269928     4.6457239E-008     0.0000000E+000
      9.363093     6.6895691E-008     0.0000000E+000
      9.457194     6.6838031E-008     0.0000000E+000
      9.552242     7.2568264E-008     0.0000000E+000
      9.648244     9.7813861E-008     0.0000000E+000
      9.745211     1.4234441E-007     0.0000000E+000
      9.843153     1.9179941E-007     0.0000000E+000
      9.942079     2.8541406E-007     0.0000000E+000
     10.042000     2.3396670E-007     0.0000000E+000
     10.142920     1.3743480E-007     0.0000000E+000
     10.244860     1.0215964E-007     0.0000000E+000
     10.347830     1.3052457E-007     0.0000000E+000
     10.451820     1.4792802E-007     0.0000000E+000
     10.556870     1.1897808E-007     0.0000000E+000
     10.662970     1.4524683E-007     0.0000000E+000
     10.770130     1.8384018E-007     0.0000000E+000
     10.878380     2.0895923E-007     0.0000000E+000
     10.987710     2.1296392E-007     0.0000000E+000
     11.098140     3.1896482E-007     0.0000000E+000
     11.209670     3.3131487E-007     0.0000000E+000
     11.322330     3.4096120E-007     0.0000000E+000
     11.436130     4.0861661E-007     0.0000000E+000
     11.551060     3.6801559E-007     0.0000000E+000
     11.667150     3.3260707E-007     0.0000000E+000
     11.784410     3.5794287E-007     0.0000000E+000
     11.902850     3.3991907E-007     0.0000000E+000
     12.022470     3.2306321E-007     0.0000000E+000
     12.143300     3.4284015E-007     0.0000000E+000
     12.265350     2.6105507E-007     0.0000000E+000
     12.388620     2.3249989E-007     0.0000000E+000
     12.513130     1.9723878E-007     0.0000000E+000
     12.638890     1.7588753E-007     0.0000000E+000
     12.765910     2.0707820E-007     0.0000000E+000
     12.894210     1.8068549E-007     0.0000000E+000
     13.023800     1.5598588E-007     0.0000000E+000
     13.154690     1.4729227E-007     0.0000000E+000
     13.286900     1.1166316E-007     0.0000000E+000
     13.420440     9.9363650E-008     0.0000000E+000
     13.555320     8.4842113E-008     0.0000000E+000
     13.691550     8.7636959E-008     0.0000000E+000
     13.829150     8.4393209E-008     0.0000000E+000
     13.968140     8.6543907E-008     0.0000000E+000
     14.108520     7.6709094E-008     0.0000000E+000
     14.250320     6.8335309E-008     0.0000000E+000
     14.393540     6.3216139E-008     0.0000000E+000
     14.538200     5.9455709E-008     0.0000000E+000
     14.684310     5.7738962E-008     0.0000000E+000
     14.831890     5.9566348E-008     0.0000000E+000
     14.980950     4.8785585E-008     0.0000000E+000
     15.131520     6.8313044E-008     0.0000000E+000
     15.283590     7.2863504E-008     0.0000000E+000
     15.437190     7.9989458E-008     0.0000000E+000
     15.592340     9.4215285E-008     0.0000000E+000
     15.749050     1.1245332E-007     0.0000000E+000
     15.907330     1.3602918E-007     0.0000000E+000
     15.993430     1.4658516E-007     0.0000000E+000
