   6.0301510000000009        3.8468052929605973E-010
   6.0907549999999997        4.4804446992025110E-010
   6.1519690000000002        5.3342771946501997E-010
   6.2137979999999997        1.4755640161208777E-009
   6.2762479999999998        2.5026339411523191E-009
   6.3393259999999998        1.4764868903772439E-009
   6.4030379999999996        7.1143802265131988E-010
   6.4673900000000000        7.8202999078869923E-010
   6.5323890000000011        7.5227705836724333E-010
   6.5980410000000012        8.2373462388235733E-010
   6.6643530000000002        1.0717925228578866E-009
   6.7313310000000008        1.9508109358400626E-009
   6.7989830000000007        1.9449292453466764E-009
   6.8673140000000004        2.0504456017515569E-009
   6.9363330000000003        3.5884943291213191E-009
   7.0060440000000010        2.8616643246958349E-009
   7.0764570000000004        4.9460546380329061E-009
   7.1475770000000001        4.8405212902662545E-009
   7.2194120000000011        7.0619106063999546E-009
   7.2919690000000008        7.2683190241858422E-009
   7.3652550000000012        1.2988643257840568E-008
   7.4392779999999998        1.6810772996121871E-008
   7.5140440000000002        2.6788848365584589E-008
   7.5895620000000008        2.1108225511282082E-008
   7.6658390000000001        6.0560579042935468E-008
   7.7428830000000000        4.9423346281095841E-008
   7.8207009999999997        5.8751959578004509E-008
   7.8993010000000004        3.5881693171186551E-008
   7.9786910000000013        1.1491835634704670E-007
   8.0588790000000010        1.4872803936130210E-007
   8.1398720000000022        1.9679296593937631E-007
   8.2216799999999992        1.3383164906154226E-007
   8.3043099999999992        2.5422639462543962E-007
   8.3877710000000008        2.3476521420558610E-007
   8.4720700000000004        2.1216354479890062E-007
   8.5572160000000004        2.7814154780264877E-007
   8.6432179999999992        4.6158947406211948E-007
   8.7300850000000008        3.9358233243244097E-007
   8.8178239999999999        3.9405706594938795E-007
   8.9064460000000008        4.7223325124691400E-007
   8.9959579999999999        3.5977425226280236E-007
   9.0863689999999995        2.3022490444520902E-007
   9.1776900000000001        1.1380704737079818E-007
   9.2699280000000002        9.0484078819488041E-008
   9.3630929999999992        1.2771868249840731E-007
   9.4571939999999994        1.2508845051740283E-007
   9.5522419999999997        1.3313039561022472E-007
   9.6482440000000000        1.7590074351782902E-007
   9.7452110000000012        2.5092517307431496E-007
   9.8431530000000009        3.3142657508561789E-007
   9.9420790000000014        4.8344988052133882E-007
   10.042000000000000        3.8847751409521490E-007
   10.142920000000000        2.2368892956708508E-007
   10.244860000000001        1.6299052668059890E-007
   10.347830000000000        2.0413142051686697E-007
   10.451820000000000        2.2677939631762388E-007
   10.556870000000000        1.7879451931103429E-007
   10.662970000000000        2.1395787298844319E-007
   10.770130000000002        2.6545855207112349E-007
   10.878380000000000        2.9576804408664025E-007
   10.987710000000002        2.9548099982126495E-007
   11.098140000000003        4.3381026735358581E-007
   11.209670000000001        4.4170472170208138E-007
   11.322330000000001        4.4558364826624527E-007
   11.436130000000002        5.2344696523371433E-007
   11.551060000000000        4.6212140988666846E-007
   11.667149999999999        4.0940580461614170E-007
   11.784409999999999        4.3188531877740069E-007
   11.902850000000001        4.0203342286663470E-007
   12.022470000000000        3.7454723781200201E-007
   12.143300000000000        3.8962111268708954E-007
   12.265350000000000        2.9081316394414510E-007
   12.388620000000001        2.5388444446822099E-007
   12.513130000000000        2.1112361420831029E-007
   12.638890000000000        1.8454853448450062E-007
   12.765910000000002        2.1298111359068261E-007
   12.894209999999999        1.8216323205546870E-007
   13.023800000000001        1.5415345439585621E-007
   13.154690000000000        1.4268503937903871E-007
   13.286899999999999        1.0603236143118041E-007
   13.420439999999999        9.2488099661485327E-008
   13.555320000000000        7.7410443789424842E-008
   13.691549999999999        7.8380012911146414E-008
   13.829150000000002        7.3986973571178001E-008
   13.968140000000002        7.4372671826247286E-008
   14.108520000000002        6.4617943954358528E-008
   14.250320000000002        5.6426110167344415E-008
   14.393540000000002        5.1167211036437533E-008
   14.538200000000000        4.7172183277198218E-008
   14.684310000000000        4.4904524250411955E-008
   14.831890000000000        4.5409902850630008E-008
   14.980950000000000        3.6456050289336338E-008
   15.131520000000000        5.0039090497117004E-008
   15.283590000000002        5.2317153024756580E-008
   15.437190000000001        5.6298242878896848E-008
   15.592340000000000        6.4999646803294852E-008
   15.749050000000002        7.6048255778218752E-008
   15.907330000000000        9.0173010419210773E-008
   15.993430000000000        9.6128681671421267E-008
