   990.72592512674623        1.0000000000000000E-050   1.0000000000000000E-050   1.0000000000000000E-050   1.0000000000000000E-050   1.0000000000000000E-050   6.4557260084543855E-007   4.3972825760713041E-003
   563.81697811448487        1.0000000000000000E-050   1.0000000000000000E-050   1.0000000000000000E-050   1.0000000000000000E-050   1.5289911148856717E-010   1.2374120277217768E-004   2.3421243642619227E-002
   320.86531375413546        1.0000000000000000E-050   1.0000000000000000E-050   1.0000000000000000E-050   1.0000000000000000E-050   7.7006796379000813E-008   9.7044180636024079E-004   2.9850585763576961E-002
   182.60278346856470        1.0000000000000000E-050   1.0000000000000000E-050   1.0000000000000000E-050   1.0000000000000000E-050   1.4637065136949497E-006   2.3869362329270697E-003   2.9850585763576961E-002
   103.91829562486571        1.0000000000000000E-050   1.0000000000000000E-050   1.0000000000000000E-050   5.3014395213113395E-011   6.3406158699501200E-006   4.3972825760713041E-003   3.1154991674382151E-002
   59.139362283795883        1.0000000000000000E-050   1.0000000000000000E-050   1.0000000000000000E-050   1.7489787463175318E-009   1.7112450070850836E-005   5.7744446555451608E-003   3.2769463181804619E-002
   33.655903903192794        1.0000000000000000E-050   1.0000000000000000E-050   1.0000000000000000E-050   1.0627122342962303E-008   4.0543451057230284E-005   7.0846369875532268E-003   3.2769463181804619E-002
   19.153400101023951        1.0000000000000000E-050   1.0000000000000000E-050   1.0000000000000000E-050   4.0843071233440940E-008   7.9958461809544201E-005   8.4146205328729379E-003   3.8545530470796369E-002
   10.900100513868603        1.0000000000000000E-050   1.0000000000000000E-050   2.9210730628885726E-011   8.1117867113920220E-008   1.0400109304191187E-004   9.2103189007847232E-003   3.8545530470796369E-002
   6.2031905868288550        1.0000000000000000E-050   1.0000000000000000E-050   1.2348085896948855E-010   1.4738474491901200E-007   1.3733858716458755E-004   9.4307993456109653E-003   4.6568055639595360E-002
   3.5302035433125663        1.0000000000000000E-050   1.0000000000000000E-050   3.1618962222902917E-010   2.3585038014282576E-007   1.7937496355055718E-004   1.0202023516881868E-002   4.6568055639595360E-002
   2.0090205004627335        1.0000000000000000E-050   5.9878001469486310E-012   6.6456208882837707E-010   3.2921421319043080E-007   1.9760183602681982E-004   1.0202023516881868E-002   4.6568055639595360E-002
   1.1433231318702357        1.0000000000000000E-050   1.4196030703038930E-011   8.6581394869120201E-010   4.3318449830214483E-007   2.5259270122756890E-004   1.0202023516881868E-002   4.6568055639595360E-002
  0.65065925587542950        1.8593416403985723E-012   1.5903567956436946E-011   9.0531232738847509E-010   4.4537467084763553E-007   2.5259270122756890E-004   1.0202023516881868E-002   4.6568055639595360E-002
  0.37028680296518124        1.8593416403985723E-012   1.5903567956436946E-011   9.0531232738847509E-010   4.4537467084763553E-007   2.5259270122756890E-004   1.0202023516881868E-002   4.6568055639595360E-002
  0.21072829628112635        1.8593416403985723E-012   1.5903567956436946E-011   9.0531232738847509E-010   4.4537467084763553E-007   2.5259270122756890E-004   1.0202023516881868E-002   4.6568055639595360E-002
  0.11992437888131237        1.8593416403985723E-012   1.5903567956436946E-011   9.0531232738847509E-010   4.4537467084763553E-007   2.5259270122756890E-004   1.0202023516881868E-002   4.6568055639595360E-002
   6.8248341128721149E-002   1.8593416403985723E-012   1.5903567956436946E-011   9.0531232738847509E-010   4.4537467084763553E-007   2.5259270122756890E-004   1.0202023516881868E-002   4.6568055639595360E-002
   3.8839776451392770E-002   1.8593416403985723E-012   1.5903567956436946E-011   9.0531232738847509E-010   4.4537467084763553E-007   2.5259270122756890E-004   1.0202023516881868E-002   4.6568055639595360E-002
   2.2103515042936707E-002   1.8593416403985723E-012   1.5903567956436946E-011   9.0531232738847509E-010   4.4537467084763553E-007   2.5259270122756890E-004   1.0202023516881868E-002   4.6568055639595360E-002
   1.2578995604281032E-002   1.8593416403985723E-012   1.5903567956436946E-011   9.0531232738847509E-010   4.4537467084763553E-007   2.5259270122756890E-004   1.0202023516881868E-002   4.6568055639595360E-002
   7.1586410625257401E-003   1.8593416403985723E-012   1.5903567956436946E-011   9.0531232738847509E-010   4.4537467084763553E-007   2.5259270122756890E-004   1.0202023516881868E-002   4.6568055639595360E-002
   4.0739454463787992E-003   1.8593416403985723E-012   1.5903567956436946E-011   9.0531232738847509E-010   4.4537467084763553E-007   2.5259270122756890E-004   1.0202023516881868E-002   4.6568055639595360E-002
   2.3184611932777505E-003   1.8593416403985723E-012   1.5903567956436946E-011   9.0531232738847509E-010   4.4537467084763553E-007   2.5259270122756890E-004   1.0202023516881868E-002   4.6568055639595360E-002
   1.3194242229023459E-003   1.8593416403985723E-012   1.5903567956436946E-011   9.0531232738847509E-010   4.4537467084763553E-007   2.5259270122756890E-004   1.0202023516881868E-002   4.6568055639595360E-002
   7.5087747210479336E-004   1.8593416403985723E-012   1.5903567956436946E-011   9.0531232738847509E-010   4.4537467084763553E-007   2.5259270122756890E-004   1.0202023516881868E-002   4.6568055639595360E-002
   4.2732046928337564E-004   1.8593416403985723E-012   1.5903567956436946E-011   9.0531232738847509E-010   4.4537467084763553E-007   2.5259270122756890E-004   1.0202023516881868E-002   4.6568055639595360E-002
   2.4318585954737553E-004   1.8593416403985723E-012   1.5903567956436946E-011   9.0531232738847509E-010   4.4537467084763553E-007   2.5259270122756890E-004   1.0202023516881868E-002   4.6568055639595360E-002
   1.3839580955008705E-004   1.8593416403985723E-012   1.5903567956436946E-011   9.0531232738847509E-010   4.4537467084763553E-007   2.5259270122756890E-004   1.0202023516881868E-002   4.6568055639595360E-002
   7.8760336380876548E-005   1.8593416403985723E-012   1.5903567956436946E-011   9.0531232738847509E-010   4.4537467084763553E-007   2.5259270122756890E-004   1.0202023516881868E-002   4.6568055639595360E-002
   4.4822098349616868E-005   1.8593416403985723E-012   1.5903567956436946E-011   9.0531232738847509E-010   4.4537467084763553E-007   2.5259270122756890E-004   1.0202023516881868E-002   4.6568055639595360E-002
   2.5508023362766251E-005   1.8593416403985723E-012   1.5903567956436946E-011   9.0531232738847509E-010   4.4537467084763553E-007   2.5259270122756890E-004   1.0202023516881868E-002   4.6568055639595360E-002
   1.4516483605926282E-005   1.8593416403985723E-012   1.5903567956436946E-011   9.0531232738847509E-010   4.4537467084763553E-007   2.5259270122756890E-004   1.0202023516881868E-002   4.6568055639595360E-002
   8.2612554208619726E-006   1.8593416403985723E-012   1.5903567956436946E-011   9.0531232738847509E-010   4.4537467084763553E-007   2.5259270122756890E-004   1.0202023516881868E-002   4.6568055639595360E-002
   4.7014375506792184E-006   1.8593416403985723E-012   1.5903567956436946E-011   9.0531232738847509E-010   4.4537467084763553E-007   2.5259270122756890E-004   1.0202023516881868E-002   4.6568055639595360E-002
   2.6755636906128271E-006   1.8593416403985723E-012   1.5903567956436946E-011   9.0531232738847509E-010   4.4537467084763553E-007   2.5259270122756890E-004   1.0202023516881868E-002   4.6568055639595360E-002
   1.5226493993292586E-006   1.8593416403985723E-012   1.5903567956436946E-011   9.0531232738847509E-010   4.4537467084763553E-007   2.5259270122756890E-004   1.0202023516881868E-002   4.6568055639595360E-002
   8.6653186444861560E-007   1.8593416403985723E-012   1.5903567956436946E-011   9.0531232738847509E-010   4.4537467084763553E-007   2.5259270122756890E-004   1.0202023516881868E-002   4.6568055639595360E-002
   4.9313878325211476E-007   1.8593416403985723E-012   1.5903567956436946E-011   9.0531232738847509E-010   4.4537467084763553E-007   2.5259270122756890E-004   1.0202023516881868E-002   4.6568055639595360E-002
   2.8064272016369322E-007   1.8593416403985723E-012   1.5903567956436946E-011   9.0531232738847509E-010   4.4537467084763553E-007   2.5259270122756890E-004   1.0202023516881868E-002   4.6568055639595360E-002
   1.5971231437420862E-007   1.8593416403985723E-012   1.5903567956436946E-011   9.0531232738847509E-010   4.4537467084763553E-007   2.5259270122756890E-004   1.0202023516881868E-002   4.6568055639595360E-002
   9.0891448557396622E-008   1.8593416403985723E-012   1.5903567956436946E-011   9.0531232738847509E-010   4.4537467084763553E-007   2.5259270122756890E-004   1.0202023516881868E-002   4.6568055639595360E-002
   5.1725851279730756E-008   1.8593416403985723E-012   1.5903567956436946E-011   9.0531232738847509E-010   4.4537467084763553E-007   2.5259270122756890E-004   1.0202023516881868E-002   4.6568055639595360E-002
   2.9436913296889819E-008   1.8593416403985723E-012   1.5903567956436946E-011   9.0531232738847509E-010   4.4537467084763553E-007   2.5259270122756890E-004   1.0202023516881868E-002   4.6568055639595360E-002
   1.6752394460604516E-008   1.8593416403985723E-012   1.5903567956436946E-011   9.0531232738847509E-010   4.4537467084763553E-007   2.5259270122756890E-004   1.0202023516881868E-002   4.6568055639595360E-002
   9.5337006748374835E-009   1.8593416403985723E-012   1.5903567956436946E-011   9.0531232738847509E-010   4.4537467084763553E-007   2.5259270122756890E-004   1.0202023516881868E-002   4.6568055639595360E-002
   5.4255795355786305E-009   1.8593416403985723E-012   1.5903567956436946E-011   9.0531232738847509E-010   4.4537467084763553E-007   2.5259270122756890E-004   1.0202023516881868E-002   4.6568055639595360E-002
   3.0876691329929587E-009   1.8593416403985723E-012   1.5903567956436946E-011   9.0531232738847509E-010   4.4537467084763553E-007   2.5259270122756890E-004   1.0202023516881868E-002   4.6568055639595360E-002
   1.7571764660935278E-009   1.8593416403985723E-012   1.5903567956436946E-011   9.0531232738847509E-010   4.4537467084763553E-007   2.5259270122756890E-004   1.0202023516881868E-002   4.6568055639595360E-002
   1.0000000000000007E-009   1.8593416403985723E-012   1.5903567956436946E-011   9.0531232738847509E-010   4.4537467084763553E-007   2.5259270122756890E-004   1.0202023516881868E-002   4.6568055639595360E-002
