   990.72592512674623        1.0000000000000000E-050   1.0000000000000000E-050   1.0000000000000000E-050   1.0000000000000000E-050   1.0000000000000000E-050  0.41843555338447408       0.53728827810136337     
   563.81697811448487        1.0000000000000000E-050   1.0000000000000000E-050   1.0000000000000000E-050   1.0000000000000000E-050  0.28053214073314847       0.48452644271288331       0.59637153411136568     
   320.86531375413546        1.0000000000000000E-050   1.0000000000000000E-050   1.0000000000000000E-050   1.0000000000000000E-050  0.38023347747384412       0.51985189974215240       0.59637153411136568     
   182.60278346856470        1.0000000000000000E-050   1.0000000000000000E-050   1.0000000000000000E-050   1.0000000000000000E-050  0.41440983245873958       0.53380776614303116       0.60040364260183687     
   103.91829562486571        1.0000000000000000E-050   1.0000000000000000E-050   1.0000000000000000E-050  0.25154735053245769       0.43521649196809237       0.53920238661164377       0.60338897981806139     
   59.139362283795883        1.0000000000000000E-050   1.0000000000000000E-050   1.0000000000000000E-050  0.30890970476214680       0.44531007269987877       0.54493325852392904       0.61366133342482110     
   33.655903903192794        1.0000000000000000E-050   1.0000000000000000E-050   1.0000000000000000E-050  0.34088892667736692       0.45553664977299629       0.54919961772790837       0.62245390485079655     
   19.153400101023951        1.0000000000000000E-050   1.0000000000000000E-050   1.0000000000000000E-050  0.35791021216842311       0.46141633638933477       0.55291962036129561       0.62245390485079655     
   10.900100513868603        1.0000000000000000E-050   1.0000000000000000E-050  0.21812338293852060       0.36838975743515312       0.46720849718194413       0.55500978835036296       0.62245390485079655     
   6.2031905868288550        1.0000000000000000E-050   1.0000000000000000E-050  0.25476996312013755       0.37528212742415973       0.47040123935475631       0.55535214857284798       0.62245390485079655     
   3.5302035433125663        1.0000000000000000E-050   1.0000000000000000E-050  0.27686200262193444       0.38148378520120035       0.47335748609295702       0.55574909949628482       0.62245390485079655     
   2.0090205004627335        1.0000000000000000E-050  0.14570642847962340       0.28567730145819398       0.38370961262986969       0.47422020264070930       0.55576195398321659       0.62245390485079655     
   1.1433231318702357        1.0000000000000000E-050  0.18239998635424451       0.28911624431206934       0.38510024267185816       0.47677774668284556       0.55576195398321659       0.62245390485079655     
  0.65065925587542950        9.2625525906870884E-002  0.18642374075505425       0.29055479317707439       0.38542034152333116       0.47677774668284556       0.55576195398321659       0.62245390485079655     
  0.37028680296518124        9.2625525906870884E-002  0.18642374075505425       0.29055479317707439       0.38542034152333116       0.47677774668284556       0.55576195398321659       0.62245390485079655     
  0.21072829628112635        9.2625525906870884E-002  0.18642374075505425       0.29055479317707439       0.38542034152333116       0.47677774668284556       0.55576195398321659       0.62245390485079655     
  0.11992437888131237        9.2625525906870884E-002  0.18642374075505425       0.29055479317707439       0.38542034152333116       0.47677774668284556       0.55576195398321659       0.62245390485079655     
   6.8248341128721149E-002   9.2625525906870884E-002  0.18642374075505425       0.29055479317707439       0.38542034152333116       0.47677774668284556       0.55576195398321659       0.62245390485079655     
   3.8839776451392770E-002   9.2625525906870884E-002  0.18642374075505425       0.29055479317707439       0.38542034152333116       0.47677774668284556       0.55576195398321659       0.62245390485079655     
   2.2103515042936707E-002   9.2625525906870884E-002  0.18642374075505425       0.29055479317707439       0.38542034152333116       0.47677774668284556       0.55576195398321659       0.62245390485079655     
   1.2578995604281032E-002   9.2625525906870884E-002  0.18642374075505425       0.29055479317707439       0.38542034152333116       0.47677774668284556       0.55576195398321659       0.62245390485079655     
   7.1586410625257401E-003   9.2625525906870884E-002  0.18642374075505425       0.29055479317707439       0.38542034152333116       0.47677774668284556       0.55576195398321659       0.62245390485079655     
   4.0739454463787992E-003   9.2625525906870884E-002  0.18642374075505425       0.29055479317707439       0.38542034152333116       0.47677774668284556       0.55576195398321659       0.62245390485079655     
   2.3184611932777505E-003   9.2625525906870884E-002  0.18642374075505425       0.29055479317707439       0.38542034152333116       0.47677774668284556       0.55576195398321659       0.62245390485079655     
   1.3194242229023459E-003   9.2625525906870884E-002  0.18642374075505425       0.29055479317707439       0.38542034152333116       0.47677774668284556       0.55576195398321659       0.62245390485079655     
   7.5087747210479336E-004   9.2625525906870884E-002  0.18642374075505425       0.29055479317707439       0.38542034152333116       0.47677774668284556       0.55576195398321659       0.62245390485079655     
   4.2732046928337564E-004   9.2625525906870884E-002  0.18642374075505425       0.29055479317707439       0.38542034152333116       0.47677774668284556       0.55576195398321659       0.62245390485079655     
   2.4318585954737553E-004   9.2625525906870884E-002  0.18642374075505425       0.29055479317707439       0.38542034152333116       0.47677774668284556       0.55576195398321659       0.62245390485079655     
   1.3839580955008705E-004   9.2625525906870884E-002  0.18642374075505425       0.29055479317707439       0.38542034152333116       0.47677774668284556       0.55576195398321659       0.62245390485079655     
   7.8760336380876548E-005   9.2625525906870884E-002  0.18642374075505425       0.29055479317707439       0.38542034152333116       0.47677774668284556       0.55576195398321659       0.62245390485079655     
   4.4822098349616868E-005   9.2625525906870884E-002  0.18642374075505425       0.29055479317707439       0.38542034152333116       0.47677774668284556       0.55576195398321659       0.62245390485079655     
   2.5508023362766251E-005   9.2625525906870884E-002  0.18642374075505425       0.29055479317707439       0.38542034152333116       0.47677774668284556       0.55576195398321659       0.62245390485079655     
   1.4516483605926282E-005   9.2625525906870884E-002  0.18642374075505425       0.29055479317707439       0.38542034152333116       0.47677774668284556       0.55576195398321659       0.62245390485079655     
   8.2612554208619726E-006   9.2625525906870884E-002  0.18642374075505425       0.29055479317707439       0.38542034152333116       0.47677774668284556       0.55576195398321659       0.62245390485079655     
   4.7014375506792184E-006   9.2625525906870884E-002  0.18642374075505425       0.29055479317707439       0.38542034152333116       0.47677774668284556       0.55576195398321659       0.62245390485079655     
   2.6755636906128271E-006   9.2625525906870884E-002  0.18642374075505425       0.29055479317707439       0.38542034152333116       0.47677774668284556       0.55576195398321659       0.62245390485079655     
   1.5226493993292586E-006   9.2625525906870884E-002  0.18642374075505425       0.29055479317707439       0.38542034152333116       0.47677774668284556       0.55576195398321659       0.62245390485079655     
   8.6653186444861560E-007   9.2625525906870884E-002  0.18642374075505425       0.29055479317707439       0.38542034152333116       0.47677774668284556       0.55576195398321659       0.62245390485079655     
   4.9313878325211476E-007   9.2625525906870884E-002  0.18642374075505425       0.29055479317707439       0.38542034152333116       0.47677774668284556       0.55576195398321659       0.62245390485079655     
   2.8064272016369322E-007   9.2625525906870884E-002  0.18642374075505425       0.29055479317707439       0.38542034152333116       0.47677774668284556       0.55576195398321659       0.62245390485079655     
   1.5971231437420862E-007   9.2625525906870884E-002  0.18642374075505425       0.29055479317707439       0.38542034152333116       0.47677774668284556       0.55576195398321659       0.62245390485079655     
   9.0891448557396622E-008   9.2625525906870884E-002  0.18642374075505425       0.29055479317707439       0.38542034152333116       0.47677774668284556       0.55576195398321659       0.62245390485079655     
   5.1725851279730756E-008   9.2625525906870884E-002  0.18642374075505425       0.29055479317707439       0.38542034152333116       0.47677774668284556       0.55576195398321659       0.62245390485079655     
   2.9436913296889819E-008   9.2625525906870884E-002  0.18642374075505425       0.29055479317707439       0.38542034152333116       0.47677774668284556       0.55576195398321659       0.62245390485079655     
   1.6752394460604516E-008   9.2625525906870884E-002  0.18642374075505425       0.29055479317707439       0.38542034152333116       0.47677774668284556       0.55576195398321659       0.62245390485079655     
   9.5337006748374835E-009   9.2625525906870884E-002  0.18642374075505425       0.29055479317707439       0.38542034152333116       0.47677774668284556       0.55576195398321659       0.62245390485079655     
   5.4255795355786305E-009   9.2625525906870884E-002  0.18642374075505425       0.29055479317707439       0.38542034152333116       0.47677774668284556       0.55576195398321659       0.62245390485079655     
   3.0876691329929587E-009   9.2625525906870884E-002  0.18642374075505425       0.29055479317707439       0.38542034152333116       0.47677774668284556       0.55576195398321659       0.62245390485079655     
   1.7571764660935278E-009   9.2625525906870884E-002  0.18642374075505425       0.29055479317707439       0.38542034152333116       0.47677774668284556       0.55576195398321659       0.62245390485079655     
   1.0000000000000007E-009   9.2625525906870884E-002  0.18642374075505425       0.29055479317707439       0.38542034152333116       0.47677774668284556       0.55576195398321659       0.62245390485079655     
