   990.72592512674623        500000000.00000048        500000000.00000048        500000000.00000048        500000000.00000048        500000000.00000048        500000000.00000048        500000000.00000048     
   563.81697811448487        500000000.00000048        500000000.00000048        500000000.00000048        500000000.00000048        500000000.00000048        500000000.00000048        500000000.00000048     
   320.86531375413546        500000000.00000048        500000000.00000048        500000000.00000048        500000000.00000048        500000000.00000048        500000000.00000048        500000000.00000048     
   182.60278346856470        500000000.00000048        500000000.00000048        500000000.00000048        500000000.00000048        500000000.00000048        500000000.00000048        500000000.00000048     
   103.91829562486571        500000000.00000048        500000000.00000048        500000000.00000048        500000000.00000048        500000000.00000048        500000000.00000048        500000000.00000048     
   59.139362283795883        500000000.00000048        500000000.00000048        500000000.00000048        500000000.00000048        500000000.00000048        500000000.00000048        500000000.00000048     
   33.655903903192794        500000000.00000048        500000000.00000048        500000000.00000048        500000000.00000048        500000000.00000048        500000000.00000048        500000000.00000048     
   19.153400101023951        500000000.00000048        500000000.00000048        500000000.00000048        500000000.00000048        500000000.00000048        500000000.00000048        500000000.00000048     
   10.900100513868603        500000000.00000048        500000000.00000048        500000000.00000048        500000000.00000048        500000000.00000048        500000000.00000048        500000000.00000048     
   6.2031905868288550        500000000.00000048        500000000.00000048        500000000.00000048        500000000.00000048        500000000.00000048        500000000.00000048        500000000.00000048     
   3.5302035433125663        500000000.00000048        500000000.00000048        500000000.00000048        500000000.00000048        500000000.00000048        500000000.00000048        500000000.00000048     
   2.0090205004627335        500000000.00000048        500000000.00000048        500000000.00000048        500000000.00000048        500000000.00000048        500000000.00000048        500000000.00000048     
   1.1433231318702357        500000000.00000048        500000000.00000048        500000000.00000048        500000000.00000048        500000000.00000048        500000000.00000048        500000000.00000048     
  0.65065925587542950        500000000.00000048        500000000.00000048        500000000.00000048        500000000.00000048        500000000.00000048        500000000.00000048        500000000.00000048     
  0.37028680296518124        500000000.00000048        500000000.00000048        500000000.00000048        500000000.00000048        500000000.00000048        500000000.00000048        500000000.00000048     
  0.21072829628112635        500000000.00000048        500000000.00000048        500000000.00000048        500000000.00000048        500000000.00000048        500000000.00000048        500000000.00000048     
  0.11992437888131237        500000000.00000048        500000000.00000048        500000000.00000048        500000000.00000048        500000000.00000048        500000000.00000048        500000000.00000048     
   6.8248341128721149E-002   500000000.00000048        500000000.00000048        500000000.00000048        500000000.00000048        500000000.00000048        500000000.00000048        500000000.00000048     
   3.8839776451392770E-002   500000000.00000048        500000000.00000048        500000000.00000048        500000000.00000048        500000000.00000048        500000000.00000048        500000000.00000048     
   2.2103515042936707E-002   500000000.00000048        500000000.00000048        500000000.00000048        500000000.00000048        500000000.00000048        500000000.00000048        500000000.00000048     
   1.2578995604281032E-002   500000000.00000048        500000000.00000048        500000000.00000048        500000000.00000048        500000000.00000048        500000000.00000048        500000000.00000048     
   7.1586410625257401E-003   500000000.00000048        500000000.00000048        500000000.00000048        500000000.00000048        500000000.00000048        500000000.00000048        500000000.00000048     
   4.0739454463787992E-003   500000000.00000048        500000000.00000048        500000000.00000048        500000000.00000048        500000000.00000048        500000000.00000048        500000000.00000048     
   2.3184611932777505E-003   500000000.00000048        500000000.00000048        500000000.00000048        500000000.00000048        500000000.00000048        500000000.00000048        500000000.00000048     
   1.3194242229023459E-003   500000000.00000048        500000000.00000048        500000000.00000048        500000000.00000048        500000000.00000048        500000000.00000048        500000000.00000048     
   7.5087747210479336E-004   500000000.00000048        500000000.00000048        500000000.00000048        500000000.00000048        500000000.00000048        500000000.00000048        500000000.00000048     
   4.2732046928337564E-004   500000000.00000048        500000000.00000048        500000000.00000048        500000000.00000048        500000000.00000048        500000000.00000048        500000000.00000048     
   2.4318585954737553E-004   500000000.00000048        500000000.00000048        500000000.00000048        500000000.00000048        500000000.00000048        500000000.00000048        500000000.00000048     
   1.3839580955008705E-004   500000000.00000048        500000000.00000048        500000000.00000048        500000000.00000048        500000000.00000048        500000000.00000048        500000000.00000048     
   7.8760336380876548E-005   500000000.00000048        500000000.00000048        500000000.00000048        500000000.00000048        500000000.00000048        500000000.00000048        500000000.00000048     
   4.4822098349616868E-005   500000000.00000048        500000000.00000048        500000000.00000048        500000000.00000048        500000000.00000048        500000000.00000048        500000000.00000048     
   2.5508023362766251E-005   500000000.00000048        500000000.00000048        500000000.00000048        500000000.00000048        500000000.00000048        500000000.00000048        500000000.00000048     
   1.4516483605926282E-005   500000000.00000048        500000000.00000048        500000000.00000048        500000000.00000048        500000000.00000048        500000000.00000048        500000000.00000048     
   8.2612554208619726E-006   500000000.00000048        500000000.00000048        500000000.00000048        500000000.00000048        500000000.00000048        500000000.00000048        500000000.00000048     
   4.7014375506792184E-006   500000000.00000048        500000000.00000048        500000000.00000048        500000000.00000048        500000000.00000048        500000000.00000048        500000000.00000048     
   2.6755636906128271E-006   500000000.00000048        500000000.00000048        500000000.00000048        500000000.00000048        500000000.00000048        500000000.00000048        500000000.00000048     
   1.5226493993292586E-006   500000000.00000048        500000000.00000048        500000000.00000048        500000000.00000048        500000000.00000048        500000000.00000048        500000000.00000048     
   8.6653186444861560E-007   500000000.00000048        500000000.00000048        500000000.00000048        500000000.00000048        500000000.00000048        500000000.00000048        500000000.00000048     
   4.9313878325211476E-007   500000000.00000048        500000000.00000048        500000000.00000048        500000000.00000048        500000000.00000048        500000000.00000048        500000000.00000048     
   2.8064272016369322E-007   500000000.00000048        500000000.00000048        500000000.00000048        500000000.00000048        500000000.00000048        500000000.00000048        500000000.00000048     
   1.5971231437420862E-007   500000000.00000048        500000000.00000048        500000000.00000048        500000000.00000048        500000000.00000048        500000000.00000048        500000000.00000048     
   9.0891448557396622E-008   500000000.00000048        500000000.00000048        500000000.00000048        500000000.00000048        500000000.00000048        500000000.00000048        500000000.00000048     
   5.1725851279730756E-008   500000000.00000048        500000000.00000048        500000000.00000048        500000000.00000048        500000000.00000048        500000000.00000048        500000000.00000048     
   2.9436913296889819E-008   500000000.00000048        500000000.00000048        500000000.00000048        500000000.00000048        500000000.00000048        500000000.00000048        500000000.00000048     
   1.6752394460604516E-008   500000000.00000048        500000000.00000048        500000000.00000048        500000000.00000048        500000000.00000048        500000000.00000048        500000000.00000048     
   9.5337006748374835E-009   500000000.00000048        500000000.00000048        500000000.00000048        500000000.00000048        500000000.00000048        500000000.00000048        500000000.00000048     
   5.4255795355786305E-009   500000000.00000048        500000000.00000048        500000000.00000048        500000000.00000048        500000000.00000048        500000000.00000048        500000000.00000048     
   3.0876691329929587E-009   500000000.00000048        500000000.00000048        500000000.00000048        500000000.00000048        500000000.00000048        500000000.00000048        500000000.00000048     
   1.7571764660935278E-009   500000000.00000048        500000000.00000048        500000000.00000048        500000000.00000048        500000000.00000048        500000000.00000048        500000000.00000048     
   1.0000000000000007E-009   500000000.00000048        500000000.00000048        500000000.00000048        500000000.00000048        500000000.00000048        500000000.00000048        500000000.00000048     
