   990.72592512674623        1.0000000000000000E-050   1.0000000000000000E-050   1.0000000000000000E-050   1.0000000000000000E-050   1.0000000000000000E-050   3.1631768769140956E-004  0.49656332736132758     
   563.81697811448487        1.0000000000000000E-050   1.0000000000000000E-050   1.0000000000000000E-050   1.0000000000000000E-050   3.0178560603067157E-009   4.8955241639403783E-002  0.53982882290041434     
   320.86531375413546        1.0000000000000000E-050   1.0000000000000000E-050   1.0000000000000000E-050   1.0000000000000000E-050   4.5604215093221220E-006  0.19998938218063808       0.59748348756906888     
   182.60278346856470        1.0000000000000000E-050   1.0000000000000000E-050   1.0000000000000000E-050   1.0000000000000000E-050   7.9222254594345153E-005  0.22454580033384325       0.59748348756906888     
   103.91829562486571        1.0000000000000000E-050   1.0000000000000000E-050   1.0000000000000000E-050   1.8763411277358595E-010   3.1307626744807846E-004  0.27298023687927803       0.59748348756906888     
   59.139362283795883        1.0000000000000000E-050   1.0000000000000000E-050   1.0000000000000000E-050   1.3691111390762263E-008   1.0762897852150844E-003  0.32489262437121291       0.67220110339904304     
   33.655903903192794        1.0000000000000000E-050   1.0000000000000000E-050   1.0000000000000000E-050   1.6617535501554314E-007   2.8108234109044021E-003  0.34611268957944602       0.67220110339904304     
   19.153400101023951        1.0000000000000000E-050   1.0000000000000000E-050   1.0000000000000000E-050   5.5745844193295075E-007   5.8326920544975284E-003  0.35761906656554437       0.68878756637685001     
   10.900100513868603        1.0000000000000000E-050   1.0000000000000000E-050   4.8350982878544158E-011   1.2708968661399542E-006   8.2492580496665285E-003  0.36541112117433522       0.68878756637685001     
   6.2031905868288550        1.0000000000000000E-050   1.0000000000000000E-050   3.6725510965149559E-010   2.4852247630603749E-006   1.0184412118663199E-002  0.39507942652220590       0.68878756637685001     
   3.5302035433125663        1.0000000000000000E-050   1.0000000000000000E-050   1.0888774870409308E-009   4.6288272486476408E-006   1.1241395644562141E-002  0.39540359095977673       0.68878756637685001     
   2.0090205004627335        1.0000000000000000E-050   3.8099388497744095E-012   2.2167820305925417E-009   6.3522580713150372E-006   1.3983520350033125E-002  0.41041861999673346       0.68878756637685001     
   1.1433231318702357        1.0000000000000000E-050   1.5864258811057479E-011   3.3974959034606832E-009   7.2503120795810792E-006   1.4444460705894644E-002  0.41041861999673346       0.68878756637685001     
  0.65065925587542950        1.8951969802514112E-012   1.7823850889570176E-011   3.4528188913029640E-009   7.4113909929260563E-006   1.4444460705894644E-002  0.41041861999673346       0.68878756637685001     
  0.37028680296518124        1.8951969802514112E-012   1.7823850889570176E-011   3.4528188913029640E-009   7.4113909929260563E-006   1.4444460705894644E-002  0.41041861999673346       0.68878756637685001     
  0.21072829628112635        1.8951969802514112E-012   1.7823850889570176E-011   3.4528188913029640E-009   7.4113909929260563E-006   1.4444460705894644E-002  0.41041861999673346       0.68878756637685001     
  0.11992437888131237        1.8951969802514112E-012   1.7823850889570176E-011   3.4528188913029640E-009   7.4113909929260563E-006   1.4444460705894644E-002  0.41041861999673346       0.68878756637685001     
   6.8248341128721149E-002   1.8951969802514112E-012   1.7823850889570176E-011   3.4528188913029640E-009   7.4113909929260563E-006   1.4444460705894644E-002  0.41041861999673346       0.68878756637685001     
   3.8839776451392770E-002   1.8951969802514112E-012   1.7823850889570176E-011   3.4528188913029640E-009   7.4113909929260563E-006   1.4444460705894644E-002  0.41041861999673346       0.68878756637685001     
   2.2103515042936707E-002   1.8951969802514112E-012   1.7823850889570176E-011   3.4528188913029640E-009   7.4113909929260563E-006   1.4444460705894644E-002  0.41041861999673346       0.68878756637685001     
   1.2578995604281032E-002   1.8951969802514112E-012   1.7823850889570176E-011   3.4528188913029640E-009   7.4113909929260563E-006   1.4444460705894644E-002  0.41041861999673346       0.68878756637685001     
   7.1586410625257401E-003   1.8951969802514112E-012   1.7823850889570176E-011   3.4528188913029640E-009   7.4113909929260563E-006   1.4444460705894644E-002  0.41041861999673346       0.68878756637685001     
   4.0739454463787992E-003   1.8951969802514112E-012   1.7823850889570176E-011   3.4528188913029640E-009   7.4113909929260563E-006   1.4444460705894644E-002  0.41041861999673346       0.68878756637685001     
   2.3184611932777505E-003   1.8951969802514112E-012   1.7823850889570176E-011   3.4528188913029640E-009   7.4113909929260563E-006   1.4444460705894644E-002  0.41041861999673346       0.68878756637685001     
   1.3194242229023459E-003   1.8951969802514112E-012   1.7823850889570176E-011   3.4528188913029640E-009   7.4113909929260563E-006   1.4444460705894644E-002  0.41041861999673346       0.68878756637685001     
   7.5087747210479336E-004   1.8951969802514112E-012   1.7823850889570176E-011   3.4528188913029640E-009   7.4113909929260563E-006   1.4444460705894644E-002  0.41041861999673346       0.68878756637685001     
   4.2732046928337564E-004   1.8951969802514112E-012   1.7823850889570176E-011   3.4528188913029640E-009   7.4113909929260563E-006   1.4444460705894644E-002  0.41041861999673346       0.68878756637685001     
   2.4318585954737553E-004   1.8951969802514112E-012   1.7823850889570176E-011   3.4528188913029640E-009   7.4113909929260563E-006   1.4444460705894644E-002  0.41041861999673346       0.68878756637685001     
   1.3839580955008705E-004   1.8951969802514112E-012   1.7823850889570176E-011   3.4528188913029640E-009   7.4113909929260563E-006   1.4444460705894644E-002  0.41041861999673346       0.68878756637685001     
   7.8760336380876548E-005   1.8951969802514112E-012   1.7823850889570176E-011   3.4528188913029640E-009   7.4113909929260563E-006   1.4444460705894644E-002  0.41041861999673346       0.68878756637685001     
   4.4822098349616868E-005   1.8951969802514112E-012   1.7823850889570176E-011   3.4528188913029640E-009   7.4113909929260563E-006   1.4444460705894644E-002  0.41041861999673346       0.68878756637685001     
   2.5508023362766251E-005   1.8951969802514112E-012   1.7823850889570176E-011   3.4528188913029640E-009   7.4113909929260563E-006   1.4444460705894644E-002  0.41041861999673346       0.68878756637685001     
   1.4516483605926282E-005   1.8951969802514112E-012   1.7823850889570176E-011   3.4528188913029640E-009   7.4113909929260563E-006   1.4444460705894644E-002  0.41041861999673346       0.68878756637685001     
   8.2612554208619726E-006   1.8951969802514112E-012   1.7823850889570176E-011   3.4528188913029640E-009   7.4113909929260563E-006   1.4444460705894644E-002  0.41041861999673346       0.68878756637685001     
   4.7014375506792184E-006   1.8951969802514112E-012   1.7823850889570176E-011   3.4528188913029640E-009   7.4113909929260563E-006   1.4444460705894644E-002  0.41041861999673346       0.68878756637685001     
   2.6755636906128271E-006   1.8951969802514112E-012   1.7823850889570176E-011   3.4528188913029640E-009   7.4113909929260563E-006   1.4444460705894644E-002  0.41041861999673346       0.68878756637685001     
   1.5226493993292586E-006   1.8951969802514112E-012   1.7823850889570176E-011   3.4528188913029640E-009   7.4113909929260563E-006   1.4444460705894644E-002  0.41041861999673346       0.68878756637685001     
   8.6653186444861560E-007   1.8951969802514112E-012   1.7823850889570176E-011   3.4528188913029640E-009   7.4113909929260563E-006   1.4444460705894644E-002  0.41041861999673346       0.68878756637685001     
   4.9313878325211476E-007   1.8951969802514112E-012   1.7823850889570176E-011   3.4528188913029640E-009   7.4113909929260563E-006   1.4444460705894644E-002  0.41041861999673346       0.68878756637685001     
   2.8064272016369322E-007   1.8951969802514112E-012   1.7823850889570176E-011   3.4528188913029640E-009   7.4113909929260563E-006   1.4444460705894644E-002  0.41041861999673346       0.68878756637685001     
   1.5971231437420862E-007   1.8951969802514112E-012   1.7823850889570176E-011   3.4528188913029640E-009   7.4113909929260563E-006   1.4444460705894644E-002  0.41041861999673346       0.68878756637685001     
   9.0891448557396622E-008   1.8951969802514112E-012   1.7823850889570176E-011   3.4528188913029640E-009   7.4113909929260563E-006   1.4444460705894644E-002  0.41041861999673346       0.68878756637685001     
   5.1725851279730756E-008   1.8951969802514112E-012   1.7823850889570176E-011   3.4528188913029640E-009   7.4113909929260563E-006   1.4444460705894644E-002  0.41041861999673346       0.68878756637685001     
   2.9436913296889819E-008   1.8951969802514112E-012   1.7823850889570176E-011   3.4528188913029640E-009   7.4113909929260563E-006   1.4444460705894644E-002  0.41041861999673346       0.68878756637685001     
   1.6752394460604516E-008   1.8951969802514112E-012   1.7823850889570176E-011   3.4528188913029640E-009   7.4113909929260563E-006   1.4444460705894644E-002  0.41041861999673346       0.68878756637685001     
   9.5337006748374835E-009   1.8951969802514112E-012   1.7823850889570176E-011   3.4528188913029640E-009   7.4113909929260563E-006   1.4444460705894644E-002  0.41041861999673346       0.68878756637685001     
   5.4255795355786305E-009   1.8951969802514112E-012   1.7823850889570176E-011   3.4528188913029640E-009   7.4113909929260563E-006   1.4444460705894644E-002  0.41041861999673346       0.68878756637685001     
   3.0876691329929587E-009   1.8951969802514112E-012   1.7823850889570176E-011   3.4528188913029640E-009   7.4113909929260563E-006   1.4444460705894644E-002  0.41041861999673346       0.68878756637685001     
   1.7571764660935278E-009   1.8951969802514112E-012   1.7823850889570176E-011   3.4528188913029640E-009   7.4113909929260563E-006   1.4444460705894644E-002  0.41041861999673346       0.68878756637685001     
   1.0000000000000007E-009   1.8951969802514112E-012   1.7823850889570176E-011   3.4528188913029640E-009   7.4113909929260563E-006   1.4444460705894644E-002  0.41041861999673346       0.68878756637685001     
