   990.72592512674623        1.0000000000000000E-050   1.0000000000000000E-050   1.0000000000000000E-050   1.0000000000000000E-050   1.0000000000000000E-050   3.1779545994735053E-008   1.5852364688185768E-007
   563.81697811448487        1.0000000000000000E-050   1.0000000000000000E-050   1.0000000000000000E-050   1.0000000000000000E-050   6.0073124188518610E-011   9.7614785305029791E-008   2.3592348521644691E-007
   320.86531375413546        1.0000000000000000E-050   1.0000000000000000E-050   1.0000000000000000E-050   1.0000000000000000E-050   5.6070412912591396E-009   1.4508384571569392E-007   3.5217853851805500E-007
   182.60278346856470        1.0000000000000000E-050   1.0000000000000000E-050   1.0000000000000000E-050   1.0000000000000000E-050   2.9875302977135545E-008   1.7555611399042948E-007   4.2581687310742365E-007
   103.91829562486571        1.0000000000000000E-050   1.0000000000000000E-050   1.0000000000000000E-050   3.3311710841748043E-011   4.9201530573999317E-008   1.8977922028774861E-007   4.2581687310742365E-007
   59.139362283795883        1.0000000000000000E-050   1.0000000000000000E-050   1.0000000000000000E-050   3.1814454019509624E-010   6.3332544709514715E-008   1.9588032886423780E-007   4.2806908747981829E-007
   33.655903903192794        1.0000000000000000E-050   1.0000000000000000E-050   1.0000000000000000E-050   1.1263616782781955E-009   7.6094027496405854E-008   1.9848145179744937E-007   4.2806908747981829E-007
   19.153400101023951        1.0000000000000000E-050   1.0000000000000000E-050   1.0000000000000000E-050   2.7633684783619599E-009   8.5565354396518568E-008   2.0522125163037313E-007   4.2806908747981829E-007
   10.900100513868603        1.0000000000000000E-050   1.0000000000000000E-050   2.3292836814460691E-011   4.9593388770654998E-009   9.2643328666574077E-008   2.0797052442967257E-007   4.2806908747981829E-007
   6.2031905868288550        1.0000000000000000E-050   1.0000000000000000E-050   6.4794042661168847E-011   7.7142786526744908E-009   9.6060304619403727E-008   2.1631774961051814E-007   4.2806908747981829E-007
   3.5302035433125663        1.0000000000000000E-050   1.0000000000000000E-050   1.2734261703637157E-010   1.0195532645057156E-008   1.0149953916286592E-007   2.1759562776251543E-007   4.2806908747981829E-007
   2.0090205004627335        1.0000000000000000E-050   3.6455251985158411E-012   1.7834923976257276E-010   1.2797184952931281E-008   1.0351958095907781E-007   2.2158403555847098E-007   4.2806908747981829E-007
   1.1433231318702357        1.0000000000000000E-050   1.2143207855830647E-011   2.3248385013022149E-010   1.4166413539118847E-008   1.0451778905390950E-007   2.2454956486049470E-007   4.2806908747981829E-007
  0.65065925587542950        2.3153178935441957E-012   1.3286152503650148E-011   2.3538439494271697E-010   1.4343150047072125E-008   1.0451778905390950E-007   2.2454956486049470E-007   4.2806908747981829E-007
  0.37028680296518124        2.3153178935441957E-012   1.3286152503650148E-011   2.3538439494271697E-010   1.4343150047072125E-008   1.0451778905390950E-007   2.2454956486049470E-007   4.2806908747981829E-007
  0.21072829628112635        2.3153178935441957E-012   1.3286152503650148E-011   2.3538439494271697E-010   1.4343150047072125E-008   1.0451778905390950E-007   2.2454956486049470E-007   4.2806908747981829E-007
  0.11992437888131237        2.3153178935441957E-012   1.3286152503650148E-011   2.3538439494271697E-010   1.4343150047072125E-008   1.0451778905390950E-007   2.2454956486049470E-007   4.2806908747981829E-007
   6.8248341128721149E-002   2.3153178935441957E-012   1.3286152503650148E-011   2.3538439494271697E-010   1.4343150047072125E-008   1.0451778905390950E-007   2.2454956486049470E-007   4.2806908747981829E-007
   3.8839776451392770E-002   2.3153178935441957E-012   1.3286152503650148E-011   2.3538439494271697E-010   1.4343150047072125E-008   1.0451778905390950E-007   2.2454956486049470E-007   4.2806908747981829E-007
   2.2103515042936707E-002   2.3153178935441957E-012   1.3286152503650148E-011   2.3538439494271697E-010   1.4343150047072125E-008   1.0451778905390950E-007   2.2454956486049470E-007   4.2806908747981829E-007
   1.2578995604281032E-002   2.3153178935441957E-012   1.3286152503650148E-011   2.3538439494271697E-010   1.4343150047072125E-008   1.0451778905390950E-007   2.2454956486049470E-007   4.2806908747981829E-007
   7.1586410625257401E-003   2.3153178935441957E-012   1.3286152503650148E-011   2.3538439494271697E-010   1.4343150047072125E-008   1.0451778905390950E-007   2.2454956486049470E-007   4.2806908747981829E-007
   4.0739454463787992E-003   2.3153178935441957E-012   1.3286152503650148E-011   2.3538439494271697E-010   1.4343150047072125E-008   1.0451778905390950E-007   2.2454956486049470E-007   4.2806908747981829E-007
   2.3184611932777505E-003   2.3153178935441957E-012   1.3286152503650148E-011   2.3538439494271697E-010   1.4343150047072125E-008   1.0451778905390950E-007   2.2454956486049470E-007   4.2806908747981829E-007
   1.3194242229023459E-003   2.3153178935441957E-012   1.3286152503650148E-011   2.3538439494271697E-010   1.4343150047072125E-008   1.0451778905390950E-007   2.2454956486049470E-007   4.2806908747981829E-007
   7.5087747210479336E-004   2.3153178935441957E-012   1.3286152503650148E-011   2.3538439494271697E-010   1.4343150047072125E-008   1.0451778905390950E-007   2.2454956486049470E-007   4.2806908747981829E-007
   4.2732046928337564E-004   2.3153178935441957E-012   1.3286152503650148E-011   2.3538439494271697E-010   1.4343150047072125E-008   1.0451778905390950E-007   2.2454956486049470E-007   4.2806908747981829E-007
   2.4318585954737553E-004   2.3153178935441957E-012   1.3286152503650148E-011   2.3538439494271697E-010   1.4343150047072125E-008   1.0451778905390950E-007   2.2454956486049470E-007   4.2806908747981829E-007
   1.3839580955008705E-004   2.3153178935441957E-012   1.3286152503650148E-011   2.3538439494271697E-010   1.4343150047072125E-008   1.0451778905390950E-007   2.2454956486049470E-007   4.2806908747981829E-007
   7.8760336380876548E-005   2.3153178935441957E-012   1.3286152503650148E-011   2.3538439494271697E-010   1.4343150047072125E-008   1.0451778905390950E-007   2.2454956486049470E-007   4.2806908747981829E-007
   4.4822098349616868E-005   2.3153178935441957E-012   1.3286152503650148E-011   2.3538439494271697E-010   1.4343150047072125E-008   1.0451778905390950E-007   2.2454956486049470E-007   4.2806908747981829E-007
   2.5508023362766251E-005   2.3153178935441957E-012   1.3286152503650148E-011   2.3538439494271697E-010   1.4343150047072125E-008   1.0451778905390950E-007   2.2454956486049470E-007   4.2806908747981829E-007
   1.4516483605926282E-005   2.3153178935441957E-012   1.3286152503650148E-011   2.3538439494271697E-010   1.4343150047072125E-008   1.0451778905390950E-007   2.2454956486049470E-007   4.2806908747981829E-007
   8.2612554208619726E-006   2.3153178935441957E-012   1.3286152503650148E-011   2.3538439494271697E-010   1.4343150047072125E-008   1.0451778905390950E-007   2.2454956486049470E-007   4.2806908747981829E-007
   4.7014375506792184E-006   2.3153178935441957E-012   1.3286152503650148E-011   2.3538439494271697E-010   1.4343150047072125E-008   1.0451778905390950E-007   2.2454956486049470E-007   4.2806908747981829E-007
   2.6755636906128271E-006   2.3153178935441957E-012   1.3286152503650148E-011   2.3538439494271697E-010   1.4343150047072125E-008   1.0451778905390950E-007   2.2454956486049470E-007   4.2806908747981829E-007
   1.5226493993292586E-006   2.3153178935441957E-012   1.3286152503650148E-011   2.3538439494271697E-010   1.4343150047072125E-008   1.0451778905390950E-007   2.2454956486049470E-007   4.2806908747981829E-007
   8.6653186444861560E-007   2.3153178935441957E-012   1.3286152503650148E-011   2.3538439494271697E-010   1.4343150047072125E-008   1.0451778905390950E-007   2.2454956486049470E-007   4.2806908747981829E-007
   4.9313878325211476E-007   2.3153178935441957E-012   1.3286152503650148E-011   2.3538439494271697E-010   1.4343150047072125E-008   1.0451778905390950E-007   2.2454956486049470E-007   4.2806908747981829E-007
   2.8064272016369322E-007   2.3153178935441957E-012   1.3286152503650148E-011   2.3538439494271697E-010   1.4343150047072125E-008   1.0451778905390950E-007   2.2454956486049470E-007   4.2806908747981829E-007
   1.5971231437420862E-007   2.3153178935441957E-012   1.3286152503650148E-011   2.3538439494271697E-010   1.4343150047072125E-008   1.0451778905390950E-007   2.2454956486049470E-007   4.2806908747981829E-007
   9.0891448557396622E-008   2.3153178935441957E-012   1.3286152503650148E-011   2.3538439494271697E-010   1.4343150047072125E-008   1.0451778905390950E-007   2.2454956486049470E-007   4.2806908747981829E-007
   5.1725851279730756E-008   2.3153178935441957E-012   1.3286152503650148E-011   2.3538439494271697E-010   1.4343150047072125E-008   1.0451778905390950E-007   2.2454956486049470E-007   4.2806908747981829E-007
   2.9436913296889819E-008   2.3153178935441957E-012   1.3286152503650148E-011   2.3538439494271697E-010   1.4343150047072125E-008   1.0451778905390950E-007   2.2454956486049470E-007   4.2806908747981829E-007
   1.6752394460604516E-008   2.3153178935441957E-012   1.3286152503650148E-011   2.3538439494271697E-010   1.4343150047072125E-008   1.0451778905390950E-007   2.2454956486049470E-007   4.2806908747981829E-007
   9.5337006748374835E-009   2.3153178935441957E-012   1.3286152503650148E-011   2.3538439494271697E-010   1.4343150047072125E-008   1.0451778905390950E-007   2.2454956486049470E-007   4.2806908747981829E-007
   5.4255795355786305E-009   2.3153178935441957E-012   1.3286152503650148E-011   2.3538439494271697E-010   1.4343150047072125E-008   1.0451778905390950E-007   2.2454956486049470E-007   4.2806908747981829E-007
   3.0876691329929587E-009   2.3153178935441957E-012   1.3286152503650148E-011   2.3538439494271697E-010   1.4343150047072125E-008   1.0451778905390950E-007   2.2454956486049470E-007   4.2806908747981829E-007
   1.7571764660935278E-009   2.3153178935441957E-012   1.3286152503650148E-011   2.3538439494271697E-010   1.4343150047072125E-008   1.0451778905390950E-007   2.2454956486049470E-007   4.2806908747981829E-007
   1.0000000000000007E-009   2.3153178935441957E-012   1.3286152503650148E-011   2.3538439494271697E-010   1.4343150047072125E-008   1.0451778905390950E-007   2.2454956486049470E-007   4.2806908747981829E-007
