#  lambda [mu]   flux(180.0) [Jy]         fstar [Jy]
      6.030151     3.8468053E-010     4.4253895E+000     7.9009028E-009
      6.090755     4.4804447E-010     4.3440735E+000     7.7554480E-009
      6.151969     5.3342772E-010     4.2642464E+000     7.6119192E-009
      6.213798     1.4755640E-009     4.1858824E+000     7.4665383E-009
      6.276248     2.5026339E-009     4.1089552E+000     7.3247497E-009
      6.339326     1.4764869E-009     4.0334376E+000     7.1959086E-009
      6.403038     7.1143802E-010     3.9593042E+000     7.0680482E-009
      6.467390     7.8202999E-010     3.8865302E+000     6.9382597E-009
      6.532389     7.5227706E-010     3.8144979E+000     6.8107948E-009
      6.598041     8.2373462E-010     3.7427667E+000     6.6827344E-009
      6.664353     1.0717925E-009     3.6723811E+000     6.5554545E-009
      6.731331     1.9508109E-009     3.6033164E+000     6.4281242E-009
      6.798983     1.9449292E-009     3.5355468E+000     6.3075696E-009
      6.867314     2.0504456E-009     3.4690497E+000     6.1894683E-009
      6.936333     3.5884943E-009     3.4037993E+000     6.0695292E-009
      7.006044     2.8616643E-009     3.3397750E+000     5.9574496E-009
      7.076457     4.9460546E-009     3.2769510E+000     5.8426879E-009
      7.147577     4.8405213E-009     3.2153068E+000     5.7329407E-009
      7.219412     7.0619106E-009     3.1548196E+000     5.6232315E-009
      7.291969     7.2683190E-009     3.0954677E+000     5.5178466E-009
      7.365255     1.2988643E-008     3.0372303E+000     5.4112009E-009
      7.439278     1.6810773E-008     2.9794989E+000     5.3073793E-009
      7.514044     2.6788848E-008     2.9227118E+000     5.2033089E-009
      7.589562     2.1108226E-008     2.8670044E+000     5.1059641E-009
      7.665839     6.0560579E-008     2.8123568E+000     5.0041059E-009
      7.742883     4.9423346E-008     2.7587485E+000     4.9098470E-009
      7.820701     5.8751960E-008     2.7061603E+000     4.8164798E-009
      7.899301     3.5881693E-008     2.6545727E+000     4.7261774E-009
      7.978691     1.1491836E-007     2.6039667E+000     4.6315661E-009
      8.058879     1.4872804E-007     2.5543235E+000     4.5416879E-009
      8.139872     1.9679297E-007     2.5056256E+000     4.4539210E-009
      8.221680     1.3383165E-007     2.4577750E+000     4.3703933E-009
      8.304310     2.5422639E-007     2.4108154E+000     4.2842496E-009
      8.387771     2.3476521E-007     2.3647511E+000     4.2030391E-009
      8.472070     2.1216354E-007     2.3195658E+000     4.1231912E-009
      8.557216     2.7814155E-007     2.2752426E+000     4.0440794E-009
      8.643218     4.6158947E-007     2.2317648E+000     3.9638073E-009
      8.730085     3.9358233E-007     2.1891161E+000     3.8884938E-009
      8.817824     3.9405707E-007     2.1472815E+000     3.8150318E-009
      8.906446     4.7223325E-007     2.1062446E+000     3.7411199E-009
      8.995958     3.5977425E-007     2.0659909E+000     3.6705090E-009
      9.086369     2.3022490E-007     2.0265056E+000     3.6015929E-009
      9.177690     1.1380705E-007     1.9869229E+000     3.5333805E-009
      9.269928     9.0484079E-008     1.9476853E+000     3.4651238E-009
      9.363093     1.2771868E-007     1.9092214E+000     3.3958778E-009
      9.457194     1.2508845E-007     1.8715161E+000     3.3287265E-009
      9.552242     1.3313040E-007     1.8345539E+000     3.2628348E-009
      9.648244     1.7590074E-007     1.7983212E+000     3.1973238E-009
      9.745211     2.5092517E-007     1.7628031E+000     3.1331355E-009
      9.843153     3.3142658E-007     1.7279853E+000     3.0704142E-009
      9.942079     4.8344988E-007     1.6938545E+000     3.0084328E-009
     10.042000     3.8847751E-007     1.6603966E+000     2.9497696E-009
     10.142920     2.2368893E-007     1.6276004E+000     2.8931486E-009
     10.244860     1.6299053E-007     1.5954494E+000     2.8374374E-009
     10.347830     2.0413142E-007     1.5639309E+000     2.7817239E-009
     10.451820     2.2677940E-007     1.5330388E+000     2.7257345E-009
     10.556870     1.7879452E-007     1.5027518E+000     2.6724850E-009
     10.662970     2.1395787E-007     1.4730640E+000     2.6190992E-009
     10.770130     2.6545855E-007     1.4439637E+000     2.5676103E-009
     10.878380     2.9576804E-007     1.4154342E+000     2.5157022E-009
     10.987710     2.9548100E-007     1.3874697E+000     2.4661009E-009
     11.098140     4.3381027E-007     1.3600568E+000     2.4161200E-009
     11.209670     4.4170472E-007     1.3331871E+000     2.3687400E-009
     11.322330     4.4558365E-007     1.3068456E+000     2.3220159E-009
     11.436130     5.2344697E-007     1.2810222E+000     2.2758361E-009
     11.551060     4.6212141E-007     1.2557115E+000     2.2312714E-009
     11.667150     4.0940580E-007     1.2308993E+000     2.1872886E-009
     11.784410     4.3188532E-007     1.2065761E+000     2.1442497E-009
     11.902850     4.0203342E-007     1.1827328E+000     2.1018998E-009
     12.022470     3.7454724E-007     1.1593621E+000     2.0606989E-009
     12.143300     3.8962111E-007     1.1364512E+000     2.0198465E-009
     12.265350     2.9081316E-007     1.1139916E+000     1.9807096E-009
     12.388620     2.5388444E-007     1.0919766E+000     1.9420041E-009
     12.513130     2.1112361E-007     1.0703960E+000     1.9044027E-009
     12.638890     1.8454853E-007     1.0492417E+000     1.8672150E-009
     12.765910     2.1298111E-007     1.0285057E+000     1.8295020E-009
     12.894210     1.8216323E-007     1.0081785E+000     1.7936466E-009
     13.023800     1.5415345E-007     9.8825261E-001     1.7587519E-009
     13.154690     1.4268504E-007     9.6872048E-001     1.7245510E-009
     13.286900     1.0603236E-007     9.4957337E-001     1.6918753E-009
     13.420440     9.2488100E-008     9.3080417E-001     1.6591310E-009
     13.555320     7.7410444E-008     9.1240589E-001     1.6271390E-009
     13.691550     7.8380013E-008     8.9437167E-001     1.5950243E-009
     13.829150     7.3986974E-008     8.7669345E-001     1.5639445E-009
     13.968140     7.4372672E-008     8.5936347E-001     1.5330044E-009
     14.108520     6.4617944E-008     8.4237657E-001     1.5032927E-009
     14.250320     5.6426110E-008     8.2572408E-001     1.4743344E-009
     14.393540     5.1167211E-008     8.0940108E-001     1.4458921E-009
     14.538200     4.7172183E-008     7.9340040E-001     1.4179399E-009
     14.684310     4.4904524E-008     7.7771617E-001     1.3904057E-009
     14.831890     4.5409903E-008     7.6234156E-001     1.3630679E-009
     14.980950     3.6456050E-008     7.4727095E-001     1.3368736E-009
     15.131520     5.0039090E-008     7.3249687E-001     1.3095016E-009
     15.283590     5.2317153E-008     7.1801588E-001     1.2834618E-009
     15.437190     5.6298243E-008     7.0382078E-001     1.2577413E-009
     15.592340     6.4999647E-008     6.8990554E-001     1.2322582E-009
     15.749050     7.6048256E-008     6.7626513E-001     1.2072670E-009
     15.907330     9.0173010E-008     6.6289461E-001     1.1827936E-009
     15.993430     9.6128682E-008     6.5578728E-001     1.1699115E-009
