   990.72592512674623        334.62966021129995        383.88364267080931        521.39374252748155        878.16274317430566        1795.0368035573733        3657.4167948460795        6095.3952488751474     
   563.81697811448487        334.62966021129995        383.88364267080931        521.39374252748155        863.22573222381641        1711.2845793266938        3236.1150690492841        5068.0001870943224     
   320.86531375413546        334.62966021129995        383.88364267080931        520.80792571631980        846.63759356178207        1578.6221080818239        2764.5517402661908        4063.3915522607522     
   182.60278346856470        334.62966021129995        383.88364267080931        514.90025687082277        814.17105853766463        1404.3558436435173        2302.1488948471042        3100.3860726545872     
   103.91829562486571        334.62966021129995        383.88364267080931        507.91745629258509        769.75699744564542        1229.4539503353967        1807.2470829067156        2360.8307450713100     
   59.139362283795883        334.62966021129995        383.88364267080931        498.61717457715503        720.28048583976931        1055.0882680596135        1440.1394903735768        1811.3334265068229     
   33.655903903192794        334.62966021129995        383.32571910515389        483.16528527824374        658.08112917498227        895.47753293598510        1166.8351913382076        1400.1530445353876     
   19.153400101023951        334.62966021129995        382.09498283521958        462.69924059826633        593.19122340219894        755.24772510861180        935.07015933767582        1085.2273411927429     
   10.900100513868603        334.62966021129995        372.89593248345079        434.76909420744562        529.49721642509724        639.56797681286082        760.50814066584417        860.47196205614512     
   6.2031905868288550        333.03352869420098        358.67179305038223        403.32668881060113        472.45596957348647        545.57637924487733        623.04597072298759        691.14894649019459     
   3.5302035433125663        322.16425501770368        342.54532889854016        373.90429499177003        419.48151187237681        468.75910000860551        520.28468637573155        564.82406301110063     
   2.0090205004627335        307.02990247329370        321.87820041482564        344.31697106604787        374.44949340846603        406.18229820204596        439.15462974485769        476.79839306293371     
   1.1433231318702357        289.17864576373046        300.02847136967114        316.32549571112395        335.36501603360455        355.02905308194158        377.17689469146035        407.43932770775649     
  0.65065925587542950        270.40539056125453        279.30358741077879        289.86032369919656        301.67858033362751        314.31056320420771        329.30276289289492        351.76426272478892     
  0.37028680296518124        250.80552386775253        258.62391881212454        265.62519027116571        272.97678598955116        281.28257557745997        292.74978519586358        307.31200505518143     
  0.21072829628112635        229.00504782146402        238.65547195670024        243.82842538334495        248.54112832692573        254.85368314097755        263.62695644025803        272.67643176428749     
  0.11992437888131237        207.64853283640988        218.98742269397690        224.00195328481453        228.41484548929333        233.54719459051978        240.22742605884224        248.74683963588706     
   6.8248341128721149E-002   185.85909445066156        199.87533581608542        206.18420347772664        211.49770351962172        216.28115660339597        221.72904238227474        228.37758440015702     
   3.8839776451392770E-002   166.04388214708686        180.84355285966382        190.48790311333488        196.93756775387493        202.47459031585427        207.93797375122924        211.79375131954123     
   2.2103515042936707E-002   145.31273101970388        162.30051291209847        176.05662147891721        184.61427940630827        191.41847566228554        197.32405321787220        201.97905627731828     
   1.2578995604281032E-002   121.04040399690888        145.98504914161941        162.35986550782755        174.60646171297918        182.43262482333304        190.00342784923251        194.62541283867932     
   7.1586410625257401E-003   100.43014604027439        129.62981089990123        149.75784421796865        165.68136866689767        175.52516758474837        184.22874898319483        189.57004525575817     
   4.0739454463787992E-003   69.130522153842705        114.07774870046953        137.37551984829392        157.88918253538046        170.43970231212634        180.92619903085290        186.62700442360978     
   2.3184611932777505E-003   48.334752631415846        99.192434815589166        125.87932598389663        151.04128791947340        166.34323258569358        176.93348103068149        184.83136045917891     
   1.3194242229023459E-003   38.109341028485716        86.532854710013538        115.17073030762104        144.81104606636967        162.99783979555195        175.26294695217553        184.83057359442961     
   7.5087747210479336E-004   27.996254646084562        71.408893716079746        104.66843875487301        139.15187241641192        159.74528673580238        174.57272263785384        185.63584892566294     
   4.2732046928337564E-004   19.121402847272861        57.785115989345073        94.791188875173006        133.93026626539938        156.94932623270572        175.22888399481155        186.92473713622263     
   2.4318585954737553E-004   12.921022949717425        44.806129107375234        84.824555948116952        127.73405137933371        154.69931866994483        176.38823721617848        191.75819678699105     
   1.3839580955008705E-004   7.6916765681451658        33.091812823193457        75.955417609807625        121.90898298963279        152.11329909525213        178.38683500081376        203.92592145185796     
   7.8760336380876548E-005   6.0573381576967869        22.455103625463757        66.268457399093251        116.32135884209255        149.55375803894464        182.71911508797714        231.37546028997798     
   4.4822098349616868E-005   3.7089090047191284        16.572506661933669        56.197166234920779        109.99962249989912        147.39757718061369        187.55418125858117        247.90572801239813     
   2.5508023362766251E-005   3.5078536985176672        11.508762733215491        47.132388576050076        104.12511449042668        144.98954513547690        192.31003485718497        255.83829452303866     
   1.4516483605926282E-005   3.5481360627834775        8.5998041954007967        37.005783010093452        95.939628374919906        142.26545153382364        198.16823280618777        248.13343824035712     
   8.2612554208619726E-006   3.5918841361902247        7.2172780480847214        29.673374307719168        88.835625667644649        138.93446782864925        200.09562179548880        264.13894181842369     
   4.7014375506792184E-006   3.4487749500278166        5.5132691204916275        23.975682571991918        80.369115542359225        135.60130667104744        203.81112646916756        294.07525924197222     
   2.6755636906128271E-006   3.5241166936464090        5.1671473289575225        19.662454603092016        70.716533549609466        129.11911166711678        205.26433661242680        297.18887267974225     
   1.5226493993292586E-006   3.3833195548130126        4.9457649643260773        15.290978052216438        59.799055958897824        120.73861813722490        208.04159058930509        295.91011455108281     
   8.6653186444861560E-007   3.3514814727275284        4.7748159323240902        13.526812238429173        52.271090818663311        117.48908093492329        207.72589082252057        302.69687477865114     
   4.9313878325211476E-007   3.3559181272466465        4.4569272498038268        12.080560580088648        45.012946607171052        113.39461005695529        213.87201538089138        284.22750048405328     
   2.8064272016369322E-007   3.3259863232773590        4.4129012906124627        11.129151135916663        40.674186196253331        109.35510278373653        216.75387112163085        308.83324874069842     
   1.5971231437420862E-007   3.2714214406315993        3.9731862978466777        10.471583678746930        37.407169648926477        107.10283469903931        232.01267935187303        321.31302322356476     
   9.0891448557396622E-008   3.3170815641826890        4.0128884365580522        9.9499135533563070        34.414580060939116        107.67421437316005        238.44268290999773        311.14248014236944     
   5.1725851279730756E-008   3.2730077111728586        4.0722723066923967        9.5504948448119613        32.277561991428868        113.81476070131814        254.32810522761849        358.22982130599729     
   2.9436913296889819E-008   3.2860500904319534        4.0444343269787133        9.5828678424092644        33.336943178273323        121.20147961029384        267.40716617642227        369.39789408533346     
   1.6752394460604516E-008   3.3234527345443503        4.1027462741937661        9.5824539659135262        34.456732547269240        124.87851849738374        275.99746979572967        357.64676228957757     
   9.5337006748374835E-009   3.3436619898221238        4.3398835887257405        9.9681309877261945        37.037572889572317        137.29033029479768        294.80223567756332        416.73387065847993     
   5.4255795355786305E-009   3.3926189222865837        4.4299531916379937        10.350906125461828        39.299123578430859        138.05635968323517        294.76583487311166        460.94943533977658     
   3.0876691329929587E-009   3.3826530799364707        4.5586812851211063        10.953460843295332        40.258144749896893        136.26105460764390        308.78351572529215        451.21363685819733     
   1.7571764660935278E-009   3.3406689247661769        4.8069093159896568        12.029549259079324        40.690121260484105        143.49780762769808        306.01627859022062        564.46366138659607     
   1.0000000000000007E-009   3.2230996906188976        3.6095272764314159        8.0160374722948529        36.718358379943901        185.00084209833082        471.47476012677157        687.68668004085282     
