#      par      median  1sig lower  1sig upper  (  3sig lower  3sig upper)
      pmax  3.0670E-01  2.7850E-03  3.7971E+01  (  1.0077E-04  9.2686E+02)
        H2  3.5411E-05  8.9983E-08  2.1689E-02  (  1.0101E-09  1.8259E+01)
       H2O  5.0006E+01  5.6412E+00  2.3192E+02  (  4.2644E-01  8.8586E+02)
       CO2  7.7874E+01  9.2448E+00  3.8013E+02  (  5.6567E-01  9.8370E+02)
       CH4  9.1872E-07  1.7757E-08  5.6727E-05  (  1.0401E-09  1.1502E-02)
       NH3  7.5335E-07  2.7880E-08  1.6996E-05  (  1.1156E-09  2.5950E-04)
        N2  7.6225E-04  3.2103E-07  1.3043E+00  (  1.0481E-09  7.8392E+02)
        Rp  9.7535E-02  9.2762E-02  1.0315E-01  (  8.4038E-02  1.1600E-01)
        Mp  4.3241E-03  3.0357E-03  5.4019E-03  (  1.2428E-03  5.9836E-03)
 Tpoint001  3.6718E+01  7.9901E+00  1.8500E+02  (  2.7205E+00  6.8769E+02)
 Tpoint002  3.8152E+01  8.2337E+00  1.7524E+02  (  2.7216E+00  6.1956E+02)
 Tpoint003  2.6463E+01  6.9223E+00  1.1520E+02  (  2.7095E+00  4.9938E+02)
 Tpoint004  9.4250E+01  4.9997E+01  1.3589E+02  (  3.5849E+00  2.6784E+02)
 Tpoint005  1.8392E+02  1.4119E+02  2.4433E+02  (  3.3963E+01  7.0249E+02)
 Tpoint006  1.7982E+03  9.0786E+02  3.3182E+03  (  4.1267E+02  8.1831E+03)
 Ppoint002  1.1915E-08  2.2761E-09  1.2141E-07  (  1.0060E-09  1.7243E-05)
 Ppoint003  2.5003E-07  2.2890E-08  3.2531E-06  (  2.0210E-09  4.3207E-04)
 Ppoint004  4.5358E-06  2.8762E-07  6.9564E-05  (  4.1223E-09  1.2355E-02)
 Ppoint005  2.0228E-02  1.6986E-03  1.9872E-01  (  5.5256E-06  3.5892E+01)
       C/O  3.7608E-01  3.4146E-01  4.0929E-01  (  2.7367E-01  4.6028E-01)
       [Z]  3.5130E+00  3.3872E+00  3.6656E+00  (  3.2048E+00  4.1193E+00)
   hotspot  0.0000E+00  0.0000E+00  0.0000E+00  (  0.0000E+00  0.0000E+00)
       MMW  3.3195E+01  3.1081E+01  3.5581E+01  (  2.7609E+01  3.9894E+01)
