#  lambda [mu]            Morning            Evening       Rp^2/Rstar^2
      6.030151     8.2600470E-005     0.0000000E+000     8.2600470E-005
      6.090755     8.2597524E-005     0.0000000E+000     8.2597524E-005
      6.151969     8.2586524E-005     0.0000000E+000     8.2586524E-005
      6.213798     8.2525769E-005     0.0000000E+000     8.2525769E-005
      6.276248     8.2474309E-005     0.0000000E+000     8.2474309E-005
      6.339326     8.2540596E-005     0.0000000E+000     8.2540596E-005
      6.403038     8.2591992E-005     0.0000000E+000     8.2591992E-005
      6.467390     8.2593489E-005     0.0000000E+000     8.2593489E-005
      6.532389     8.2607166E-005     0.0000000E+000     8.2607166E-005
      6.598041     8.2607360E-005     0.0000000E+000     8.2607360E-005
      6.664353     8.2587129E-005     0.0000000E+000     8.2587129E-005
      6.731331     8.2535191E-005     0.0000000E+000     8.2535191E-005
      6.798983     8.2539678E-005     0.0000000E+000     8.2539678E-005
      6.867314     8.2546777E-005     0.0000000E+000     8.2546777E-005
      6.936333     8.2498939E-005     0.0000000E+000     8.2498939E-005
      7.006044     8.2527839E-005     0.0000000E+000     8.2527839E-005
      7.076457     8.2489761E-005     0.0000000E+000     8.2489761E-005
      7.147577     8.2492095E-005     0.0000000E+000     8.2492095E-005
      7.219412     8.2464825E-005     0.0000000E+000     8.2464825E-005
      7.291969     8.2470883E-005     0.0000000E+000     8.2470883E-005
      7.365255     8.2427710E-005     0.0000000E+000     8.2427710E-005
      7.439278     8.2412713E-005     0.0000000E+000     8.2412713E-005
      7.514044     8.2366560E-005     0.0000000E+000     8.2366560E-005
      7.589562     8.2396109E-005     0.0000000E+000     8.2396109E-005
      7.665839     8.2321520E-005     0.0000000E+000     8.2321520E-005
      7.742883     8.2340435E-005     0.0000000E+000     8.2340435E-005
      7.820701     8.2344299E-005     0.0000000E+000     8.2344299E-005
      7.899301     8.2370689E-005     0.0000000E+000     8.2370689E-005
      7.978691     8.2290510E-005     0.0000000E+000     8.2290510E-005
      8.058879     8.2261891E-005     0.0000000E+000     8.2261891E-005
      8.139872     8.2240100E-005     0.0000000E+000     8.2240100E-005
      8.221680     8.2268901E-005     0.0000000E+000     8.2268901E-005
      8.304310     8.2218229E-005     0.0000000E+000     8.2218229E-005
      8.387771     8.2230949E-005     0.0000000E+000     8.2230949E-005
      8.472070     8.2240184E-005     0.0000000E+000     8.2240184E-005
      8.557216     8.2233593E-005     0.0000000E+000     8.2233593E-005
      8.643218     8.2171537E-005     0.0000000E+000     8.2171537E-005
      8.730085     8.2180716E-005     0.0000000E+000     8.2180716E-005
      8.817824     8.2198990E-005     0.0000000E+000     8.2198990E-005
      8.906446     8.2176971E-005     0.0000000E+000     8.2176971E-005
      8.995958     8.2196853E-005     0.0000000E+000     8.2196853E-005
      9.086369     8.2225046E-005     0.0000000E+000     8.2225046E-005
      9.177690     8.2274773E-005     0.0000000E+000     8.2274773E-005
      9.269928     8.2310887E-005     0.0000000E+000     8.2310887E-005
      9.363093     8.2291140E-005     0.0000000E+000     8.2291140E-005
      9.457194     8.2289014E-005     0.0000000E+000     8.2289014E-005
      9.552242     8.2285233E-005     0.0000000E+000     8.2285233E-005
      9.648244     8.2257717E-005     0.0000000E+000     8.2257717E-005
      9.745211     8.2230452E-005     0.0000000E+000     8.2230452E-005
      9.843153     8.2208027E-005     0.0000000E+000     8.2208027E-005
      9.942079     8.2171560E-005     0.0000000E+000     8.2171560E-005
     10.042000     8.2192761E-005     0.0000000E+000     8.2192761E-005
     10.142920     8.2239461E-005     0.0000000E+000     8.2239461E-005
     10.244860     8.2281191E-005     0.0000000E+000     8.2281191E-005
     10.347830     8.2291269E-005     0.0000000E+000     8.2291269E-005
     10.451820     8.2259812E-005     0.0000000E+000     8.2259812E-005
     10.556870     8.2278305E-005     0.0000000E+000     8.2278305E-005
     10.662970     8.2259796E-005     0.0000000E+000     8.2259796E-005
     10.770130     8.2267846E-005     0.0000000E+000     8.2267846E-005
     10.878380     8.2229349E-005     0.0000000E+000     8.2229349E-005
     10.987710     8.2232715E-005     0.0000000E+000     8.2232715E-005
     11.098140     8.2189958E-005     0.0000000E+000     8.2189958E-005
     11.209670     8.2202227E-005     0.0000000E+000     8.2202227E-005
     11.322330     8.2204994E-005     0.0000000E+000     8.2204994E-005
     11.436130     8.2194284E-005     0.0000000E+000     8.2194284E-005
     11.551060     8.2209089E-005     0.0000000E+000     8.2209089E-005
     11.667150     8.2213070E-005     0.0000000E+000     8.2213070E-005
     11.784410     8.2220088E-005     0.0000000E+000     8.2220088E-005
     11.902850     8.2220987E-005     0.0000000E+000     8.2220987E-005
     12.022470     8.2234253E-005     0.0000000E+000     8.2234253E-005
     12.143300     8.2228974E-005     0.0000000E+000     8.2228974E-005
     12.265350     8.2261416E-005     0.0000000E+000     8.2261416E-005
     12.388620     8.2279965E-005     0.0000000E+000     8.2279965E-005
     12.513130     8.2313602E-005     0.0000000E+000     8.2313602E-005
     12.638890     8.2333404E-005     0.0000000E+000     8.2333404E-005
     12.765910     8.2296903E-005     0.0000000E+000     8.2296903E-005
     12.894210     8.2310785E-005     0.0000000E+000     8.2310785E-005
     13.023800     8.2336789E-005     0.0000000E+000     8.2336789E-005
     13.154690     8.2363512E-005     0.0000000E+000     8.2363512E-005
     13.286900     8.2432247E-005     0.0000000E+000     8.2432247E-005
     13.420440     8.2466897E-005     0.0000000E+000     8.2466897E-005
     13.555320     8.2507587E-005     0.0000000E+000     8.2507587E-005
     13.691550     8.2509997E-005     0.0000000E+000     8.2509997E-005
     13.829150     8.2533619E-005     0.0000000E+000     8.2533619E-005
     13.968140     8.2532278E-005     0.0000000E+000     8.2532278E-005
     14.108520     8.2564734E-005     0.0000000E+000     8.2564734E-005
     14.250320     8.2607287E-005     0.0000000E+000     8.2607287E-005
     14.393540     8.2647438E-005     0.0000000E+000     8.2647438E-005
     14.538200     8.2684235E-005     0.0000000E+000     8.2684235E-005
     14.684310     8.2713749E-005     0.0000000E+000     8.2713749E-005
     14.831890     8.2722792E-005     0.0000000E+000     8.2722792E-005
     14.980950     8.2769353E-005     0.0000000E+000     8.2769353E-005
     15.131520     8.2709915E-005     0.0000000E+000     8.2709915E-005
     15.283590     8.2700132E-005     0.0000000E+000     8.2700132E-005
     15.437190     8.2677349E-005     0.0000000E+000     8.2677349E-005
     15.592340     8.2636017E-005     0.0000000E+000     8.2636017E-005
     15.749050     8.2593078E-005     0.0000000E+000     8.2593078E-005
     15.907330     8.2550894E-005     0.0000000E+000     8.2550894E-005
     15.993430     8.2536740E-005     0.0000000E+000     8.2536740E-005
