   6.0301510000000009        7.2430203040184244E-005   8.0266914031939336E-005   8.8328348502330440E-005   9.7710938892199689E-005   1.1000493058360105E-004   1.2527011511539212E-004   1.3925783672644884E-004
   6.0907549999999997        7.2427920502817378E-005   8.0264287054294671E-005   8.8325793047049802E-005   9.7707660050535853E-005   1.0999112000227530E-004   1.2525223548842066E-004   1.3924998529892663E-004
   6.1519690000000002        7.2420659594100436E-005   8.0254648167772514E-005   8.8313294483777810E-005   9.7698016493618156E-005   1.0997358841394720E-004   1.2523549396724790E-004   1.3924548810150477E-004
   6.2137979999999997        7.2369949561497301E-005   8.0201290540139053E-005   8.8247175443849197E-005   9.7625851613042700E-005   1.0985389484102683E-004   1.2505314505359953E-004   1.3907831103897208E-004
   6.2762479999999998        7.2326846434979261E-005   8.0156207962074451E-005   8.8199290699907858E-005   9.7551229533415253E-005   1.0969867456616303E-004   1.2494027666570991E-004   1.3892285505178893E-004
   6.3393259999999998        7.2382532254654128E-005   8.0214137021778081E-005   8.8268617706400355E-005   9.7644003667051813E-005   1.0988431382790909E-004   1.2508682844785708E-004   1.3912452406512159E-004
   6.4030379999999996        7.2421409474152465E-005   8.0258627165099913E-005   8.8321064921082409E-005   9.7699010387993729E-005   1.0997470493856756E-004   1.2518366114349725E-004   1.3921883940747466E-004
   6.4673900000000000        7.2421253931026627E-005   8.0260016148648940E-005   8.8322438300440578E-005   9.7698551520890330E-005   1.0997368538626586E-004   1.2516643209993297E-004   1.3920031213420723E-004
   6.5323890000000011        7.2431961087749652E-005   8.0272140485198866E-005   8.8331950330342691E-005   9.7712808897649440E-005   1.1001696463925115E-004   1.2519308399271001E-004   1.3922432193385151E-004
   6.5980410000000012        7.2431420654025025E-005   8.0273116010785717E-005   8.8325977451487634E-005   9.7709728712973518E-005   1.1001562382833302E-004   1.2517572363833401E-004   1.3919618436873481E-004
   6.6643530000000002        7.2415455623668911E-005   8.0254458697743736E-005   8.8317835505342823E-005   9.7689159646641643E-005   1.0996032192020215E-004   1.2514580483310742E-004   1.3917005577262508E-004
   6.7313310000000008        7.2372473559894970E-005   8.0208600258365137E-005   8.8253077222299678E-005   9.7630475792546352E-005   1.0985778186564276E-004   1.2504601185285780E-004   1.3903342988153664E-004
   6.7989830000000007        7.2376010390879454E-005   8.0212121764397268E-005   8.8256834169360082E-005   9.7634453255144687E-005   1.0986863525263049E-004   1.2505703708226934E-004   1.3905179042460417E-004
   6.8673140000000004        7.2381665785051694E-005   8.0218536510279288E-005   8.8265914897072933E-005   9.7644391141778447E-005   1.0988139915486370E-004   1.2506898611600538E-004   1.3906402027442601E-004
   6.9363330000000003        7.2342857067634684E-005   8.0176918207716145E-005   8.8220800380239765E-005   9.7580645264223236E-005   1.0973760144569773E-004   1.2497591433807082E-004   1.3893942665166276E-004
   7.0060440000000010        7.2365924955974798E-005   8.0202192407760638E-005   8.8246325978564476E-005   9.7616274640449944E-005   1.0983308095233922E-004   1.2502937212068669E-004   1.3900319972014316E-004
   7.0764570000000004        7.2335074802827917E-005   8.0168980165552572E-005   8.8213104472565287E-005   9.7568585619404381E-005   1.0970773804002200E-004   1.2495788127811199E-004   1.3891629236401057E-004
   7.1475770000000001        7.2336626587984887E-005   8.0170641408139681E-005   8.8215153057246586E-005   9.7568687941485352E-005   1.0971605813034962E-004   1.2496601690648027E-004   1.3892994865896796E-004
   7.2194120000000011        7.2314830962041973E-005   8.0146815564779666E-005   8.8190794869764689E-005   9.7542843558451399E-005   1.0967166964859710E-004   1.2492232244589938E-004   1.3889085071323008E-004
   7.2919690000000008        7.2319680886861090E-005   8.0152269586632695E-005   8.8197008456393703E-005   9.7544107312147354E-005   1.0967384573672630E-004   1.2492636038557376E-004   1.3888387503887848E-004
   7.3652550000000012        7.2285003391724107E-005   8.0114585994973695E-005   8.8149088399279784E-005   9.7489882503454958E-005   1.0961320841914817E-004   1.2484617204523956E-004   1.3878674679834943E-004
   7.4392779999999998        7.2273075524057647E-005   8.0101919247540512E-005   8.8133048339402744E-005   9.7470592253240469E-005   1.0959161553649408E-004   1.2481836864837212E-004   1.3874997352022653E-004
   7.5140440000000002        7.2235034197019621E-005   8.0060651119204319E-005   8.8084754224936499E-005   9.7415906797068019E-005   1.0954167709150629E-004   1.2474138382205887E-004   1.3866725521326448E-004
   7.5895620000000008        7.2259335418108843E-005   8.0086521749880014E-005   8.8115903170850438E-005   9.7452528827771248E-005   1.0957567229317598E-004   1.2479101604237033E-004   1.3872369399105767E-004
   7.6658390000000001        7.2193871155452441E-005   8.0028600212976258E-005   8.8066005986207779E-005   9.7383829419886003E-005   1.0950573025414470E-004   1.2470044400808672E-004   1.3864188097042563E-004
   7.7428830000000000        7.2208706837046234E-005   8.0044080463778159E-005   8.8076242122844155E-005   9.7414205297854494E-005   1.0955083939056512E-004   1.2474335523145495E-004   1.3871339020613780E-004
   7.8207009999999997        7.2212444817228738E-005   8.0047552814714810E-005   8.8074063117999431E-005   9.7418187652449496E-005   1.0955558520991353E-004   1.2474935501228349E-004   1.3872146023668878E-004
   7.8993010000000004        7.2237897392475210E-005   8.0063319045303721E-005   8.8087849596482846E-005   9.7424407103489328E-005   1.0955600406564817E-004   1.2475378200948979E-004   1.3869176747055190E-004
   7.9786910000000013        7.2168614422545263E-005   7.9999789068482474E-005   8.8010626148907022E-005   9.7336544179098719E-005   1.0943627454812358E-004   1.2461432061418301E-004   1.3852628925466905E-004
   8.0588790000000010        7.2144500733041693E-005   7.9973695529219317E-005   8.7972256537959608E-005   9.7277097531262577E-005   1.0936844778645137E-004   1.2454508011839995E-004   1.3842286318093994E-004
   8.1398720000000022        7.2127074396254520E-005   7.9953573231811179E-005   8.7930612038802079E-005   9.7249133107749652E-005   1.0926364322742132E-004   1.2445030831670454E-004   1.3833051799253500E-004
   8.2216799999999992        7.2153999923172703E-005   7.9976299325225177E-005   8.7969404392130606E-005   9.7277816747877633E-005   1.0928651836328395E-004   1.2449658173610569E-004   1.3834538896162596E-004
   8.3043099999999992        7.2110782994921788E-005   7.9933202700923777E-005   8.7892335826602764E-005   9.7200630530770477E-005   1.0915946111015219E-004   1.2431741635479996E-004   1.3820447535540999E-004
   8.3877710000000008        7.2123049942853700E-005   7.9943176675773746E-005   8.7911315140331724E-005   9.7219250234815920E-005   1.0917478937986593E-004   1.2433821923080166E-004   1.3820882743247458E-004
   8.4720700000000004        7.2131609700724848E-005   7.9950608681714032E-005   8.7924824648109707E-005   9.7232953855601621E-005   1.0918668511683900E-004   1.2435488387925429E-004   1.3821301524363035E-004
   8.5572160000000004        7.2125213444024775E-005   7.9944728794269649E-005   8.7915303588094267E-005   9.7219752488106594E-005   1.0917059953771961E-004   1.2432259257506983E-004   1.3818444459577625E-004
   8.6432179999999992        7.2076131275219921E-005   7.9891126474439657E-005   8.7825325728889547E-005   9.7109954166169099E-005   1.0903094828012813E-004   1.2407091028919862E-004   1.3797376330105496E-004
   8.7300850000000008        7.2083534266731314E-005   7.9898891372551874E-005   8.7834350413712044E-005   9.7119385117906278E-005   1.0904778526524647E-004   1.2410201801453310E-004   1.3799359356126483E-004
   8.8178239999999999        7.2098499018470656E-005   7.9914622921473810E-005   8.7861589955963955E-005   9.7149696543316489E-005   1.0908854786766654E-004   1.2417391254692322E-004   1.3805043675023721E-004
   8.9064460000000008        7.2082592937073916E-005   7.9895529771840281E-005   8.7833106378457839E-005   9.7110568460531370E-005   1.0902875560184252E-004   1.2406772483250351E-004   1.3796320703160576E-004
   8.9959579999999999        7.2097510407135337E-005   7.9912747088680582E-005   8.7857396323489824E-005   9.7146892947292356E-005   1.0908653002453929E-004   1.2417770360872012E-004   1.3805073467752421E-004
   9.0863689999999995        7.2118778929233684E-005   7.9935938832929963E-005   8.7892221450826458E-005   9.7217641155844089E-005   1.0917463987946686E-004   1.2436018451570234E-004   1.3818758859668318E-004
   9.1776900000000001        7.2157194201928512E-005   7.9978167093719421E-005   8.7964690723964326E-005   9.7300883811331690E-005   1.0929883052894971E-004   1.2456555239021770E-004   1.3837957176558025E-004
   9.2699280000000002        7.2184682210837489E-005   8.0010328659137748E-005   8.8026913997215709E-005   9.7356310621900821E-005   1.0938773004179794E-004   1.2465824570502285E-004   1.3853110774064668E-004
   9.3630929999999992        7.2169827850152301E-005   7.9993834750205839E-005   8.7997903235475391E-005   9.7327675475706170E-005   1.0933672629042209E-004   1.2460933259909765E-004   1.3845989321748059E-004
   9.4571939999999994        7.2166827915463440E-005   7.9992395274840734E-005   8.7992963138926015E-005   9.7328580625018091E-005   1.0933858533283787E-004   1.2461117894234784E-004   1.3846392998207170E-004
   9.5522419999999997        7.2165177998518754E-005   7.9989226431417842E-005   8.7987199961762639E-005   9.7320212796985663E-005   1.0932577996312272E-004   1.2459832258402404E-004   1.3844297423250192E-004
   9.6482440000000000        7.2144386261557426E-005   7.9964832516359313E-005   8.7942248135001701E-005   9.7276393500860201E-005   1.0925691241547069E-004   1.2452075451328587E-004   1.3833155422403567E-004
   9.7452110000000012        7.2121745855602428E-005   7.9941349828394184E-005   8.7901026412464010E-005   9.7232217306292284E-005   1.0919403744611503E-004   1.2440234400731327E-004   1.3822829412704309E-004
   9.8431530000000009        7.2107103595394313E-005   7.9922449483220512E-005   8.7870222618487539E-005   9.7176444410930046E-005   1.0912696155179413E-004   1.2427484392740618E-004   1.3812536195182350E-004
   9.9420790000000014        7.2076158206446796E-005   7.9891771502300086E-005   8.7823697372471039E-005   9.7115903494438777E-005   1.0904794185162034E-004   1.2413428398765796E-004   1.3801487368076627E-004
   10.042000000000000        7.2094114293076473E-005   7.9910523528376655E-005   8.7848529894725731E-005   9.7147178263091879E-005   1.0909838089521281E-004   1.2423473102483933E-004   1.3809687696675463E-004
   10.142920000000000        7.2124276788757322E-005   7.9949002968782897E-005   8.7911394255711146E-005   9.7249098160124997E-005   1.0923052749348220E-004   1.2447251820092671E-004   1.3828770406305678E-004
   10.244860000000001        7.2160029814059574E-005   7.9985720239460182E-005   8.7980146657591380E-005   9.7317131625382147E-005   1.0931714376844304E-004   1.2458993690504431E-004   1.3843075653574352E-004
   10.347830000000000        7.2186325096337657E-005   7.9995416233051033E-005   8.7996744286530617E-005   9.7301615565288557E-005   1.0928491072946513E-004   1.2456579871972047E-004   1.3840248999963679E-004
   10.451820000000000        7.2144767074231491E-005   7.9967257285391439E-005   8.7948124789825750E-005   9.7279094712285610E-005   1.0926336552454923E-004   1.2453348135861177E-004   1.3835130253228632E-004
   10.556870000000000        7.2158597175607178E-005   7.9982602772735311E-005   8.7974835775156583E-005   9.7312258056955612E-005   1.0931090023206589E-004   1.2458208620950471E-004   1.3841691072394348E-004
   10.662970000000000        7.2146638793243328E-005   7.9966526189705916E-005   8.7945135894820989E-005   9.7283547420070669E-005   1.0926332882141296E-004   1.2453171401502700E-004   1.3834054734645045E-004
   10.770130000000002        7.2170964100734314E-005   7.9974968914215411E-005   8.7965883294716980E-005   9.7255417913972393E-005   1.0921854931860807E-004   1.2445586988156255E-004   1.3828538734857163E-004
   10.878380000000000        7.2119697787913651E-005   7.9939467201587213E-005   8.7895824316674704E-005   9.7235602650213871E-005   1.0919763547451523E-004   1.2440807713260784E-004   1.3822499712620514E-004
   10.987710000000002        7.2124753528661779E-005   7.9942082766643611E-005   8.7901381810851121E-005   9.7234333759780946E-005   1.0919300815065925E-004   1.2439603453093796E-004   1.3821280285429194E-004
   11.098140000000003        7.2083755998282592E-005   7.9906637130121912E-005   8.7837084675497794E-005   9.7169870918077731E-005   1.0912410797744108E-004   1.2428201528915075E-004   1.3812102022823738E-004
   11.209670000000001        7.2102637551825469E-005   7.9918094614244773E-005   8.7862119279460691E-005   9.7167161555172574E-005   1.0911868530071439E-004   1.2426907560106597E-004   1.3811795375574213E-004
   11.322330000000001        7.2099044202458183E-005   7.9919432466977802E-005   8.7864631433105737E-005   9.7185089707513118E-005   1.0913587182107602E-004   1.2428968600666112E-004   1.3813136972196639E-004
   11.436130000000002        7.2093900740013327E-005   7.9910940224129428E-005   8.7852383632434209E-005   9.7154826164534027E-005   1.0910346273667588E-004   1.2424097430772371E-004   1.3809585808301323E-004
   11.551060000000000        7.2106003351410556E-005   7.9922642520599061E-005   8.7870109665907293E-005   9.7183844693727285E-005   1.0913732054602669E-004   1.2430576184875074E-004   1.3814510781706317E-004
   11.667149999999999        7.2109909012905309E-005   7.9925954057091905E-005   8.7875002720877080E-005   9.7190489159228906E-005   1.0914106136242021E-004   1.2430227184169902E-004   1.3813907169609238E-004
   11.784409999999999        7.2117536124939542E-005   7.9932800423194935E-005   8.7889953127514182E-005   9.7197796016879024E-005   1.0915208554572193E-004   1.2432464393536180E-004   1.3816609272082020E-004
   11.902850000000001        7.2111393892696998E-005   7.9932930880374214E-005   8.7886550723743144E-005   9.7218971032232910E-005   1.0917654543204748E-004   1.2436724618665636E-004   1.3819554062441758E-004
   12.022470000000000        7.2125039709712289E-005   7.9943685716698921E-005   8.7904496373311165E-005   9.7242571630828720E-005   1.0920860407361322E-004   1.2443538537701117E-004   1.3824475263519030E-004
   12.143300000000000        7.2117369142385090E-005   7.9940593451931474E-005   8.7899694865938192E-005   9.7235573305156088E-005   1.0919949770903238E-004   1.2441524851327231E-004   1.3824086607283899E-004
   12.265350000000000        7.2147392929249521E-005   7.9967980230767678E-005   8.7949537417161887E-005   9.7281545225862023E-005   1.0926046599641155E-004   1.2452649122848673E-004   1.3833752688025781E-004
   12.388620000000001        7.2161425892639517E-005   7.9983884528424284E-005   8.7979965039335626E-005   9.7312787618174923E-005   1.0930544926755224E-004   1.2457740064144923E-004   1.3841148623598338E-004
   12.513130000000000        7.2189605622493422E-005   8.0012203000208920E-005   8.8028982884405949E-005   9.7350423202212811E-005   1.0936696189688340E-004   1.2463624605995558E-004   1.3849378894860342E-004
   12.638890000000000        7.2202488261353519E-005   8.0026405895338725E-005   8.8053239059740474E-005   9.7386113098965176E-005   1.0943734713600382E-004   1.2470191980195453E-004   1.3857736733641600E-004
   12.765910000000002        7.2174114935833085E-005   7.9997835747511764E-005   8.8002586152736376E-005   9.7335286379280115E-005   1.0934961450500519E-004   1.2461668857229172E-004   1.3846151070799696E-004
   12.894209999999999        7.2185387120589776E-005   8.0008627490715879E-005   8.8022655454441813E-005   9.7352592634625075E-005   1.0938261948231097E-004   1.2464723517957764E-004   1.3850083428507208E-004
   13.023800000000001        7.2206742792895259E-005   8.0031304178375948E-005   8.8059188737849085E-005   9.7391553092960974E-005   1.0944957080043890E-004   1.2471485192716052E-004   1.3860309531930960E-004
   13.154690000000000        7.2226210598500372E-005   8.0053543052353073E-005   8.8089622544265978E-005   9.7432168571280088E-005   1.0952726347966526E-004   1.2478190575849202E-004   1.3869676042708789E-004
   13.286899999999999        7.2280917883924608E-005   8.0111673136529866E-005   8.8147497026877183E-005   9.7515669967701844E-005   1.0965913681154674E-004   1.2491514997952085E-004   1.3886109230831203E-004
   13.420439999999999        7.2308464122432218E-005   8.0141757342325467E-005   8.8171023338794947E-005   9.7558934401970949E-005   1.0973235551101280E-004   1.2498509433326343E-004   1.3894350246135986E-004
   13.555320000000000        7.2340353044577353E-005   8.0176807663866843E-005   8.8214132425655734E-005   9.7604769592458523E-005   1.0981320835781815E-004   1.2505575468355916E-004   1.3901801572982771E-004
   13.691549999999999        7.2342956053424450E-005   8.0179447455561568E-005   8.8213690464437243E-005   9.7606709061573386E-005   1.0981591231202743E-004   1.2505869005267423E-004   1.3902532652803934E-004
   13.829150000000002        7.2362276438676850E-005   8.0200737243846807E-005   8.8249623044628559E-005   9.7631637193787576E-005   1.0988693574498704E-004   1.2509571222876748E-004   1.3906479876745110E-004
   13.968140000000002        7.2360620458559481E-005   8.0198972995207550E-005   8.8246652943612340E-005   9.7630282175319865E-005   1.0987353073091360E-004   1.2509413302020847E-004   1.3905801097865701E-004
   14.108520000000002        7.2386555472069770E-005   8.0227397526901252E-005   8.8293714209280492E-005   9.7664971869690240E-005   1.0995788512853952E-004   1.2514577918676099E-004   1.3910475592923029E-004
   14.250320000000002        7.2420568843913855E-005   8.0264611834296120E-005   8.8332071817268855E-005   9.7707203367192042E-005   1.1005587129350630E-004   1.2520776564283094E-004   1.3916730681803519E-004
   14.393540000000002        7.2453915037596522E-005   8.0300098639539869E-005   8.8367647810169564E-005   9.7750946595845888E-005   1.1011299005074758E-004   1.2541581692274349E-004   1.3930061706026139E-004
   14.538200000000000        7.2486647209263935E-005   8.0333705372571758E-005   8.8420694102693952E-005   9.7805050949308848E-005   1.1018335059099505E-004   1.2565382019797585E-004   1.3944426990033205E-004
   14.684310000000000        7.2513437050720106E-005   8.0359928770747913E-005   8.8449903827164634E-005   9.7844616166633457E-005   1.1025478251215649E-004   1.2576544080834456E-004   1.3952432672615820E-004
   14.831890000000000        7.2522066608360017E-005   8.0368360779138417E-005   8.8457406440754855E-005   9.7857554274293816E-005   1.1028347472299704E-004   1.2582440996685809E-004   1.3954546901355502E-004
   14.980950000000000        7.2570909351781285E-005   8.0426384752321940E-005   8.8559682967871795E-005   9.7948077777720941E-005   1.1037104854773780E-004   1.2604184867502305E-004   1.3960931050875305E-004
   15.131520000000000        7.2511572366520076E-005   8.0357066982220419E-005   8.8445750281113548E-005   9.7844815156520375E-005   1.1025432443562256E-004   1.2575486079216967E-004   1.3952733476817840E-004
   15.283590000000002        7.2501023047994288E-005   8.0346830965889488E-005   8.8436593592203133E-005   9.7829453574848566E-005   1.1022697923573431E-004   1.2573893402751112E-004   1.3950028962539333E-004
   15.437190000000001        7.2481247277322221E-005   8.0328336265390391E-005   8.8412575964253525E-005   9.7795392211480437E-005   1.1016539885343596E-004   1.2563137362815363E-004   1.3942593521263638E-004
   15.592340000000000        7.2444619583947502E-005   8.0290040091872929E-005   8.8357820813403609E-005   9.7739900027699620E-005   1.1009813661263963E-004   1.2533455313426539E-004   1.3927581941892552E-004
   15.749050000000002        7.2409469177634776E-005   8.0252363585213982E-005   8.8319315460189417E-005   9.7692472795461269E-005   1.1000981411010787E-004   1.2518586597830424E-004   1.3914340109805290E-004
   15.907330000000000        7.2375123793291587E-005   8.0214886314267098E-005   8.8273180081265844E-005   9.7650816840789265E-005   1.0992629904825987E-004   1.2512489905733604E-004   1.3908546658896747E-004
   15.993430000000000        7.2364681183968702E-005   8.0203391848740241E-005   8.8252895839152908E-005   9.7634806357641446E-005   1.0988269057892494E-004   1.2510062419430809E-004   1.3906361029539216E-004
