   6.0301510000000009        9.5338365420926863E-005   1.1064697279111176E-005   9.8952684064530915E-005
   6.0907549999999997        9.5334498316778906E-005   1.1063380576478132E-005   9.8948415978273408E-005
   6.1519690000000002        9.5320095859759775E-005   1.1061679782884222E-005   9.8936548978681825E-005
   6.2137979999999997        9.5241359634278282E-005   1.1032167697325211E-005   9.8844722036313813E-005
   6.2762479999999998        9.5174103356657333E-005   1.1005584631191566E-005   9.8764062608831753E-005
   6.3393259999999998        9.5260279713977857E-005   1.1040162675319256E-005   9.8868054512078217E-005
   6.4030379999999996        9.5326360711108052E-005   1.1058066629406753E-005   9.8935808277692932E-005
   6.4673900000000000        9.5327745134722076E-005   1.1055612702378611E-005   9.8933353631100297E-005
   6.5323890000000011        9.5346401670945343E-005   1.1060191231672308E-005   9.8951501804738314E-005
   6.5980410000000012        9.5349918894355759E-005   1.1056319976765038E-005   9.8947756596235898E-005
   6.6643530000000002        9.5321686624567510E-005   1.1050392974908659E-005   9.8921511150802685E-005
   6.7313310000000008        9.5251582370914473E-005   1.1026826329407896E-005   9.8843276187684744E-005
   6.7989830000000007        9.5256161731470011E-005   1.1029552080359414E-005   9.8850325891750642E-005
   6.8673140000000004        9.5266410398741255E-005   1.1032065555674733E-005   9.8860112567730133E-005
   6.9363330000000003        9.5204256392920192E-005   1.1010667036454164E-005   9.8789588731887289E-005
   7.0060440000000010        9.5242118485938109E-005   1.1022332835939315E-005   9.8830470399636588E-005
   7.0764570000000004        9.5193591587772579E-005   1.1006886970566399E-005   9.8776125071510404E-005
   7.1475770000000001        9.5195370453094496E-005   1.1008997678465875E-005   9.8779853864157627E-005
   7.2194120000000011        9.5163042255545021E-005   1.1001360735155245E-005   9.8745733286299226E-005
   7.2919690000000008        9.5169599430007838E-005   1.1000828675783332E-005   9.8751036899314730E-005
   7.3652550000000012        9.5114985471734216E-005   1.0983741877043397E-005   9.8691106425132806E-005
   7.4392779999999998        9.5097757684718556E-005   1.0977836640323661E-005   9.8671041829894398E-005
   7.5140440000000002        9.5044015125645860E-005   1.0963302701016647E-005   9.8610463302941929E-005
   7.5895620000000008        9.5078121269048948E-005   1.0972643141496899E-005   9.8648347450716915E-005
   7.6658390000000001        9.5001927042910353E-005   1.0960877287548823E-005   9.8568495821160546E-005
   7.7428830000000000        9.5025551181900312E-005   1.0971938264833001E-005   9.8596346244145269E-005
   7.8207009999999997        9.5028683665473394E-005   1.0972915433860419E-005   9.8600419367553390E-005
   7.8993010000000004        9.5048065152684505E-005   1.0966675570274369E-005   9.8617223254619728E-005
   7.9786910000000013        9.4953411921637246E-005   1.0938939822805997E-005   9.8507414492338154E-005
   8.0588790000000010        9.4914120213917440E-005   1.0921709410010490E-005   9.8458596893444717E-005
   8.1398720000000022        9.4881571918541431E-005   1.0905922673515297E-005   9.8417267699132897E-005
   8.2216799999999992        9.4910809548720158E-005   1.0908558162365516E-005   9.8449478413084626E-005
   8.3043099999999992        9.4846456062067336E-005   1.0884884304178409E-005   9.8370578200348950E-005
   8.3877710000000008        9.4859475276980743E-005   1.0885956323308092E-005   9.8384730177467669E-005
   8.4720700000000004        9.4868852831836578E-005   1.0887067450095494E-005   9.8395425693997314E-005
   8.5572160000000004        9.4860141703551152E-005   1.0882129302455760E-005   9.8383121624552291E-005
   8.6432179999999992        9.4772409052449444E-005   1.0847217355535014E-005   9.8278742480881353E-005
   8.7300850000000008        9.4784626693645511E-005   1.0851049311432074E-005   9.8293107328167515E-005
   8.8178239999999999        9.4810149094854079E-005   1.0860616257247211E-005   9.8323066845415515E-005
   8.9064460000000008        9.4774818973472573E-005   1.0845521841115928E-005   9.8282434862946629E-005
   8.9959579999999999        9.4807179220498538E-005   1.0861723644732625E-005   9.8321806637606857E-005
   9.0863689999999995        9.4852462407872727E-005   1.0888823263087140E-005   9.8381031363123286E-005
   9.1776900000000001        9.4924151064161222E-005   1.0920903417631137E-005   9.8468119481327670E-005
   9.2699280000000002        9.4977098405035933E-005   1.0944076214838618E-005   9.8531394702742138E-005
   9.3630929999999992        9.4948801429020328E-005   1.0932152339454976E-005   9.8498019362942027E-005
   9.4571939999999994        9.4947814089479298E-005   1.0933050928247334E-005   9.8497134879166527E-005
   9.5522419999999997        9.4940432367467725E-005   1.0929527142653191E-005   9.8489033092308921E-005
   9.6482440000000000        9.4900166925783935E-005   1.0912164152580392E-005   9.8440957637569611E-005
   9.7452110000000012        9.4863191477191094E-005   1.0895456331695016E-005   9.8394645129585610E-005
   9.8431530000000009        9.4825646885726464E-005   1.0876681706570480E-005   9.8349533509641267E-005
   9.9420790000000014        9.4777312793897667E-005   1.0857258494910399E-005   9.8289979455581019E-005
   10.042000000000000        9.4806148326744482E-005   1.0872210103711058E-005   9.8328571476652754E-005
   10.142920000000000        9.4883500164623225E-005   1.0906155967540754E-005   9.8417342559361319E-005
   10.244860000000001        9.4936775295482721E-005   1.0927623334183998E-005   9.8483326789901575E-005
   10.347830000000000        9.4917910383945597E-005   1.0918872370604880E-005   9.8476595336684542E-005
   10.451820000000000        9.4905648295914849E-005   1.0914434729393920E-005   9.8446313881097829E-005
   10.556870000000000        9.4932519151293682E-005   1.0925741639191609E-005   9.8478067379582113E-005
   10.662970000000000        9.4902893864637385E-005   1.0913889289827179E-005   9.8444909688139414E-005
   10.770130000000002        9.4880797749586048E-005   1.0900778820144764E-005   9.8431868297062526E-005
   10.878380000000000        9.4864145051895102E-005   1.0896223257307517E-005   9.8394893015936894E-005
   10.987710000000002        9.4863184577068991E-005   1.0893573500198383E-005   9.8394415638387525E-005
   11.098140000000003        9.4817951564901592E-005   1.0880013855362539E-005   9.8337525006969895E-005
   11.209670000000001        9.4818477990951764E-005   1.0876486432761769E-005   9.8343327992046842E-005
   11.322330000000001        9.4830685357091336E-005   1.0879065801486932E-005   9.8351039714247916E-005
   11.436130000000002        9.4810806667904209E-005   1.0872370089982051E-005   9.8331156895944917E-005
   11.551060000000000        9.4829095956059216E-005   1.0881553165777367E-005   9.8355796761707951E-005
   11.667149999999999        9.4833530398515979E-005   1.0880167157952279E-005   9.8358949059129336E-005
   11.784409999999999        9.4840406753322518E-005   1.0883577207620292E-005   9.8369373598544604E-005
   11.902850000000001        9.4853833070657239E-005   1.0890222522074486E-005   9.8380222981928308E-005
   12.022470000000000        9.4869611393787325E-005   1.0900045397603913E-005   9.8403435861113030E-005
   12.143300000000000        9.4866337901873755E-005   1.0897749617020806E-005   9.8396869382110923E-005
   12.265350000000000        9.4904163556208966E-005   1.0912560508501359E-005   9.8445339761632982E-005
   12.388620000000001        9.4932700406540673E-005   1.0924164279910151E-005   9.8477813942280423E-005
   12.513130000000000        9.4974408883778184E-005   1.0936655844034063E-005   9.8525961572405680E-005
   12.638890000000000        9.5008773463385878E-005   1.0953354440311946E-005   9.8564711002342383E-005
   12.765910000000002        9.4957395485255377E-005   1.0933351946744323E-005   9.8505758796740847E-005
   12.894209999999999        9.4976739729073440E-005   1.0940412786497206E-005   9.8527688078454132E-005
   13.023800000000001        9.5014268591934591E-005   1.0956762508850333E-005   9.8573101119646571E-005
   13.154690000000000        9.5051354851198320E-005   1.0972939286187186E-005   9.8618038531883030E-005
   13.286899999999999        9.5138782803072658E-005   1.1002253891160468E-005   9.8717214637484161E-005
   13.420439999999999        9.5182436464980475E-005   1.1017112015243479E-005   9.8767119600148739E-005
   13.555320000000000        9.5235446093868854E-005   1.1031993372943693E-005   9.8822742523122290E-005
   13.691549999999999        9.5237548574727646E-005   1.1032544442145080E-005   9.8825463425179013E-005
   13.829150000000002        9.5271453601341794E-005   1.1040781569608289E-005   9.8858684536023102E-005
   13.968140000000002        9.5267386587841974E-005   1.1039750678754472E-005   9.8855076074955771E-005
   14.108520000000002        9.5310283146783235E-005   1.1049716303546799E-005   9.8896822322883435E-005
   14.250320000000002        9.5366873002519933E-005   1.1062259811437877E-005   9.8951130280434575E-005
   14.393540000000002        9.5421462532141772E-005   1.1081189875618501E-005   9.9011918554182550E-005
   14.538200000000000        9.5474547138601720E-005   1.1104944724897081E-005   9.9078223159157985E-005
   14.684310000000000        9.5511838873595724E-005   1.1121614005891799E-005   9.9126214154532675E-005
   14.831890000000000        9.5522802717148541E-005   1.1126852900086175E-005   9.9141148839763639E-005
   14.980950000000000        9.5628123798059233E-005   1.1146076786272556E-005   9.9232054703904710E-005
   15.131520000000000        9.5505946444694509E-005   1.1122681047349991E-005   9.9124320369045835E-005
   15.283590000000002        9.5491874837026115E-005   1.1116457308582554E-005   9.9107219843517439E-005
   15.437190000000001        9.5467304873167279E-005   1.1101893836766039E-005   9.9069146524913035E-005
   15.592340000000000        9.5406273843669272E-005   1.1077412921009560E-005   9.8997110136578068E-005
   15.749050000000002        9.5347791566427822E-005   1.1057520274017242E-005   9.8932578477279419E-005
   15.907330000000000        9.5291091794469249E-005   1.1045572410322694E-005   9.8878466007439855E-005
   15.993430000000000        9.5272162647722905E-005   1.1040464212869560E-005   9.8859624709633602E-005
