   982.36723993850285        1.0000000000000000E-050   1.0000000000000000E-050   1.0000000000000000E-050   1.0000000000000000E-050   1.0000000000000000E-050  0.10619612510399211       0.25569560420064008     
   559.15677073717995        1.0000000000000000E-050   1.0000000000000000E-050   1.0000000000000000E-050   1.0000000000000000E-050   1.0000000000000000E-050  0.14631789500214801       0.30023032099280234     
   318.26824180415866        1.0000000000000000E-050   1.0000000000000000E-050   1.0000000000000000E-050   1.0000000000000000E-050   5.2488030014292912E-002  0.17064080023910252       0.31937616007021746     
   181.15612479764073        1.0000000000000000E-050   1.0000000000000000E-050   1.0000000000000000E-050   1.0000000000000000E-050   7.7286616217542972E-002  0.18996581493069487       0.40453092733734214     
   103.11283766695188        1.0000000000000000E-050   1.0000000000000000E-050   1.0000000000000000E-050   1.0000000000000000E-050   9.2267481507242594E-002  0.20944536380062484       0.40453092733734214     
   58.691127907532021        1.0000000000000000E-050   1.0000000000000000E-050   1.0000000000000000E-050   1.0000000000000000E-050  0.10296718967432436       0.21483560340640975       0.40453092733734214     
   33.406591972420422        1.0000000000000000E-050   1.0000000000000000E-050   1.0000000000000000E-050   2.8189704164448916E-002  0.11144891297595541       0.22616680853628043       0.40453092733734214     
   19.014805593275458        1.0000000000000000E-050   1.0000000000000000E-050   1.0000000000000000E-050   4.4824029208162683E-002  0.11948451956770599       0.23068339949140523       0.40453092733734214     
   10.823098388741830        1.0000000000000000E-050   1.0000000000000000E-050   1.0000000000000000E-050   5.2778231393270814E-002  0.12351111280400025       0.23199812976651377       0.40453092733734214     
   6.1604342025885437        1.0000000000000000E-050   1.0000000000000000E-050   1.0000000000000000E-050   6.0753264754210272E-002  0.12806106661075403       0.23241496898932631       0.40453092733734214     
   3.5064773691699282        1.0000000000000000E-050   1.0000000000000000E-050   1.0000000000000000E-050   6.7676813246377837E-002  0.13333667518077386       0.23513667915136252       0.40453092733734214     
   1.9958631382402388        1.0000000000000000E-050   1.0000000000000000E-050   2.2370402514813884E-002   7.3409021210160214E-002  0.13687437535180086       0.24048414327879042       0.40453092733734214     
   1.1360317627058163        1.0000000000000000E-050   1.0000000000000000E-050   3.1769915691026294E-002   7.6314804111447435E-002  0.14202487311330425       0.24769955266546290       0.40453092733734214     
  0.64662157497151085        1.0000000000000000E-050   7.7526100816367417E-003   3.6743384603758249E-002   7.9269960191106048E-002  0.14303112262993067       0.24932012146890334       0.40453092733734214     
  0.36805261520395766        2.0912677100614384E-003   1.4057939705516805E-002   3.8587345852374610E-002   8.0087856199374086E-002  0.14345125710293000       0.24932012146890334       0.40453092733734214     
  0.20949305250824746        2.6597095605072067E-003   1.4392100167558647E-002   3.8819144881579143E-002   8.0110629386432916E-002  0.14345125710293000       0.24932012146890334       0.40453092733734214     
  0.11924202474394310        2.6597095605072067E-003   1.4392100167558647E-002   3.8819144881579143E-002   8.0110629386432916E-002  0.14345125710293000       0.24932012146890334       0.40453092733734214     
   6.7871751806544506E-002   2.6597095605072067E-003   1.4392100167558647E-002   3.8819144881579143E-002   8.0110629386432916E-002  0.14345125710293000       0.24932012146890334       0.40453092733734214     
   3.8632140834418016E-002   2.6597095605072067E-003   1.4392100167558647E-002   3.8819144881579143E-002   8.0110629386432916E-002  0.14345125710293000       0.24932012146890334       0.40453092733734214     
   2.1989152566803206E-002   2.6597095605072067E-003   1.4392100167558647E-002   3.8819144881579143E-002   8.0110629386432916E-002  0.14345125710293000       0.24932012146890334       0.40453092733734214     
   1.2516076514594044E-002   2.6597095605072067E-003   1.4392100167558647E-002   3.8819144881579143E-002   8.0110629386432916E-002  0.14345125710293000       0.24932012146890334       0.40453092733734214     
   7.1240658703541270E-003   2.6597095605072067E-003   1.4392100167558647E-002   3.8819144881579143E-002   8.0110629386432916E-002  0.14345125710293000       0.24932012146890334       0.40453092733734214     
   4.0549699792875264E-003   2.6597095605072067E-003   1.4392100167558647E-002   3.8819144881579143E-002   8.0110629386432916E-002  0.14345125710293000       0.24932012146890334       0.40453092733734214     
   2.3080614121421240E-003   2.6597095605072067E-003   1.4392100167558647E-002   3.8819144881579143E-002   8.0110629386432916E-002  0.14345125710293000       0.24932012146890334       0.40453092733734214     
   1.3137329029389003E-003   2.6597095605072067E-003   1.4392100167558647E-002   3.8819144881579143E-002   8.0110629386432916E-002  0.14345125710293000       0.24932012146890334       0.40453092733734214     
   7.4776785885539401E-004   2.6597095605072067E-003   1.4392100167558647E-002   3.8819144881579143E-002   8.0110629386432916E-002  0.14345125710293000       0.24932012146890334       0.40453092733734214     
   4.2562439403497608E-004   2.6597095605072067E-003   1.4392100167558647E-002   3.8819144881579143E-002   8.0110629386432916E-002  0.14345125710293000       0.24932012146890334       0.40453092733734214     
   2.4226251857753804E-004   2.6597095605072067E-003   1.4392100167558647E-002   3.8819144881579143E-002   8.0110629386432916E-002  0.14345125710293000       0.24932012146890334       0.40453092733734214     
   1.3789418259402918E-004   2.6597095605072067E-003   1.4392100167558647E-002   3.8819144881579143E-002   8.0110629386432916E-002  0.14345125710293000       0.24932012146890334       0.40453092733734214     
   7.8488433559273943E-005   2.6597095605072067E-003   1.4392100167558647E-002   3.8819144881579143E-002   8.0110629386432916E-002  0.14345125710293000       0.24932012146890334       0.40453092733734214     
   4.4675084087668437E-005   2.6597095605072067E-003   1.4392100167558647E-002   3.8819144881579143E-002   8.0110629386432916E-002  0.14345125710293000       0.24932012146890334       0.40453092733734214     
   2.5428754884412054E-005   2.6597095605072067E-003   1.4392100167558647E-002   3.8819144881579143E-002   8.0110629386432916E-002  0.14345125710293000       0.24932012146890334       0.40453092733734214     
   1.4473874827020145E-005   2.6597095605072067E-003   1.4392100167558647E-002   3.8819144881579143E-002   8.0110629386432916E-002  0.14345125710293000       0.24932012146890334       0.40453092733734214     
   8.2384313923552585E-006   2.6597095605072067E-003   1.4392100167558647E-002   3.8819144881579143E-002   8.0110629386432916E-002  0.14345125710293000       0.24932012146890334       0.40453092733734214     
   4.6892592769864319E-006   2.6597095605072067E-003   1.4392100167558647E-002   3.8819144881579143E-002   8.0110629386432916E-002  0.14345125710293000       0.24932012146890334       0.40453092733734214     
   2.6690945787577697E-006   2.6597095605072067E-003   1.4392100167558647E-002   3.8819144881579143E-002   8.0110629386432916E-002  0.14345125710293000       0.24932012146890334       0.40453092733734214     
   1.5192305329153057E-006   2.6597095605072067E-003   1.4392100167558647E-002   3.8819144881579143E-002   8.0110629386432916E-002  0.14345125710293000       0.24932012146890334       0.40453092733734214     
   8.6473571619044130E-007   2.6597095605072067E-003   1.4392100167558647E-002   3.8819144881579143E-002   8.0110629386432916E-002  0.14345125710293000       0.24932012146890334       0.40453092733734214     
   4.9220170517536543E-007   2.6597095605072067E-003   1.4392100167558647E-002   3.8819144881579143E-002   8.0110629386432916E-002  0.14345125710293000       0.24932012146890334       0.40453092733734214     
   2.8015787256344187E-007   2.6597095605072067E-003   1.4392100167558647E-002   3.8819144881579143E-002   8.0110629386432916E-002  0.14345125710293000       0.24932012146890334       0.40453092733734214     
   1.5946396108341244E-007   2.6597095605072067E-003   1.4392100167558647E-002   3.8819144881579143E-002   8.0110629386432916E-002  0.14345125710293000       0.24932012146890334       0.40453092733734214     
   9.0765805193119529E-008   2.6597095605072067E-003   1.4392100167558647E-002   3.8819144881579143E-002   8.0110629386432916E-002  0.14345125710293000       0.24932012146890334       0.40453092733734214     
   5.1663280758753414E-008   2.6597095605072067E-003   1.4392100167558647E-002   3.8819144881579143E-002   8.0110629386432916E-002  0.14345125710293000       0.24932012146890334       0.40453092733734214     
   2.9406389036915853E-008   2.6597095605072067E-003   1.4392100167558647E-002   3.8819144881579143E-002   8.0110629386432916E-002  0.14345125710293000       0.24932012146890334       0.40453092733734214     
   1.6737917211034474E-008   2.6597095605072067E-003   1.4392100167558647E-002   3.8819144881579143E-002   8.0110629386432916E-002  0.14345125710293000       0.24932012146890334       0.40453092733734214     
   9.5271089630128223E-009   2.6597095605072067E-003   1.4392100167558647E-002   3.8819144881579143E-002   8.0110629386432916E-002  0.14345125710293000       0.24932012146890334       0.40453092733734214     
   5.4227658106279935E-009   2.6597095605072067E-003   1.4392100167558647E-002   3.8819144881579143E-002   8.0110629386432916E-002  0.14345125710293000       0.24932012146890334       0.40453092733734214     
   3.0866015231987532E-009   2.6597095605072067E-003   1.4392100167558647E-002   3.8819144881579143E-002   8.0110629386432916E-002  0.14345125710293000       0.24932012146890334       0.40453092733734214     
   1.7568726542350030E-009   2.6597095605072067E-003   1.4392100167558647E-002   3.8819144881579143E-002   8.0110629386432916E-002  0.14345125710293000       0.24932012146890334       0.40453092733734214     
   1.0000000000000007E-009   2.6597095605072067E-003   1.4392100167558647E-002   3.8819144881579143E-002   8.0110629386432916E-002  0.14345125710293000       0.24932012146890334       0.40453092733734214     
