#  lambda [mu]      optical depth
      6.030151     0.0000000E+000
      6.090755     0.0000000E+000
      6.151969     0.0000000E+000
      6.213798     0.0000000E+000
      6.276248     0.0000000E+000
      6.339326     0.0000000E+000
      6.403038     0.0000000E+000
      6.467390     0.0000000E+000
      6.532389     0.0000000E+000
      6.598041     0.0000000E+000
      6.664353     0.0000000E+000
      6.731331     0.0000000E+000
      6.798983     0.0000000E+000
      6.867314     0.0000000E+000
      6.936333     0.0000000E+000
      7.006044     0.0000000E+000
      7.076457     0.0000000E+000
      7.147577     0.0000000E+000
      7.219412     0.0000000E+000
      7.291969     0.0000000E+000
      7.365255     0.0000000E+000
      7.439278     0.0000000E+000
      7.514044     0.0000000E+000
      7.589562     0.0000000E+000
      7.665839     0.0000000E+000
      7.742883     0.0000000E+000
      7.820701     0.0000000E+000
      7.899301     0.0000000E+000
      7.978691     0.0000000E+000
      8.058879     0.0000000E+000
      8.139872     0.0000000E+000
      8.221680     0.0000000E+000
      8.304310     0.0000000E+000
      8.387771     0.0000000E+000
      8.472070     0.0000000E+000
      8.557216     0.0000000E+000
      8.643218     0.0000000E+000
      8.730085     0.0000000E+000
      8.817824     0.0000000E+000
      8.906446     0.0000000E+000
      8.995958     0.0000000E+000
      9.086369     0.0000000E+000
      9.177690     0.0000000E+000
      9.269928     0.0000000E+000
      9.363093     0.0000000E+000
      9.457194     0.0000000E+000
      9.552242     0.0000000E+000
      9.648244     0.0000000E+000
      9.745211     0.0000000E+000
      9.843153     0.0000000E+000
      9.942079     0.0000000E+000
     10.042000     0.0000000E+000
     10.142920     0.0000000E+000
     10.244860     0.0000000E+000
     10.347830     0.0000000E+000
     10.451820     0.0000000E+000
     10.556870     0.0000000E+000
     10.662970     0.0000000E+000
     10.770130     0.0000000E+000
     10.878380     0.0000000E+000
     10.987710     0.0000000E+000
     11.098140     0.0000000E+000
     11.209670     0.0000000E+000
     11.322330     0.0000000E+000
     11.436130     0.0000000E+000
     11.551060     0.0000000E+000
     11.667150     0.0000000E+000
     11.784410     0.0000000E+000
     11.902850     0.0000000E+000
     12.022470     0.0000000E+000
     12.143300     0.0000000E+000
     12.265350     0.0000000E+000
     12.388620     0.0000000E+000
     12.513130     0.0000000E+000
     12.638890     0.0000000E+000
     12.765910     0.0000000E+000
     12.894210     0.0000000E+000
     13.023800     0.0000000E+000
     13.154690     0.0000000E+000
     13.286900     0.0000000E+000
     13.420440     0.0000000E+000
     13.555320     0.0000000E+000
     13.691550     0.0000000E+000
     13.829150     0.0000000E+000
     13.968140     0.0000000E+000
     14.108520     0.0000000E+000
     14.250320     0.0000000E+000
     14.393540     0.0000000E+000
     14.538200     0.0000000E+000
     14.684310     0.0000000E+000
     14.831890     0.0000000E+000
     14.980950     0.0000000E+000
     15.131520     0.0000000E+000
     15.283590     0.0000000E+000
     15.437190     0.0000000E+000
     15.592340     0.0000000E+000
     15.749050     0.0000000E+000
     15.907330     0.0000000E+000
     15.993430     0.0000000E+000
