   982.36723993850285        1.0000000000000000E-050   1.0000000000000000E-050   1.0000000000000000E-050   1.0000000000000000E-050   1.0000000000000000E-050  0.57941813823600008       0.79221151695557834     
   559.15677073717995        1.0000000000000000E-050   1.0000000000000000E-050   1.0000000000000000E-050   1.0000000000000000E-050   1.0000000000000000E-050  0.72303942420885670       0.86806928770871794     
   318.26824180415866        1.0000000000000000E-050   1.0000000000000000E-050   1.0000000000000000E-050   1.0000000000000000E-050  0.43090214953061062       0.79221151695557834       0.88438514928565082     
   181.15612479764073        1.0000000000000000E-050   1.0000000000000000E-050   1.0000000000000000E-050   1.0000000000000000E-050  0.53818369108782349       0.80717011364829372       0.88888613433876962     
   103.11283766695188        1.0000000000000000E-050   1.0000000000000000E-050   1.0000000000000000E-050   1.0000000000000000E-050  0.59244653684317750       0.82165626963763561       0.88916924844930112     
   58.691127907532021        1.0000000000000000E-050   1.0000000000000000E-050   1.0000000000000000E-050   1.0000000000000000E-050  0.64259070145438313       0.82925891673226704       0.88916924844930112     
   33.406591972420422        1.0000000000000000E-050   1.0000000000000000E-050   1.0000000000000000E-050  0.21257008831726229       0.68115898018684773       0.83453640641746973       0.88916924844930112     
   19.014805593275458        1.0000000000000000E-050   1.0000000000000000E-050   1.0000000000000000E-050  0.36243829235947667       0.70342869246542550       0.84219673270275097       0.89373271502632978     
   10.823098388741830        1.0000000000000000E-050   1.0000000000000000E-050   1.0000000000000000E-050  0.41612285027993834       0.71990312663677902       0.84406449620050250       0.89373271502632978     
   6.1604342025885437        1.0000000000000000E-050   1.0000000000000000E-050   1.0000000000000000E-050  0.46102589080401152       0.73581031877172798       0.84807351570886258       0.89373271502632978     
   3.5064773691699282        1.0000000000000000E-050   1.0000000000000000E-050   1.0000000000000000E-050  0.49389060650412281       0.74383995016493609       0.84828978612936112       0.89373271502632978     
   1.9958631382402388        1.0000000000000000E-050   1.0000000000000000E-050  0.14106613102319479       0.51962955604287620       0.74835108979237397       0.84925428578758000       0.89373271502632978     
   1.1360317627058163        1.0000000000000000E-050   1.0000000000000000E-050  0.22909621796919158       0.53803933461576403       0.75001356520222517       0.84940905501280917       0.89373271502632978     
  0.64662157497151085        1.0000000000000000E-050   4.0746903451264166E-002  0.28586860882771087       0.54947572466010919       0.75366481710427269       0.85121034919854299       0.89373271502632978     
  0.36805261520395766        1.4996569892719301E-002   7.2058664626441962E-002  0.30785992678898799       0.55430428440702106       0.75590558624827264       0.85121034919854299       0.89373271502632978     
  0.20949305250824746        1.9416911527085464E-002   7.2214037881325105E-002  0.30785992678898799       0.55430428440702106       0.75590558624827264       0.85121034919854299       0.89373271502632978     
  0.11924202474394310        1.9416911527085464E-002   7.2214037881325105E-002  0.30785992678898799       0.55430428440702106       0.75590558624827264       0.85121034919854299       0.89373271502632978     
   6.7871751806544506E-002   1.9416911527085464E-002   7.2214037881325105E-002  0.30785992678898799       0.55430428440702106       0.75590558624827264       0.85121034919854299       0.89373271502632978     
   3.8632140834418016E-002   1.9416911527085464E-002   7.2214037881325105E-002  0.30785992678898799       0.55430428440702106       0.75590558624827264       0.85121034919854299       0.89373271502632978     
   2.1989152566803206E-002   1.9416911527085464E-002   7.2214037881325105E-002  0.30785992678898799       0.55430428440702106       0.75590558624827264       0.85121034919854299       0.89373271502632978     
   1.2516076514594044E-002   1.9416911527085464E-002   7.2214037881325105E-002  0.30785992678898799       0.55430428440702106       0.75590558624827264       0.85121034919854299       0.89373271502632978     
   7.1240658703541270E-003   1.9416911527085464E-002   7.2214037881325105E-002  0.30785992678898799       0.55430428440702106       0.75590558624827264       0.85121034919854299       0.89373271502632978     
   4.0549699792875264E-003   1.9416911527085464E-002   7.2214037881325105E-002  0.30785992678898799       0.55430428440702106       0.75590558624827264       0.85121034919854299       0.89373271502632978     
   2.3080614121421240E-003   1.9416911527085464E-002   7.2214037881325105E-002  0.30785992678898799       0.55430428440702106       0.75590558624827264       0.85121034919854299       0.89373271502632978     
   1.3137329029389003E-003   1.9416911527085464E-002   7.2214037881325105E-002  0.30785992678898799       0.55430428440702106       0.75590558624827264       0.85121034919854299       0.89373271502632978     
   7.4776785885539401E-004   1.9416911527085464E-002   7.2214037881325105E-002  0.30785992678898799       0.55430428440702106       0.75590558624827264       0.85121034919854299       0.89373271502632978     
   4.2562439403497608E-004   1.9416911527085464E-002   7.2214037881325105E-002  0.30785992678898799       0.55430428440702106       0.75590558624827264       0.85121034919854299       0.89373271502632978     
   2.4226251857753804E-004   1.9416911527085464E-002   7.2214037881325105E-002  0.30785992678898799       0.55430428440702106       0.75590558624827264       0.85121034919854299       0.89373271502632978     
   1.3789418259402918E-004   1.9416911527085464E-002   7.2214037881325105E-002  0.30785992678898799       0.55430428440702106       0.75590558624827264       0.85121034919854299       0.89373271502632978     
   7.8488433559273943E-005   1.9416911527085464E-002   7.2214037881325105E-002  0.30785992678898799       0.55430428440702106       0.75590558624827264       0.85121034919854299       0.89373271502632978     
   4.4675084087668437E-005   1.9416911527085464E-002   7.2214037881325105E-002  0.30785992678898799       0.55430428440702106       0.75590558624827264       0.85121034919854299       0.89373271502632978     
   2.5428754884412054E-005   1.9416911527085464E-002   7.2214037881325105E-002  0.30785992678898799       0.55430428440702106       0.75590558624827264       0.85121034919854299       0.89373271502632978     
   1.4473874827020145E-005   1.9416911527085464E-002   7.2214037881325105E-002  0.30785992678898799       0.55430428440702106       0.75590558624827264       0.85121034919854299       0.89373271502632978     
   8.2384313923552585E-006   1.9416911527085464E-002   7.2214037881325105E-002  0.30785992678898799       0.55430428440702106       0.75590558624827264       0.85121034919854299       0.89373271502632978     
   4.6892592769864319E-006   1.9416911527085464E-002   7.2214037881325105E-002  0.30785992678898799       0.55430428440702106       0.75590558624827264       0.85121034919854299       0.89373271502632978     
   2.6690945787577697E-006   1.9416911527085464E-002   7.2214037881325105E-002  0.30785992678898799       0.55430428440702106       0.75590558624827264       0.85121034919854299       0.89373271502632978     
   1.5192305329153057E-006   1.9416911527085464E-002   7.2214037881325105E-002  0.30785992678898799       0.55430428440702106       0.75590558624827264       0.85121034919854299       0.89373271502632978     
   8.6473571619044130E-007   1.9416911527085464E-002   7.2214037881325105E-002  0.30785992678898799       0.55430428440702106       0.75590558624827264       0.85121034919854299       0.89373271502632978     
   4.9220170517536543E-007   1.9416911527085464E-002   7.2214037881325105E-002  0.30785992678898799       0.55430428440702106       0.75590558624827264       0.85121034919854299       0.89373271502632978     
   2.8015787256344187E-007   1.9416911527085464E-002   7.2214037881325105E-002  0.30785992678898799       0.55430428440702106       0.75590558624827264       0.85121034919854299       0.89373271502632978     
   1.5946396108341244E-007   1.9416911527085464E-002   7.2214037881325105E-002  0.30785992678898799       0.55430428440702106       0.75590558624827264       0.85121034919854299       0.89373271502632978     
   9.0765805193119529E-008   1.9416911527085464E-002   7.2214037881325105E-002  0.30785992678898799       0.55430428440702106       0.75590558624827264       0.85121034919854299       0.89373271502632978     
   5.1663280758753414E-008   1.9416911527085464E-002   7.2214037881325105E-002  0.30785992678898799       0.55430428440702106       0.75590558624827264       0.85121034919854299       0.89373271502632978     
   2.9406389036915853E-008   1.9416911527085464E-002   7.2214037881325105E-002  0.30785992678898799       0.55430428440702106       0.75590558624827264       0.85121034919854299       0.89373271502632978     
   1.6737917211034474E-008   1.9416911527085464E-002   7.2214037881325105E-002  0.30785992678898799       0.55430428440702106       0.75590558624827264       0.85121034919854299       0.89373271502632978     
   9.5271089630128223E-009   1.9416911527085464E-002   7.2214037881325105E-002  0.30785992678898799       0.55430428440702106       0.75590558624827264       0.85121034919854299       0.89373271502632978     
   5.4227658106279935E-009   1.9416911527085464E-002   7.2214037881325105E-002  0.30785992678898799       0.55430428440702106       0.75590558624827264       0.85121034919854299       0.89373271502632978     
   3.0866015231987532E-009   1.9416911527085464E-002   7.2214037881325105E-002  0.30785992678898799       0.55430428440702106       0.75590558624827264       0.85121034919854299       0.89373271502632978     
   1.7568726542350030E-009   1.9416911527085464E-002   7.2214037881325105E-002  0.30785992678898799       0.55430428440702106       0.75590558624827264       0.85121034919854299       0.89373271502632978     
   1.0000000000000007E-009   1.9416911527085464E-002   7.2214037881325105E-002  0.30785992678898799       0.55430428440702106       0.75590558624827264       0.85121034919854299       0.89373271502632978     
