   982.36723993850285       -0.0000000000000000       -0.0000000000000000       -0.0000000000000000       -0.0000000000000000       -0.0000000000000000       0.50429533071373045       0.54616307003384335     
   559.15677073717995       -0.0000000000000000       -0.0000000000000000       -0.0000000000000000       -0.0000000000000000       0.16772985130575355       0.50077454202876792       0.54069096192011923     
   318.26824180415866       -0.0000000000000000       -0.0000000000000000       -0.0000000000000000       -0.0000000000000000       0.39592734772124244       0.50666513718214889       0.53355453286326093     
   181.15612479764073       -0.0000000000000000       -0.0000000000000000       -0.0000000000000000       -0.0000000000000000       0.45725977209851038       0.50413023786784983       0.52446296433768913     
   103.11283766695188       -0.0000000000000000       -0.0000000000000000       -0.0000000000000000       -0.0000000000000000       0.46078660574911112       0.49541139686450053       0.51322641580263673     
   58.691127907532021       -0.0000000000000000       -0.0000000000000000       -0.0000000000000000        9.2990018948874889E-002  0.45386560387941038       0.48223561284930122       0.49429159457029959     
   33.406591972420422       -0.0000000000000000       -0.0000000000000000       -0.0000000000000000       0.29612668656259211       0.44244102669695223       0.46698619936744590       0.47848937080092696     
   19.014805593275458       -0.0000000000000000       -0.0000000000000000       -0.0000000000000000       0.37888772836811890       0.42784579595621230       0.45016657348408717       0.46444275383350819     
   10.823098388741830       -0.0000000000000000       -0.0000000000000000       -0.0000000000000000       0.37771335655755600       0.41182443239206379       0.43097721491008789       0.44700935989411655     
   6.1604342025885437       -0.0000000000000000       -0.0000000000000000       -0.0000000000000000       0.36433792850844471       0.39142335313280141       0.40795278388877021       0.41904310656814170     
   3.5064773691699282       -0.0000000000000000       -0.0000000000000000       0.13982937597425796       0.34665983069920164       0.36879280369320233       0.38267850979141921       0.39021202962189849     
   1.9958631382402388       -0.0000000000000000       -0.0000000000000000       0.27173265053797929       0.32625355541313472       0.34377881474551902       0.35591751130996030       0.36309780509569223     
   1.1360317627058163       -0.0000000000000000        4.0813595166839842E-002  0.27287449165804023       0.30180055293957803       0.31740136740690034       0.32737889134914372       0.33351626576370075     
  0.64662157497151085        1.2330577608578686E-002  0.15756928646678786       0.25337267548259274       0.27490664183864771       0.28883593810442626       0.29791157626530940       0.30327101788084798     
  0.36805261520395766       0.11811985613223012       0.20034310069674094       0.22919838105627366       0.24660174258739981       0.25908234405942454       0.26813587678131467       0.27230249586271377     
  0.20949305250824746       0.13342545957082511       0.17713855006368442       0.19969514034161059       0.21563025647821951       0.22832856837044360       0.23916519430644703       0.24614167088174915     
  0.11924202474394310        7.4512786971721964E-002  0.14284176142893001       0.16619768284323780       0.18254043271016307       0.19709164268861690       0.20961130122409896       0.21994358379807041     
   6.7871751806544506E-002   3.7274680321107992E-002   9.8836212714041555E-002  0.12973614274801690       0.14867021416200862       0.16596506830107771       0.18063260584770777       0.19558913578331238     
   3.8632140834418016E-002   5.8198211673085830E-003   5.5621488690825838E-002   9.0219733816773423E-002  0.11365755051429770       0.13439720251091530       0.15150162178107657       0.16903890757394258     
   2.1989152566803206E-002  -9.5151689466127093E-003   1.9871916128693556E-002   4.9362462440736159E-002   7.6586018644023840E-002  0.10130137486727221       0.12388334792317715       0.14583178767026914     
   1.2516076514594044E-002  -1.7013194338115611E-002   1.3792599785731724E-003   1.7354992141186798E-002   4.0541220425480903E-002   6.8303689867323839E-002   9.6098940479615536E-002  0.12391444769011568     
   7.1240658703541270E-003  -3.3596637980976354E-002  -9.1123692176156897E-003  -5.5079083347837128E-004   1.3957561616074875E-002   3.7246337180170050E-002   6.7279385655422963E-002   9.9134291197627733E-002
   4.0549699792875264E-003  -4.4074549725690276E-002  -2.1014628747041152E-002  -9.9855346796179235E-003  -3.5628986950223923E-004   1.8363705400425971E-002   4.2450375226737710E-002   7.8676428391321510E-002
   2.3080614121421240E-003  -5.9750673538690097E-002  -3.5433796630490684E-002  -2.0117943588564370E-002  -6.4261755864131499E-003   9.5778760454234349E-003   3.0455195412685956E-002   6.4196488538639185E-002
   1.3137329029389003E-003  -7.0284429268707732E-002  -5.1443900401500292E-002  -3.0236339561635302E-002  -1.1509292320832611E-002   6.8760743200497526E-003   2.4060393941186191E-002   7.5052718327189197E-002
   7.4776785885539401E-004  -9.0848488115512452E-002  -6.4831945606401473E-002  -3.9591452937689509E-002  -1.4932077190596117E-002   5.2073250583306238E-003   2.0377706821515316E-002   7.6571688589261541E-002
   4.2562439403497608E-004 -0.11467326692093571       -7.9139283144118375E-002  -4.6891806882210209E-002  -1.7088399026578764E-002   4.2568267359695709E-003   1.8377599758669334E-002  0.11898455289206213     
   2.4226251857753804E-004 -0.13939059152028946       -8.9582751251840537E-002  -5.2125092118358099E-002  -1.8769924069571745E-002   4.0130256757853191E-003   1.9279098358518428E-002  0.10215698620383705     
   1.3789418259402918E-004 -0.16528938433293636       -9.5557773798174858E-002  -5.6006108517214284E-002  -1.9501550186374048E-002   3.9672721030083536E-003   2.2499526385352693E-002  0.26775541234428368     
   7.8488433559273943E-005 -0.17113298978042096       -9.9576423833601116E-002  -5.7057532491366442E-002  -1.9537892604715036E-002   4.5577540947686996E-003   3.2263335052995015E-002  0.62303692794164123     
   4.4675084087668437E-005 -0.17836111299956714      -0.10278227185983924       -5.6762874034606607E-002  -1.8883244927605295E-002   5.6802319809311184E-003  0.11813692889521998        1.3736133707916034     
   2.5428754884412054E-005 -0.16174014785384119      -0.10210566106164276       -5.4463284678948017E-002  -1.7639382082214900E-002   8.2665422841098155E-003  0.39931117085098439        2.6072914661896935     
   1.4473874827020145E-005 -0.22764669893455272       -9.8897769624352289E-002  -5.1268931297122476E-002  -1.5895192970056243E-002   1.3403178126291404E-002  0.91740841060927958        2.6513394781544366     
   8.2384313923552585E-006 -0.50917330747087730       -9.7874607627020535E-002  -4.7463967568977243E-002  -1.2705555056240983E-002   3.0320340850756890E-002   1.1262588123190853        2.9395530622643120     
   4.6892592769864319E-006 -0.72726262953283916       -9.9820752747898672E-002  -4.3728069298353704E-002  -8.9732855953363472E-003  0.14600311768493274        1.2819709567304116        2.8504254607748414     
   2.6690945787577697E-006  -1.0264058826793523      -0.13720183727833923       -4.0849126532081163E-002  -5.2058211207708094E-003  0.31657208137304510        1.5735523568153893        3.7269181940597824     
   1.5192305329153057E-006  -1.0738328930849841      -0.23679007804870944       -3.7348983434406048E-002  -2.9679728420238028E-004  0.52423288559434200        1.8416447986684390        3.3583522017084215     
   8.6473571619044130E-007  -1.2646479369544816      -0.36270648633618863       -3.3941600488086560E-002   7.3404628465109749E-003  0.67155493148154599        1.9885395227053839        3.2878911552393371     
   4.9220170517536543E-007  -1.6109640371056035      -0.54333939917832352       -3.4649298476148602E-002   2.2874469568718053E-002  0.80445717496535829        2.1322254172779580        3.4395552338840933     
   2.8015787256344187E-007  -2.2346936757652474      -0.79055213229799726       -3.9311778010991588E-002   5.9061738739842717E-002  0.86125966449723135        2.1931852371702552        3.8105700326233847     
   1.5946396108341244E-007  -2.7530647242097790      -0.90107437154209813       -5.8859730076805040E-002   9.5114810524463453E-002  0.88596974427166619        2.1760921447903514        3.5884481764379159     
   9.0765805193119529E-008  -2.3160722907404856       -1.0046254571877404      -0.12990458051120440       0.13247475930695640       0.96087045241384061        2.2845576386301825        3.1845291378713214     
   5.1663280758753414E-008  -2.4179372039511136       -1.1190287859164170      -0.21591289729529978       0.13213694369105455       0.94959308453193325        2.3843971024291690        3.1511933201538138     
   2.9406389036915853E-008  -2.8472152596916813       -1.3352836591912003      -0.34652892056141399        9.8221883462413229E-002  0.94393574793388635        2.2119661767506580        3.6217236718946486     
   1.6737917211034474E-008  -3.5801062535944363       -1.4821618585869534      -0.48358881317996250        6.0147342635691742E-002  0.84015709281104423        2.2539523292894268        3.0621185326336713     
   9.5271089630128223E-009  -3.1850917913598940       -1.6932258735869230      -0.60052377664608969        2.0403941038930576E-002  0.70201320923255939        2.0395551904989273        3.1418717947276140     
   5.4227658106279935E-009  -3.1578663284614272       -1.8649202590561080      -0.74375298281911351       -3.0192950923113804E-002  0.71850948834501283        1.9167245279196843        3.2391755039615995     
   3.0866015231987532E-009  -3.4691061529744993       -2.1124472517737600       -1.0492498555362109       -6.7204524674609231E-002  0.83803110658252555        1.9133554759697076        3.0487748650777053     
   1.7568726542350030E-009  -4.5324969209728945       -3.3841866332505322       -1.7918098495388544      -0.10401167916934437        1.5061093005744666        3.1647649673890283        4.3228213892451874     
   1.0000000000000007E-009  -9.1641300493768849       -5.9709585714620301       -2.4750981231045373       -7.6533700404063029E-002   2.0715924640250543        5.8539123300020979        8.1995043975594104     
