   6.0301510000000009        1.3891292759226221E-009   1.8518425243066124E-009   2.6826812419394799E-009   3.9301957691633874E-009   6.0151592504945944E-009   9.9614286280784043E-009   1.5968278964593610E-008
   6.0907549999999997        1.5587933350148688E-009   2.0397502573757902E-009   2.9779159202090083E-009   4.3555209537606044E-009   6.6395333544889350E-009   1.0788158392135151E-008   1.6885907481769384E-008
   6.1519690000000002        1.6202990896653998E-009   2.1901914853003139E-009   3.1394524937603296E-009   4.6401222534029298E-009   6.8537501999617837E-009   1.0585186859157766E-008   1.4288976624420187E-008
   6.2137979999999997        2.0635194958105061E-009   3.5390383042269546E-009   6.1711816499760766E-009   9.8899851573930481E-009   1.4578809032032700E-008   1.9570154000620341E-008   2.5099223869560242E-008
   6.2762479999999998        2.5432864272677317E-009   4.6330274014075798E-009   8.5290359891406816E-009   1.4160782299046781E-008   2.0228433984430678E-008   2.6708851213240425E-008   3.7164593686548131E-008
   6.3393259999999998        2.2495401884681747E-009   3.7420476070748236E-009   6.4524226672527115E-009   1.0725345267360968E-008   1.7217149808389579E-008   2.5565973538634690E-008   4.2784073734927106E-008
   6.4030379999999996        2.3774169937953605E-009   3.0376979689970450E-009   4.2483587297012595E-009   5.8921532099035828E-009   8.4030294691554461E-009   1.2188116667163774E-008   1.7940628898515675E-008
   6.4673900000000000        2.6300889635757503E-009   3.4550480209125372E-009   4.7144202543587654E-009   6.3075859645689763E-009   8.9349132584113299E-009   1.4222135625407236E-008   1.9221205312969651E-008
   6.5323890000000011        2.9150319794835752E-009   3.6599262234885618E-009   4.8688093346834739E-009   6.5343817056101300E-009   9.3368102519598897E-009   1.5320446205207265E-008   2.0424625859406496E-008
   6.5980410000000012        3.2536499845701251E-009   4.0533435490952715E-009   5.4085935951758630E-009   7.3362582316247352E-009   1.1350353265366533E-008   2.0350539962337650E-008   2.9935524130790852E-008
   6.6643530000000002        3.4181645410058794E-009   4.4680726230123572E-009   6.0912373215969969E-009   8.4005169529556529E-009   1.2235095594324339E-008   1.9802711949410398E-008   2.7189896917715677E-008
   6.7313310000000008        3.8103155764318405E-009   5.5277414847672435E-009   7.9970711820706451E-009   1.1299107827437707E-008   1.5423077783367479E-008   2.1420076840160327E-008   3.1892766025439230E-008
   6.7989830000000007        3.9703498620951135E-009   5.6257400285476954E-009   7.8756606906881763E-009   1.0983177712168881E-008   1.4789390387763972E-008   2.0204807354533835E-008   2.9430542147104242E-008
   6.8673140000000004        4.4755958989206741E-009   6.1166525651745816E-009   8.4868053059790146E-009   1.1532469428449790E-008   1.5357344376721341E-008   2.0170932006614676E-008   2.8191227961851215E-008
   6.9363330000000003        5.0681594949237678E-009   7.8362249905897357E-009   1.1397967359927664E-008   1.5474250780003727E-008   2.0037276386575929E-008   2.6425849255465378E-008   3.8105419697481578E-008
   7.0060440000000010        5.2682029447757280E-009   7.5882559602750005E-009   1.0568743415146840E-008   1.4128386831096325E-008   1.8386376558282358E-008   2.3918599546435415E-008   3.1943225398852733E-008
   7.0764570000000004        6.6828967731296147E-009   1.0210333918794256E-008   1.4246856583579298E-008   1.8813247499767151E-008   2.3890278091335937E-008   3.0592060213711799E-008   3.7682355962756187E-008
   7.1475770000000001        6.7064201323104487E-009   1.0317422022082587E-008   1.4006523087148515E-008   1.8144847428638908E-008   2.2654029213882382E-008   2.8890538654599806E-008   3.5551339345718434E-008
   7.2194120000000011        8.7702926679469208E-009   1.1114134390768660E-008   1.4134344913936984E-008   1.7786592102502099E-008   2.2333866009037405E-008   2.9996431458295707E-008   3.7226298128441437E-008
   7.2919690000000008        8.2108847477746033E-009   9.9311660915245053E-009   1.2241488385481669E-008   1.5259055180464951E-008   2.0000232489448722E-008   3.0305380812906639E-008   4.0992771214932352E-008
   7.3652550000000012        8.2212846112049515E-009   9.3505619973908439E-009   1.1476346827068135E-008   1.4407681401354298E-008   1.9426885442224042E-008   3.1008649603787439E-008   4.3083543498752382E-008
   7.4392779999999998        8.6256683846255819E-009   9.7021258121755644E-009   1.1986375315353367E-008   1.5027659772658539E-008   2.0400167299278539E-008   3.2490701730780432E-008   4.4965940306444140E-008
   7.5140440000000002        9.0775047562379977E-009   1.0536834857125598E-008   1.2746477473706366E-008   1.5784458165685181E-008   2.0311315054770481E-008   2.8508531955027484E-008   3.7968693765519875E-008
   7.5895620000000008        9.9683900536594567E-009   1.1423385129555257E-008   1.4130351910156070E-008   1.7726188786817057E-008   2.2497840496357200E-008   2.8771901080929465E-008   3.7132428967841063E-008
   7.6658390000000001        1.0634978591395876E-008   1.1974727568974668E-008   1.4611907995354242E-008   1.8731877034986536E-008   2.6731165925969251E-008   4.6566852894109538E-008   6.5173490239951359E-008
   7.7428830000000000        1.1520053257478491E-008   1.2935143606610769E-008   1.5594071036781059E-008   1.9185820966989379E-008   2.5495334883110547E-008   4.3414750843758703E-008   5.8531622923205028E-008
   7.8207009999999997        1.2170347912298352E-008   1.3712114729840905E-008   1.6259158396186589E-008   1.9889131964414726E-008   2.4334278159952045E-008   3.2626471125598222E-008   4.0160283595205166E-008
   7.8993010000000004        1.2799480186413309E-008   1.4460460920390808E-008   1.6962908340887144E-008   2.0311429874199551E-008   2.4699846729245945E-008   3.2068153203824740E-008   3.9490042072348934E-008
   7.9786910000000013        1.4449966147598176E-008   1.6121342743674972E-008   1.9226650176930044E-008   2.3313712848389822E-008   2.8523673240492956E-008   3.6384434304324091E-008   4.5680541289129184E-008
   8.0588790000000010        1.6369640176437600E-008   1.8492757530127578E-008   2.2103737732181476E-008   2.6650978794634438E-008   3.2605048320033752E-008   4.2199120422943401E-008   5.2527370042231094E-008
   8.1398720000000022        2.1599521495187324E-008   2.4635621972051107E-008   2.9622000764383624E-008   3.6508830916472085E-008   4.6517443885130482E-008   6.2595653555436878E-008   8.2044171973843244E-008
   8.2216799999999992        2.6246717148917910E-008   3.0981091301401789E-008   3.6791532422247611E-008   4.4613017701176831E-008   5.5895295774152178E-008   7.3018508685542267E-008   9.1389746214899569E-008
   8.3043099999999992        3.8351475754697574E-008   4.4233819740329252E-008   5.3001759688177536E-008   6.5186487880233957E-008   8.4551312698661515E-008   1.1439126468241299E-007   1.4812473619474625E-007
   8.3877710000000008        4.9790418846101249E-008   5.8758212898253338E-008   7.0326872210363005E-008   8.4169666974503728E-008   1.0296335042034402E-007   1.3294535392338155E-007   1.6499540559077087E-007
   8.4720700000000004        7.2891394090103144E-008   8.5846201043648310E-008   9.9520360179535809E-008   1.1757848478057156E-007   1.4138996940645828E-007   1.7367252487202374E-007   2.0863228622738021E-007
   8.5572160000000004        9.1960073355233228E-008   1.0888469855100228E-007   1.2694626778335030E-007   1.4990410501541529E-007   1.7883597382386819E-007   2.1896856967278671E-007   2.5980366880861132E-007
   8.6432179999999992        1.1827091326374426E-007   1.3664632711921754E-007   1.5658172973244110E-007   1.8157672861021498E-007   2.1179337458803129E-007   2.4346563655260995E-007   2.7959118626355900E-007
   8.7300850000000008        1.5729349947301093E-007   1.8043575218088882E-007   2.0310501547864868E-007   2.3294584840436684E-007   2.6346757594610886E-007   2.9750765370750463E-007   3.4176707892190008E-007
   8.8178239999999999        1.7510317429551698E-007   1.9910235329197402E-007   2.2205954111345328E-007   2.4752391429458635E-007   2.7371147178720687E-007   3.0199174702564652E-007   3.2689437229865838E-007
   8.9064460000000008        1.8568496441472161E-007   2.0963387430700511E-007   2.3528570382698491E-007   2.6373272326511752E-007   2.9237147064803214E-007   3.2078444378146499E-007   3.6071543554152307E-007
   8.9959579999999999        2.1947768592021257E-007   2.4262343573930645E-007   2.6836927871148437E-007   2.9418170210992559E-007   3.2397905387750684E-007   3.5197663038714505E-007   3.7383070969157375E-007
   9.0863689999999995        1.9489445133964472E-007   2.0600096153652672E-007   2.1634156517604542E-007   2.2679372786105820E-007   2.3839225165218662E-007   2.5339578658603033E-007   2.6999591867527137E-007
   9.1776900000000001        1.1564167034416527E-007   1.2156085909946189E-007   1.3228306458925916E-007   1.4851118380097797E-007   1.6699114392645089E-007   1.8840117875551848E-007   2.1552944833575982E-007
   9.2699280000000002        1.0239420176084360E-007   1.0863977405951750E-007   1.2145354672495376E-007   1.4146420367855158E-007   1.6487240281884880E-007   1.9287973065337572E-007   2.3278124937798647E-007
   9.3630929999999992        1.3736390882503756E-007   1.4454378622917685E-007   1.5783459956554766E-007   1.7512855177134885E-007   1.9458371864565486E-007   2.1737955703215084E-007   2.4387671117618351E-007
   9.4571939999999994        1.3797462572015414E-007   1.4717347546341307E-007   1.6278879774331376E-007   1.8491141976679242E-007   2.0979458296939069E-007   2.3687050667016843E-007   2.7097085375025141E-007
   9.5522419999999997        1.4401601929407271E-007   1.5337344779402275E-007   1.6774217061217697E-007   1.8739091544736691E-007   2.1085972506926697E-007   2.3758848538913129E-007   2.7383228015132749E-007
   9.6482440000000000        1.8247828633734721E-007   1.9298075240447742E-007   2.0764742818848211E-007   2.2571620845137633E-007   2.4508659395758235E-007   2.6596306429192946E-007   2.9836339983193408E-007
   9.7452110000000012        2.8048771589301828E-007   2.8904553551891468E-007   3.0165701150768458E-007   3.1531305190428431E-007   3.2997100404553578E-007   3.4824161118921130E-007   3.7571991667983404E-007
   9.8431530000000009        3.4838891866505089E-007   3.6714181864328242E-007   3.8657215564682277E-007   4.0565071710756783E-007   4.2472223301712929E-007   4.4273987520242582E-007   4.5512144859885735E-007
   9.9420790000000014        4.7635277891320959E-007   5.0309510961533401E-007   5.2898031708467460E-007   5.5781666767894326E-007   5.8383448443706495E-007   6.0766872330547699E-007   6.3076938831900222E-007
   10.042000000000000        4.1516401671657688E-007   4.2882187366854062E-007   4.4088699685556647E-007   4.5293161072599907E-007   4.6495611870632034E-007   4.7839824891640626E-007   4.8985277624941136E-007
   10.142920000000000        2.7860192486215101E-007   3.0204506446964178E-007   3.3030692844486655E-007   3.6971764580292713E-007   4.2008601143077547E-007   4.8174723410966812E-007   5.9129079658171885E-007
   10.244860000000001        1.9825314729520660E-007   2.1328867165729883E-007   2.3668751931653088E-007   2.7325358893453069E-007   3.1874280637488315E-007   3.6701162445962148E-007   4.3208079191490220E-007
   10.347830000000000        1.1538032678634197E-007   1.2338231834677725E-007   1.3266232836210010E-007   1.4226635993193245E-007   1.5367488457041349E-007   1.6342537798135836E-007   1.7532199000498135E-007
   10.451820000000000        2.0991178649422054E-007   2.2377999292276786E-007   2.3664900198427070E-007   2.5084841508753653E-007   2.6310801847772038E-007   2.7338499268769544E-007   2.8138759848612124E-007
   10.556870000000000        2.0833238400034792E-007   2.1706772816113128E-007   2.3109883774431325E-007   2.4679548595947180E-007   2.6286210851545934E-007   2.7862173846981439E-007   2.9310265073312928E-007
   10.662970000000000        2.0739812838745966E-007   2.1503338048074082E-007   2.2470971974801802E-007   2.3396504327921368E-007   2.4420475095269872E-007   2.5402277592914432E-007   2.6099233539091551E-007
   10.770130000000002        1.0661808735914424E-007   1.1953204559853126E-007   1.3167401816128003E-007   1.4488050805958361E-007   1.6179779823961610E-007   1.8111194566797113E-007   2.0095358991639315E-007
   10.878380000000000        2.8981026749541632E-007   3.0400109647671700E-007   3.1907442597364952E-007   3.3537880497767892E-007   3.4936040155729281E-007   3.5989787163655134E-007   3.6653783044613846E-007
   10.987710000000002        3.1206353179410572E-007   3.2645302756838027E-007   3.4074317941944961E-007   3.5556045751707556E-007   3.7062795408058446E-007   3.8263509414638353E-007   3.9055931180605981E-007
   11.098140000000003        5.2702769644234685E-007   5.4452093562731447E-007   5.6573899918119470E-007   5.8760075928523813E-007   6.0968252841684726E-007   6.3503071128395178E-007   6.6625494060437241E-007
   11.209670000000001        3.8952845179836801E-007   4.0741608299132375E-007   4.3184567162726137E-007   4.5587014376486081E-007   4.8118191510304122E-007   5.0450815487210696E-007   5.2374764726841320E-007
   11.322330000000001        5.5661879583342239E-007   5.8777271270261671E-007   6.1223834599200699E-007   6.4134698305709507E-007   6.6938274228093232E-007   7.0212332556427390E-007   7.2638981804335100E-007
   11.436130000000002        5.2072408513200571E-007   5.3870249337068286E-007   5.6461817906216380E-007   5.9301064958510332E-007   6.1937141266766176E-007   6.4669410382883284E-007   6.6634757722541959E-007
   11.551060000000000        4.5349223124771416E-007   4.7141614341905357E-007   4.8544189920600222E-007   5.0294735723825262E-007   5.2235637907243510E-007   5.4537335011734328E-007   5.5877902814752000E-007
   11.667149999999999        4.1731460420232461E-007   4.7154765960271115E-007   5.0505170179759446E-007   5.3517676630674692E-007   5.6699552451011416E-007   5.9427018831149058E-007   6.2105506588666924E-007
   11.784409999999999        3.5306752355877211E-007   3.8059242084749457E-007   4.0931623185327738E-007   4.3830824401259760E-007   4.7215482556894418E-007   5.0057051835434270E-007   5.2506665594595498E-007
   11.902850000000001        5.2381874771534145E-007   5.4145984935825022E-007   5.6224089648812498E-007   5.8260942941407062E-007   6.0397063418784475E-007   6.2422837765167180E-007   6.5263616192612930E-007
   12.022470000000000        3.1518175307276701E-007   3.2723645326031875E-007   3.4607811529487698E-007   3.6740113639981116E-007   3.8891248260203524E-007   4.1107617581200543E-007   4.3308387134303820E-007
   12.143300000000000        4.8076380330077621E-007   4.9987321144464941E-007   5.1454395381184889E-007   5.3180493285152247E-007   5.4733576363054251E-007   5.6511215985680078E-007   5.7694100285989748E-007
   12.265350000000000        2.9583569003745486E-007   3.1092594174155668E-007   3.2630460190890777E-007   3.3996034798758671E-007   3.5227266392343192E-007   3.6255861740061879E-007   3.7218045659070119E-007
   12.388620000000001        2.9894350386277834E-007   3.1319300296145206E-007   3.2268068470563299E-007   3.3176939341190850E-007   3.4046571825307461E-007   3.4995131460572531E-007   3.5708373353875574E-007
   12.513130000000000        2.7543822807233096E-007   2.9087095444258348E-007   3.0646643014834653E-007   3.2154220436062984E-007   3.3570644028762860E-007   3.4923472517199036E-007   3.6312273766640747E-007
   12.638890000000000        2.3908512918137899E-007   2.4780385117081036E-007   2.5734212738729431E-007   2.7155382579238325E-007   2.9058931230942797E-007   3.1180081906124554E-007   3.3345870489013759E-007
   12.765910000000002        2.7145989429101718E-007   2.8244963389009730E-007   2.9442196858248196E-007   3.1080775685550473E-007   3.3007664092730911E-007   3.4905684254079884E-007   3.7125526055348597E-007
   12.894209999999999        2.3591658029134462E-007   2.4514425750682928E-007   2.5753109824569818E-007   2.7362159319641269E-007   2.9498037775049142E-007   3.1366424415594565E-007   3.3257867863028468E-007
   13.023800000000001        1.9846143232628485E-007   2.0753170627657849E-007   2.1728768738403903E-007   2.3080037571757554E-007   2.5042655844788843E-007   2.7286506796469613E-007   2.9778708567816961E-007
   13.154690000000000        1.8692003838202794E-007   1.9506778775994404E-007   2.0718628435985619E-007   2.2154209737565297E-007   2.4339337179865065E-007   2.6932252112047420E-007   3.0400038507400282E-007
   13.286899999999999        1.5255275969329094E-007   1.5931174472216506E-007   1.6731854571977401E-007   1.7746999440079483E-007   1.9372966185900445E-007   2.1045379687188276E-007   2.3749216761936980E-007
   13.420439999999999        1.3806502816177465E-007   1.4681768468836772E-007   1.5536075216952129E-007   1.6624854470868251E-007   1.8167760447266571E-007   1.9976042756800203E-007   2.1735369063287016E-007
   13.555320000000000        1.3310739102277300E-007   1.4059633355029326E-007   1.4556123424461194E-007   1.5179428655257973E-007   1.6121454933770207E-007   1.7358037577964063E-007   1.9611768888052846E-007
   13.691549999999999        1.3409491223801743E-007   1.4125724482535819E-007   1.4831836723697409E-007   1.5644859195580066E-007   1.6785809107580302E-007   1.8310944934475624E-007   2.0540678617157907E-007
   13.829150000000002        1.4541091153827872E-007   1.4879225371559023E-007   1.5219023166095122E-007   1.5753334735424715E-007   1.6489181553508359E-007   1.7413006328451562E-007   1.9679672419980305E-007
   13.968140000000002        1.4432734085774136E-007   1.4838383338174411E-007   1.5137872682123522E-007   1.5509711744426976E-007   1.6015530487543368E-007   1.6691371816374006E-007   1.7465562858094131E-007
   14.108520000000002        1.4715757980245255E-007   1.4807426954756940E-007   1.4938976509636957E-007   1.5068430508459969E-007   1.5198024681941714E-007   1.5338442691414316E-007   1.5455255003465498E-007
   14.250320000000002        1.2746044677721071E-007   1.3729420289909395E-007   1.4498055722950982E-007   1.5159638389001806E-007   1.5723806808954208E-007   1.6308676036750482E-007   1.6806618943430332E-007
   14.393540000000002        1.0960832974893225E-007   1.2959967906780302E-007   1.4366990295831307E-007   1.5602743388390687E-007   1.6743712653517297E-007   1.7815096947685460E-007   1.8970529287568978E-007
   14.538200000000000        9.6908975536577756E-008   1.2428917398617193E-007   1.4471622045203111E-007   1.6330869522809716E-007   1.8237561342079855E-007   2.0321925319045589E-007   2.1890403838252142E-007
   14.684310000000000        8.9519533325445778E-008   1.2046554673576038E-007   1.4531618226007705E-007   1.6606981875154111E-007   1.8748638254354459E-007   2.1161505966664112E-007   2.3016055954064147E-007
   14.831890000000000        9.1361387662812487E-008   1.2325427822575676E-007   1.4813874081610445E-007   1.6964007329504723E-007   1.9341815929845887E-007   2.2090860715542008E-007   2.4257535979611742E-007
   14.980950000000000        7.1848045559395461E-008   1.1759912027467974E-007   1.5056455290855233E-007   2.0208906070315914E-007   2.6900313118127888E-007   3.5629042886683085E-007   4.2766325139543452E-007
   15.131520000000000        1.0112265821377937E-007   1.2911524614341453E-007   1.5278086494077314E-007   1.7167651470176578E-007   1.9052178395607541E-007   2.1186028942237537E-007   2.2765772493318495E-007
   15.283590000000002        1.0262787593086606E-007   1.3260763539198963E-007   1.5665385541328341E-007   1.7745633936227870E-007   2.0119181049854426E-007   2.3115282335115622E-007   2.5671922011465752E-007
   15.437190000000001        1.1034447824982650E-007   1.3958851120819055E-007   1.6035482070463947E-007   1.8034584483449697E-007   2.0170876799161766E-007   2.2231902156842638E-007   2.4484852403973534E-007
   15.592340000000000        1.3016356903806767E-007   1.5107756561148132E-007   1.6544080638569403E-007   1.7700784282908686E-007   1.8809913709479367E-007   1.9961498997171373E-007   2.1451953859336726E-007
   15.749050000000002        1.4791445168114835E-007   1.6460387474207585E-007   1.7335977849133660E-007   1.8004783628923725E-007   1.8666433626513310E-007   1.9398223864942510E-007   2.0309386178192958E-007
   15.907330000000000        1.6844737933088982E-007   1.7413469368913512E-007   1.7867053379185674E-007   1.8310485472294119E-007   1.8775105128211779E-007   1.9191910528047505E-007   1.9499913426198665E-007
   15.993430000000000        1.7441552342094624E-007   1.8010475073652011E-007   1.8454626566738967E-007   1.8896010894079863E-007   1.9354252917109651E-007   1.9809186607189040E-007   2.0270261069206343E-007
