   6.0301510000000009        6.2694552250059355E-010   4.6413832299352080E-010   9.9418938639844613E-010
   6.0907549999999997        7.1337395995617457E-010   5.0778061383956841E-010   1.1166299226242596E-009
   6.1519690000000002        8.0064183760611549E-010   4.8084693192460115E-010   1.1790016583619315E-009
   6.2137979999999997        1.7267374469939839E-009   9.9023178600053926E-010   2.4672303212645289E-009
   6.2762479999999998        2.4569186308624885E-009   1.4169225186507594E-009   3.5299794953406604E-009
   6.3393259999999998        1.8873160816932246E-009   1.4144529026217759E-009   2.9141844327242028E-009
   6.4030379999999996        1.1249632891083690E-009   5.8920211014819249E-010   1.6027297566468742E-009
   6.4673900000000000        1.2552295996171354E-009   6.6734798499069628E-010   1.7703918480421856E-009
   6.5323890000000011        1.3243931640605064E-009   7.2836911242350995E-010   1.8830243893311284E-009
   6.5980410000000012        1.4748950369075005E-009   1.0661927302372151E-009   2.2641199222644854E-009
   6.6643530000000002        1.6885142973341957E-009   9.9465346034626357E-010   2.5095495948604234E-009
   6.7313310000000008        2.3874672982188752E-009   1.1184741672024885E-009   3.2711531044638404E-009
   6.7989830000000007        2.4239773275733536E-009   1.0368716135740875E-009   3.2304555036013130E-009
   6.8673140000000004        2.6245955365929309E-009   1.0367677348863575E-009   3.4497349431526913E-009
   6.9363330000000003        3.6653157135176489E-009   1.3747040140623571E-009   4.6538801672427467E-009
   7.0060440000000010        3.4268508415387330E-009   1.2352550686316072E-009   4.3562809755433825E-009
   7.0764570000000004        4.9962238045971116E-009   1.5312391414972960E-009   5.8494214855032275E-009
   7.1475770000000001        4.9622023389825746E-009   1.4184903348259261E-009   5.7153873623670322E-009
   7.2194120000000011        4.6961143043875682E-009   1.4514624043455965E-009   5.8210925191455852E-009
   7.2919690000000008        4.1718183882921982E-009   1.5875946598214123E-009   5.2599236202259656E-009
   7.3652550000000012        4.0519053713910735E-009   1.7150616204994145E-009   5.1584372094780358E-009
   7.4392779999999998        4.3230569093975940E-009   1.8333092696254714E-009   5.4925998652610156E-009
   7.5140440000000002        4.6596503355171298E-009   1.4992636812427060E-009   5.6912589831427946E-009
   7.5895620000000008        5.3728810284692617E-009   1.5580843059913451E-009   6.4127911585889072E-009
   7.6658390000000001        5.6268819041365790E-009   2.9753417780801811E-009   7.4703113936991205E-009
   7.7428830000000000        5.9812719920756194E-009   2.5573998455856206E-009   7.5922542619141539E-009
   7.8207009999999997        6.4839855939759396E-009   1.6588609662555374E-009   7.5779338270975854E-009
   7.8993010000000004        6.8968352987003753E-009   1.6139146213872323E-009   7.9024553914435608E-009
   7.9786910000000013        8.0325022796654157E-009   1.9207170340734089E-009   9.2007185251284256E-009
   8.0588790000000010        9.3595579516965057E-009   2.2645883387653878E-009   1.0733461874437207E-008
   8.1398720000000022        1.3252942841573733E-008   3.7377683326916840E-009   1.5190086208055697E-008
   8.2216799999999992        1.6791953669070194E-008   4.2685737771195141E-009   1.8860086175484440E-008
   8.3043099999999992        2.5993031006135122E-008   7.2052391697241688E-009   2.8525329013336691E-008
   8.3877710000000008        3.5121329427067861E-008   7.5323783664092433E-009   3.6687715425816832E-008
   8.4720700000000004        5.0157209938831805E-008   9.4732624877796001E-009   5.1870825588908698E-008
   8.5572160000000004        6.6916633573031826E-008   1.1911342222394054E-008   6.7230658585538264E-008
   8.6432179999999992        8.4964376458246009E-008   1.2293160035341567E-008   8.2579339875246410E-008
   8.7300850000000008        1.1172467476414008E-007   1.3834942949463445E-008   1.0695923629697110E-007
   8.8178239999999999        1.2291239373595154E-007   1.1923014247637996E-008   1.1558369231584147E-007
   8.9064460000000008        1.3508344040682085E-007   1.3222153472976468E-008   1.2542586533907646E-007
   8.9959579999999999        1.5468530960020225E-007   1.3270812605082825E-008   1.4304106718083049E-007
   9.0863689999999995        1.1215220894293996E-007   5.7502055271771236E-009   1.1232545155445330E-007
   9.1776900000000001        6.8403635033816329E-008   8.6051978155138089E-009   7.5416199336408465E-008
   9.2699280000000002        6.3545855252620809E-008   1.1229835044342136E-008   7.3672340740702018E-008
   9.3630929999999992        8.5188481238043449E-008   9.5936193456479348E-009   9.2354088659180028E-008
   9.4571939999999994        8.8568126610043091E-008   1.2524295513951160E-008   9.9610656034257163E-008
   9.5522419999999997        9.3238132032157070E-008   1.1727207910652328E-008   1.0310811902112399E-007
   9.6482440000000000        1.1671624903499473E-007   1.0461276957751035E-008   1.2594722084914358E-007
   9.7452110000000012        1.7282628219675432E-007   8.4100653882861844E-009   1.7935261688310338E-007
   9.8431530000000009        2.3287645349479078E-007   1.0897315595300318E-008   2.3484965523179460E-007
   9.9420790000000014        3.3396293786835363E-007   1.5655983827223946E-008   3.2884472113163485E-007
   10.042000000000000        2.6602585593107763E-007   7.3303598691495644E-009   2.7290818810960481E-007
   10.142920000000000        2.0172123208140866E-007   2.9043825649030161E-008   2.3069985319799108E-007
   10.244860000000001        1.4981788208478630E-007   2.5594466576523877E-008   1.7408746542291051E-007
   10.347830000000000        9.2738205674324804E-008   6.5679238571137923E-009   9.1341959633837370E-008
   10.451820000000000        1.6559520459095389E-007   8.3396029685979655E-009   1.6312563774923159E-007
   10.556870000000000        1.5433193385295027E-007   1.0390047094223142E-008   1.6436021063692065E-007
   10.662970000000000        1.5783946816328026E-007   6.4940308660325280E-009   1.5906052616031896E-007
   10.770130000000002        1.0738619200383738E-007   1.0599153196824944E-008   1.0148666438930555E-007
   10.878380000000000        2.3915035640542850E-007   1.0297332685749612E-008   2.3622855337686876E-007
   10.987710000000002        2.5832684881570105E-007   1.0500671391961433E-008   2.5625765050518283E-007
   11.098140000000003        4.2194914463696307E-007   1.6463306084702178E-008   4.3227082489245542E-007
   11.209670000000001        3.4964429120066195E-007   1.8298102603292823E-008   3.4189444933054893E-007
   11.322330000000001        4.8660342425786664E-007   2.1632862481544495E-008   4.9083461877352354E-007
   11.436130000000002        4.6807859453226839E-007   2.0530411433837733E-008   4.6230666832713196E-007
   11.551060000000000        4.0273680255396581E-007   1.4437847268540544E-008   4.0102823465081648E-007
   11.667149999999999        4.3225909508250226E-007   2.5234309442798062E-008   4.3458877623731929E-007
   11.784409999999999        3.7657417239142915E-007   2.5475779121707224E-008   3.6416302852640294E-007
   11.902850000000001        4.8085197752080424E-007   1.7552573423499491E-008   4.9304362769177229E-007
   12.022470000000000        3.2553844586787087E-007   1.8320984154556226E-008   3.1742809754760858E-007
   12.143300000000000        4.5315118685280528E-007   1.4226569358261992E-008   4.6771326454988297E-007
   12.265350000000000        3.0471426357702371E-007   1.1625807233332688E-008   3.0450914714725164E-007
   12.388620000000001        2.9691216618000122E-007   8.3279652960706248E-009   3.0386508228977715E-007
   12.513130000000000        2.8690178294100322E-007   1.3746421060819177E-008   3.0004878772143626E-007
   12.638890000000000        2.4183452293820057E-007   1.5684574893959384E-008   2.6087267765980198E-007
   12.765910000000002        2.8356056061333968E-007   1.7124808376181501E-008   3.0354316213682400E-007
   12.894209999999999        2.5230792327452216E-007   1.7756790973208557E-008   2.7338361192976096E-007
   13.023800000000001        2.1644052752375629E-007   1.6941405528503024E-008   2.3602558652160284E-007
   13.154690000000000        2.1217549003163780E-007   1.9487825855029401E-008   2.3179602226727949E-007
   13.286899999999999        1.7501340559179076E-007   1.4279188616497961E-008   1.8936069440526283E-007
   13.420439999999999        1.6904724644698634E-007   1.4396817672066330E-008   1.8063099142447846E-007
   13.555320000000000        1.6119419261020440E-007   9.5540058101773053E-009   1.6802583366911122E-007
   13.691549999999999        1.6914978922714568E-007   1.1830069501350504E-008   1.7653102306246533E-007
   13.829150000000002        1.7443352656960579E-007   7.8727614935851718E-009   1.8083054275454629E-007
   13.968140000000002        1.7745352503859566E-007   5.3866619517229315E-009   1.8130228514971098E-007
   14.108520000000002        1.8028667484297228E-007   1.5690194276564426E-009   1.7888661282662930E-007
   14.250320000000002        1.8836828965652142E-007   7.6586514248237769E-009   1.8311885724003156E-007
   14.393540000000002        1.9905749238540840E-007   1.4811164539191171E-008   1.9215005482668851E-007
   14.538200000000000        2.1231339234972682E-007   2.4136790918306706E-008   2.0658273503999479E-007
   14.684310000000000        2.2231372377577351E-007   2.8201206632955155E-008   2.1424924042780166E-007
   14.831890000000000        2.3188685408829065E-007   3.0852496300464957E-008   2.2410443663149520E-007
   14.980950000000000        2.5104283745891480E-007   8.0318395245918859E-008   2.8046810155864413E-007
   15.131520000000000        2.4612156029951490E-007   2.6990216930114179E-008   2.3455340794865233E-007
   15.283590000000002        2.5674969671253394E-007   3.2645425702309492E-008   2.4946030042334875E-007
   15.437190000000001        2.6477774439511926E-007   2.9131833115889535E-008   2.5705241449523291E-007
   15.592340000000000        2.6582942796166814E-007   1.7274131020860799E-008   2.5631969926568059E-007
   15.749050000000002        2.7276287897800634E-007   1.0699372934637507E-008   2.6608466189842252E-007
   15.907330000000000        2.8072686365166358E-007   6.7241724142718458E-009   2.7623625258278286E-007
   15.993430000000000        2.9013876619257929E-007   6.8186158037819224E-009   2.8829307845238764E-007
