   6.0301510000000009        3.1389988689007862E-010   4.1845864815713719E-010   6.0620228297157062E-010   8.8810165387729701E-010   1.3592383668553812E-009   2.2509721548706152E-009   3.6083329663367925E-009
   6.0907549999999997        3.5883217312728203E-010   4.6954782333868914E-010   6.8551232356195287E-010   1.0026351882781318E-009   1.5284118353762473E-009   2.4834198562019484E-009   3.8871136672211536E-009
   6.1519690000000002        3.7997314271834592E-010   5.1361748403893668E-010   7.3622681027081387E-010   1.0881459148304144E-009   1.6072594371596914E-009   2.4823112861007008E-009   3.3508797164918024E-009
   6.2137979999999997        4.9297120336927422E-010   8.4547006953256745E-010   1.4742845174836463E-009   2.3627001800772075E-009   3.4828520141454395E-009   4.6752756091691224E-009   5.9961607436870845E-009
   6.2762479999999998        6.1896182752166595E-010   1.1275439040556448E-009   2.0757188990734312E-009   3.4463218916206504E-009   4.9230115541313908E-009   6.5001563255742810E-009   9.0447794557055718E-009
   6.3393259999999998        5.5772282141526691E-010   9.2775641883916708E-010   1.5997328669173567E-009   2.6591077829281759E-009   4.2686044984166809E-009   6.3385072946417910E-009   1.0607347420332581E-008
   6.4030379999999996        6.0046333344255051E-010   7.6723025586845645E-010   1.0730063977643784E-009   1.4881789634744529E-009   2.1223500543798087E-009   3.0783481322174061E-009   4.5312580252321310E-009
   6.4673900000000000        6.7671903489443651E-010   8.8898010470607586E-010   1.2130152130972057E-009   1.6229350206669817E-009   2.2989434809373033E-009   3.6593400557365487E-009   4.9455952589590064E-009
   6.5323890000000011        7.6419808745695974E-010   9.5947785132670508E-010   1.2763958707639516E-009   1.7130384974458028E-009   2.4477167275401022E-009   4.0163729836956315E-009   5.3544729967413912E-009
   6.5980410000000012        8.6931679659166481E-010   1.0829805437878214E-009   1.4450789975940451E-009   1.9601163416869045E-009   3.0326103876031455E-009   5.4372985087107894E-009   7.9982340033756960E-009
   6.6643530000000002        9.3077609912648410E-010   1.2166691090410345E-009   1.6586615550640791E-009   2.2874850833883575E-009   3.3316519474435834E-009   5.3923357870225825E-009   7.4038876376838178E-009
   6.7313310000000008        1.0574468358701257E-009   1.5340705055324999E-009   2.2193641046466326E-009   3.1357522967869864E-009   4.2802451592929139E-009   5.9445450184820606E-009   8.8509478661944726E-009
   6.7989830000000007        1.1229804249268575E-009   1.5911937605550938E-009   2.2275651003566105E-009   3.1065004351405264E-009   4.1830560224978227E-009   5.7147616549304865E-009   8.3241839823009452E-009
   6.8673140000000004        1.2901504030694127E-009   1.7632069450905116E-009   2.4464351861884931E-009   3.3243886216555598E-009   4.4269600038021640E-009   5.8145410457846359E-009   8.1264986695459226E-009
   6.9363330000000003        1.4889713023532278E-009   2.3021994752647007E-009   3.3486014639218350E-009   4.5461701353163839E-009   5.8867384790896957E-009   7.7636331731687538E-009   1.1194966624571254E-008
   7.0060440000000010        1.5774125449234044E-009   2.2720859980721846E-009   3.1645076360737960E-009   4.2303409455784954E-009   5.5052740645614741E-009   7.1617398526686134E-009   9.5644843218186367E-009
   7.0764570000000004        2.0393642511069335E-009   3.1158030256544434E-009   4.3475952111097448E-009   5.7410829017316462E-009   7.2903982722536589E-009   9.3355256089550500E-009   1.1499212430890664E-008
   7.1475770000000001        2.0857792034291177E-009   3.2088452351772930E-009   4.3562010716825453E-009   5.6432708761732237E-009   7.0456819101658142E-009   8.9853131048724210E-009   1.1056904100609103E-008
   7.2194120000000011        2.7799664838289296E-009   3.5229065064188040E-009   4.4802387581919777E-009   5.6379110456831821E-009   7.0792847297289223E-009   9.5081290038699194E-009   1.1799818436197839E-008
   7.2919690000000008        2.6525505738249594E-009   3.2082925438655110E-009   3.9546489859307359E-009   4.9294828533476958E-009   6.4611341890894758E-009   9.7902427977748196E-009   1.3242835839135930E-008
   7.3652550000000012        2.7068360726672486E-009   3.0786476458621758E-009   3.7785566420617292E-009   4.7436907472501324E-009   6.3962503162725445E-009   1.0209515335089325E-008   1.4185142005886482E-008
   7.4392779999999998        2.8950064439449077E-009   3.2562945262625807E-009   4.0229501332720701E-009   5.0436870442181488E-009   6.8468451551223336E-009   1.0904753890904913E-008   1.5091779690629560E-008
   7.5140440000000002        3.1058501434925759E-009   3.6051570262711407E-009   4.3611818394841118E-009   5.4006208727301215E-009   6.9494759266340240E-009   9.7541373363025251E-009   1.2990912827539781E-008
   7.5895620000000008        3.4769357088124684E-009   3.9844323364821747E-009   4.9286118289956031E-009   6.1828257564429484E-009   7.8471593278229762E-009   1.0035527275738888E-008   1.2951646909706659E-008
   7.6658390000000001        3.7815182980570916E-009   4.2578977500680534E-009   5.1956096553558136E-009   6.6605621399243159E-009   9.5048985955866693E-009   1.6557946477153671E-008   2.3173976682004147E-008
   7.7428830000000000        4.1758258899707837E-009   4.6887723828802929E-009   5.6525889342708594E-009   6.9545379803074344E-009   9.2416308413552528E-009   1.5737118269163263E-008   2.1216730593329319E-008
   7.8207009999999997        4.4972753545986533E-009   5.0670002269718948E-009   6.0082023019074693E-009   7.3495764995785352E-009   8.9921792071458872E-009   1.2056370578560370E-008   1.4840319680910463E-008
   7.8993010000000004        4.8216724927022924E-009   5.4473779900574930E-009   6.3900711085365593E-009   7.6514875046127231E-009   9.3046412677592288E-009   1.2080344665776079E-008   1.4876233004994990E-008
   7.9786910000000013        5.5492131583313241E-009   6.1910710633768672E-009   7.3836006993128903E-009   8.9531533005941854E-009   1.0953931743043981E-008   1.3972695820713520E-008   1.7542675063184660E-008
   8.0588790000000010        6.4086009169167988E-009   7.2397866774422070E-009   8.6534604530674373E-009   1.0433673880374403E-008   1.2764650921322671E-008   1.6520663797169102E-008   2.0564102093118075E-008
   8.1398720000000022        8.6204104971268086E-009   9.8321240263788259E-009   1.1822197375626461E-008   1.4570744511183176E-008   1.8565201162268079E-008   2.4982045509852222E-008   3.2743986549377107E-008
   8.2216799999999992        1.0679055965969128E-008   1.2605340546678965E-008   1.4969446715249427E-008   1.8151790570169676E-008   2.2742234330481896E-008   2.9709191301155040E-008   3.7183934623414962E-008
   8.3043099999999992        1.5908093256544028E-008   1.8348074374585816E-008   2.1984993257454714E-008   2.7039187094079951E-008   3.5071666497964447E-008   4.7449201640668052E-008   6.1441758644669058E-008
   8.3877710000000008        2.1055247377926836E-008   2.4847525622984182E-008   2.9739651242580153E-008   3.5593457555432164E-008   4.3540883250277489E-008   5.6219597655021944E-008   6.9772843077962578E-008
   8.4720700000000004        3.1424585033805861E-008   3.7009598707779397E-008   4.2904736013019017E-008   5.0689867291683339E-008   6.0955359298632541E-008   7.4872858366934156E-008   8.9944541481060813E-008
   8.5572160000000004        4.0417699545399828E-008   4.7856301877073257E-008   5.5794606533829351E-008   6.5884887387275320E-008   7.8600836147666659E-008   9.6239656364051799E-008   1.1418723630347615E-007
   8.6432179999999992        5.2994344506633992E-008   6.1227924390619222E-008   7.0160497622785836E-008   8.1360153945028261E-008   9.4899504429390101E-008   1.0909108133987100E-007   1.2527806911263252E-007
   8.7300850000000008        7.1852516122741393E-008   8.2424021565626322E-008   9.2779462903317739E-008   1.0641091579930405E-007   1.2035340501617873E-007   1.3590309552700452E-007   1.5612103889055898E-007
   8.8178239999999999        8.1546444672319422E-008   9.2722985189585073E-008   1.0341426508241470E-007   1.1527315403222929E-007   1.2746883361808951E-007   1.4063910257139442E-007   1.5223638264464983E-007
   8.9064460000000008        8.8159260792837800E-008   9.9529692424461074E-008   1.1170863397523976E-007   1.2521467208301037E-007   1.3881173852976679E-007   1.5230161217820962E-007   1.7125999541288642E-007
   8.9959579999999999        1.0623361652812999E-007   1.1743683611844191E-007   1.2989857680990378E-007   1.4239254437419000E-007   1.5681533377056526E-007   1.7036697932474307E-007   1.8094499262330688E-007
   9.0863689999999995        9.6172668881513287E-008   1.0165329041923177E-007   1.0675596749917236E-007   1.1191369453599625E-007   1.1763710523553752E-007   1.2504075365819147E-007   1.3323225934670263E-007
   9.1776900000000001        5.8201387466384276E-008   6.1180460643106731E-008   6.6576847899954840E-008   7.4744310816055626E-008   8.4045104521516388E-008   9.4820577835303725E-008   1.0847398602659951E-007
   9.2699280000000002        5.2572252801426963E-008   5.5778916852018106E-008   6.2357891875239962E-008   7.2631963043295821E-008   8.4650434222983746E-008   9.9030235948946839E-008   1.1951687184704796E-007
   9.3630929999999992        7.1947607701670428E-008   7.5708238912864846E-008   8.2669617867065368E-008   9.1727735822191804E-008   1.0191784125830012E-007   1.1385770269272770E-007   1.2773621610918682E-007
   9.4571939999999994        7.3723451288028100E-008   7.8638637304394128E-008   8.6982312421759990E-008   9.8803007992403243E-008   1.1209873291779323E-007   1.2656610712963772E-007   1.4478681447884509E-007
   9.5522419999999997        7.8501926683709662E-008   8.3602582636094867E-008   9.1434853176124389E-008   1.0214521952314424E-007   1.1493787121094273E-007   1.2950749473797488E-007   1.4926368389740157E-007
   9.6482440000000000        1.0147146242967504E-007   1.0731161257761968E-007   1.1546737220610245E-007   1.2551495427406862E-007   1.3628632540316621E-007   1.4789519140972060E-007   1.6591218124695781E-007
   9.7452110000000012        1.5911460378547056E-007   1.6396926943350696E-007   1.7112348650399168E-007   1.7887026233003928E-007   1.8718540098000136E-007   1.9754992053598338E-007   2.1313776785726917E-007
   9.8431530000000009        2.0161566834586537E-007   2.1246813310571424E-007   2.2371263650773123E-007   2.3475356437284492E-007   2.4579041491679638E-007   2.5621737965816844E-007   2.6338270284083529E-007
   9.9420790000000014        2.8122414771346049E-007   2.9701200388328183E-007   3.1229384064627826E-007   3.2931794227436444E-007   3.4467806751570554E-007   3.5874907498932716E-007   3.7238700283948974E-007
   10.042000000000000        2.5003906834166259E-007   2.5826472781673228E-007   2.6553113829462016E-007   2.7278519671354615E-007   2.8002714604346356E-007   2.8812288069031209E-007   2.9502155019758284E-007
   10.142920000000000        1.7117341906827263E-007   1.8557691740122401E-007   2.0294104684245201E-007   2.2715504766620950E-007   2.5810144317896695E-007   2.9598618613290940E-007   3.6328990678931760E-007
   10.244860000000001        1.2426163612796863E-007   1.3368564216653853E-007   1.4835163427467775E-007   1.7127061286085893E-007   1.9978246582479817E-007   2.3003652428996680E-007   2.7082075051684315E-007
   10.347830000000000        7.3775844747133261E-008   7.8892433540678149E-008   8.4826205763477432E-008   9.0967162040664810E-008   9.8261937206980713E-008   1.0449654329737504E-007   1.1210340857603694E-007
   10.451820000000000        1.3692529536533344E-007   1.4597151565210395E-007   1.5436596027207742E-007   1.6362822641563479E-007   1.7162515618931847E-007   1.7832881848796455E-007   1.8354891203746111E-007
   10.556870000000000        1.3863392863477350E-007   1.4444682750211523E-007   1.5378377170287036E-007   1.6422904174049351E-007   1.7492050968253415E-007   1.8540769065963488E-007   1.9504395420508282E-007
   10.662970000000000        1.4079369598013366E-007   1.4597694122111677E-007   1.5254579302122795E-007   1.5882883529157339E-007   1.6578013374501336E-007   1.7244516989749304E-007   1.7717650495632672E-007
   10.770130000000002        7.3837094928583835E-008   8.2780503913340912E-008   9.1189283351636190E-008   1.0033528167563250E-007   1.1205115082970737E-007   1.2542693511223984E-007   1.3916803107633164E-007
   10.878380000000000        2.0475007747740941E-007   2.1477585523366483E-007   2.2542511693516153E-007   2.3694411139021089E-007   2.4682206708748137E-007   2.5426675782873741E-007   2.5895786864568345E-007
   10.987710000000002        2.2491555899082093E-007   2.3528659295002880E-007   2.4558602612368005E-007   2.5626537839175858E-007   2.6712507222618533E-007   2.7577905561301083E-007   2.8149032803963626E-007
   11.098140000000003        3.8750418490303425E-007   4.0036632371935018E-007   4.1596718962861762E-007   4.3204134206282416E-007   4.4827725908639413E-007   4.6691485063423213E-007   4.8987288417537569E-007
   11.209670000000001        2.9217837294459011E-007   3.0559556738484640E-007   3.2391976790575897E-007   3.4194009773689006E-007   3.6092600783355026E-007   3.7842260596694899E-007   3.9285380748427067E-007
   11.322330000000001        4.2592544013442310E-007   4.4976445860406504E-007   4.6848559361595112E-007   4.9075956126933803E-007   5.1221256137695420E-007   5.3726569908915658E-007   5.5583445128911412E-007
   11.436130000000002        4.0649106173229648E-007   4.2052548507060607E-007   4.4075595816189784E-007   4.6291987532571957E-007   4.8349778765867095E-007   5.0482660661789484E-007   5.2016863034180377E-007
   11.551060000000000        3.6114364187101286E-007   3.7541755104101987E-007   3.8658711950519321E-007   4.0052778801233198E-007   4.1598438097549090E-007   4.3431420489579799E-007   4.4498996746012672E-007
   11.667149999999999        3.3903228819865609E-007   3.8309198964031269E-007   4.1031114750071797E-007   4.3478517608687881E-007   4.6063518539088403E-007   4.8279350811746305E-007   5.0455392158487915E-007
   11.784409999999999        2.9261935035582394E-007   3.1543175032411505E-007   3.3923779974926557E-007   3.6326613200156981E-007   3.9131788993997703E-007   4.1486857361363373E-007   4.3517076339317958E-007
   11.902850000000001        4.4288850003656215E-007   4.5780404301721588E-007   4.7537440840158145E-007   4.9259599322431415E-007   5.1065688161842692E-007   5.2778479400405883E-007   5.5180356198735735E-007
   12.022470000000000        2.7185790799616186E-007   2.8225560882293580E-007   2.9850735808807522E-007   3.1689938698324763E-007   3.3545385442847332E-007   3.5457099941160989E-007   3.7355358964265586E-007
   12.143300000000000        4.2303953362364734E-007   4.3985451647698520E-007   4.5276377454991456E-007   4.6795226518231502E-007   4.8161834271235314E-007   4.9726036550490670E-007   5.0766894492162026E-007
   12.265350000000000        2.6556365208155701E-007   2.7910976057463249E-007   2.9291476550032571E-007   3.0517315731266330E-007   3.1622558842768886E-007   3.2545900908155552E-007   3.3409627240409860E-007
   12.388620000000001        2.7376364607205193E-007   2.8681291718029446E-007   2.9550145636410781E-007   3.0382462780408301E-007   3.1178846567037565E-007   3.2047509511411632E-007   3.2700675406368168E-007
   12.513130000000000        2.5732366106185227E-007   2.7174143334259871E-007   2.8631125152903530E-007   3.0039554709249601E-007   3.1362825291691051E-007   3.2626683187777110E-007   3.3924148047664930E-007
   12.638890000000000        2.2786467732603511E-007   2.3617422288254694E-007   2.4526486034610435E-007   2.5880959264467315E-007   2.7695172891137455E-007   2.9716776308360098E-007   3.1780922741416027E-007
   12.765910000000002        2.6393620632665865E-007   2.7462135812734967E-007   2.8626187175767423E-007   3.0219351722504149E-007   3.2092835161132496E-007   3.3938250456184933E-007   3.6096567894576377E-007
   12.894209999999999        2.3400278149645600E-007   2.4315560209307648E-007   2.5544195849612951E-007   2.7140192438522481E-007   2.9258744254111566E-007   3.1111974197757407E-007   3.2988073907223303E-007
   13.023800000000001        2.0082054923016691E-007   2.0999864179462736E-007   2.1987059253747139E-007   2.3354390659607132E-007   2.5340338633978899E-007   2.7610862308152166E-007   3.0132688955515747E-007
   13.154690000000000        1.9295559632155799E-007   2.0136643259948146E-007   2.1387622961320626E-007   2.2869558491144586E-007   2.5125242645273735E-007   2.7801881550770677E-007   3.1381641097275422E-007
   13.286899999999999        1.6065399982442815E-007   1.6777191746698792E-007   1.7620391573860406E-007   1.8689445216611473E-007   2.0401758135911188E-007   2.2162984343044056E-007   2.5010407371020023E-007
   13.420439999999999        1.4832876010858317E-007   1.5773208771102735E-007   1.6691024545216563E-007   1.7860743473431287E-007   1.9518348831503043E-007   2.1461058556554687E-007   2.3351172897181408E-007
   13.555320000000000        1.4588615863369659E-007   1.5409406541613466E-007   1.5953561366320385E-007   1.6636706044302052E-007   1.7669170087419192E-007   1.9024468921002947E-007   2.1494566192799742E-007
   13.691549999999999        1.4993197694051991E-007   1.5794020533936780E-007   1.6583527029689148E-007   1.7492570217622086E-007   1.8768270190434394E-007   2.0473529739904464E-007   2.2966602545694632E-007
   13.829150000000002        1.6586289211587026E-007   1.6971981857915443E-007   1.7359572062392739E-007   1.7969034318302237E-007   1.8808377666820374E-007   1.9862137988926849E-007   2.2447609666566147E-007
   13.968140000000002        1.6794679531995440E-007   1.7266714085945357E-007   1.7615215452698219E-007   1.8047906712147084E-007   1.8636503691862096E-007   1.9422947789337456E-007   2.0323836724514827E-007
   14.108520000000002        1.7469334370258830E-007   1.7578156217510811E-007   1.7734321001108279E-007   1.7887998113360474E-007   1.8041841629408311E-007   1.8208534310979726E-007   1.8347204255166394E-007
   14.250320000000002        1.5436203106190243E-007   1.6627128296178453E-007   1.7557990611433242E-007   1.8359205785466452E-007   1.9042446628934196E-007   1.9750757357407034E-007   2.0353795243837162E-007
   14.393540000000002        1.3541905524423620E-007   1.6011799595449145E-007   1.7750149619295132E-007   1.9276899608943292E-007   2.0686545940568568E-007   2.2010221333233502E-007   2.3437736525044804E-007
   14.538200000000000        1.2214384442308740E-007   1.5665378203395599E-007   1.8239998326799279E-007   2.0583389466695118E-007   2.2986579343032238E-007   2.5613706788286225E-007   2.7590613418143318E-007
   14.684310000000000        1.1510566001744091E-007   1.5489654326024184E-007   1.8684989129078007E-007   2.1353525187490398E-007   2.4107301507594906E-007   2.7209805734806167E-007   2.9594416024930857E-007
   14.831890000000000        1.1984311511114585E-007   1.6167854967206226E-007   1.9432069304340163E-007   2.2252502234745190E-007   2.5371587847309167E-007   2.8977641773654858E-007   3.1819773660253527E-007
   14.980950000000000        9.6147247863069627E-008   1.5737145913289204E-007   2.0148588977167783E-007   2.7043612472073282E-007   3.5998071385598139E-007   4.7678881045107161E-007   5.7230011357582538E-007
   15.131520000000000        1.3805200119042603E-007   1.7626730180105137E-007   2.0857545204249681E-007   2.3437167130112953E-007   2.6009911141677458E-007   2.8923030153845740E-007   3.1079685867279889E-007
   15.283590000000002        1.4293259878665130E-007   1.8468621486717587E-007   2.1817603123007526E-007   2.4714820925751935E-007   2.8020523730336286E-007   3.2193274447879027E-007   3.5753975181351798E-007
   15.437190000000001        1.5677922647825511E-007   1.9832962337203102E-007   2.2783473310928624E-007   2.5623830480855358E-007   2.8659109292274315E-007   3.1587447587532730E-007   3.4788475882210727E-007
   15.592340000000000        1.8866868302862979E-007   2.1898297311403176E-007   2.3980211429862306E-007   2.5656823056638495E-007   2.7264477101205988E-007   2.8933669804123145E-007   3.1094045076839546E-007
   15.749050000000002        2.1872257750985694E-007   2.4340139413358609E-007   2.5634883648759521E-007   2.6623853437353995E-007   2.7602241899315406E-007   2.8684347436175448E-007   3.0031692252174798E-007
   15.907330000000000        2.5410883868233677E-007   2.6268835385518023E-007   2.6953082932455073E-007   2.7622015952736273E-007   2.8322911162048518E-007   2.8951676872322536E-007   2.9416310154661959E-007
   15.993430000000000        2.6596356465903043E-007   2.7463898039799350E-007   2.8141177860041837E-007   2.8814238071551170E-007   2.9513004325443749E-007   3.0206725753008318E-007   3.0909811149801843E-007
