#  lambda [mu]          flux [Jy]
      6.030151     3.9593678E-009     0.0000000E+000
      6.090755     4.4427589E-009     0.0000000E+000
      6.151969     4.8372037E-009     0.0000000E+000
      6.213798     1.2198617E-008     0.0000000E+000
      6.276248     1.6175186E-008     0.0000000E+000
      6.339326     1.2948273E-008     0.0000000E+000
      6.403038     6.0866330E-009     0.0000000E+000
      6.467390     6.6141436E-009     0.0000000E+000
      6.532389     6.7480312E-009     0.0000000E+000
      6.598041     7.4956335E-009     0.0000000E+000
      6.664353     8.3592370E-009     0.0000000E+000
      6.731331     1.2465639E-008     0.0000000E+000
      6.798983     1.1746319E-008     0.0000000E+000
      6.867314     1.2041367E-008     0.0000000E+000
      6.936333     1.5364142E-008     0.0000000E+000
      7.006044     1.3807579E-008     0.0000000E+000
      7.076457     1.7645498E-008     0.0000000E+000
      7.147577     1.6959581E-008     0.0000000E+000
      7.219412     1.7046696E-008     0.0000000E+000
      7.291969     1.5262662E-008     0.0000000E+000
      7.365255     1.5186390E-008     0.0000000E+000
      7.439278     1.6097784E-008     0.0000000E+000
      7.514044     1.6001405E-008     0.0000000E+000
      7.589562     1.6772008E-008     0.0000000E+000
      7.665839     2.1262101E-008     0.0000000E+000
      7.742883     1.9747967E-008     0.0000000E+000
      7.820701     1.9463146E-008     0.0000000E+000
      7.899301     2.0446548E-008     0.0000000E+000
      7.978691     2.2505991E-008     0.0000000E+000
      8.058879     2.4935925E-008     0.0000000E+000
      8.139872     3.2651532E-008     0.0000000E+000
      8.221680     3.9752634E-008     0.0000000E+000
      8.304310     5.7773732E-008     0.0000000E+000
      8.387771     7.7054838E-008     0.0000000E+000
      8.472070     1.0889577E-007     0.0000000E+000
      8.557216     1.3855141E-007     0.0000000E+000
      8.643218     1.7138962E-007     0.0000000E+000
      8.730085     2.2371368E-007     0.0000000E+000
      8.817824     2.4551963E-007     0.0000000E+000
      8.906446     2.6007274E-007     0.0000000E+000
      8.995958     3.0187702E-007     0.0000000E+000
      9.086369     2.2512939E-007     0.0000000E+000
      9.177690     1.4249026E-007     0.0000000E+000
      9.269928     1.3734426E-007     0.0000000E+000
      9.363093     1.7486124E-007     0.0000000E+000
      9.457194     1.8172518E-007     0.0000000E+000
      9.552242     1.8666770E-007     0.0000000E+000
      9.648244     2.2580457E-007     0.0000000E+000
      9.745211     3.2061025E-007     0.0000000E+000
      9.843153     4.2374082E-007     0.0000000E+000
      9.942079     5.8398915E-007     0.0000000E+000
     10.042000     4.6086259E-007     0.0000000E+000
     10.142920     3.7123821E-007     0.0000000E+000
     10.244860     2.6868908E-007     0.0000000E+000
     10.347830     1.4148176E-007     0.0000000E+000
     10.451820     2.5170569E-007     0.0000000E+000
     10.556870     2.4325984E-007     0.0000000E+000
     10.662970     2.3186604E-007     0.0000000E+000
     10.770130     1.4374010E-007     0.0000000E+000
     10.878380     3.3788583E-007     0.0000000E+000
     10.987710     3.6223629E-007     0.0000000E+000
     11.098140     5.8805885E-007     0.0000000E+000
     11.209670     4.6411348E-007     0.0000000E+000
     11.322330     6.5715186E-007     0.0000000E+000
     11.436130     6.0063034E-007     0.0000000E+000
     11.551060     5.0140437E-007     0.0000000E+000
     11.667150     5.5081667E-007     0.0000000E+000
     11.784410     4.4777879E-007     0.0000000E+000
     11.902850     5.9329442E-007     0.0000000E+000
     12.022470     3.6512750E-007     0.0000000E+000
     12.143300     5.3084005E-007     0.0000000E+000
     12.265350     3.4054605E-007     0.0000000E+000
     12.388620     3.3095386E-007     0.0000000E+000
     12.513130     3.2271965E-007     0.0000000E+000
     12.638890     2.6147856E-007     0.0000000E+000
     12.765910     3.0155295E-007     0.0000000E+000
     12.894210     2.6322045E-007     0.0000000E+000
     13.023800     2.1652150E-007     0.0000000E+000
     13.154690     2.0981198E-007     0.0000000E+000
     13.286900     1.6624099E-007     0.0000000E+000
     13.420440     1.5727005E-007     0.0000000E+000
     13.555320     1.4599538E-007     0.0000000E+000
     13.691550     1.5065707E-007     0.0000000E+000
     13.829150     1.5460416E-007     0.0000000E+000
     13.968140     1.5109730E-007     0.0000000E+000
     14.108520     1.5043695E-007     0.0000000E+000
     14.250320     1.5601594E-007     0.0000000E+000
     14.393540     1.6299182E-007     0.0000000E+000
     14.538200     1.7190061E-007     0.0000000E+000
     14.684310     1.7582636E-007     0.0000000E+000
     14.831890     1.7901480E-007     0.0000000E+000
     14.980950     2.2659625E-007     0.0000000E+000
     15.131520     1.7982289E-007     0.0000000E+000
     15.283590     1.8565562E-007     0.0000000E+000
     15.437190     1.9197456E-007     0.0000000E+000
     15.592340     1.8289904E-007     0.0000000E+000
     15.749050     1.8160815E-007     0.0000000E+000
     15.907330     1.8076683E-007     0.0000000E+000
     15.993430     1.8430173E-007     0.0000000E+000
