#  lambda [mu]     flux/flux_star
      6.030151     8.9469362E-010     0.0000000E+000
      6.090755     1.0227173E-009     0.0000000E+000
      6.151969     1.1343631E-009     0.0000000E+000
      6.213798     2.9142282E-009     0.0000000E+000
      6.276248     3.9365692E-009     0.0000000E+000
      6.339326     3.2102327E-009     0.0000000E+000
      6.403038     1.5372987E-009     0.0000000E+000
      6.467390     1.7018120E-009     0.0000000E+000
      6.532389     1.7690484E-009     0.0000000E+000
      6.598041     2.0026985E-009     0.0000000E+000
      6.664353     2.2762444E-009     0.0000000E+000
      6.731331     3.4594905E-009     0.0000000E+000
      6.798983     3.3223486E-009     0.0000000E+000
      6.867314     3.4710851E-009     0.0000000E+000
      6.936333     4.5138215E-009     0.0000000E+000
      7.006044     4.1342843E-009     0.0000000E+000
      7.076457     5.3847305E-009     0.0000000E+000
      7.147577     5.2746383E-009     0.0000000E+000
      7.219412     5.4033824E-009     0.0000000E+000
      7.291969     4.9306481E-009     0.0000000E+000
      7.365255     5.0000785E-009     0.0000000E+000
      7.439278     5.4028495E-009     0.0000000E+000
      7.514044     5.4748488E-009     0.0000000E+000
      7.589562     5.8500112E-009     0.0000000E+000
      7.665839     7.5602433E-009     0.0000000E+000
      7.742883     7.1583063E-009     0.0000000E+000
      7.820701     7.1921631E-009     0.0000000E+000
      7.899301     7.7023877E-009     0.0000000E+000
      7.978691     8.6429643E-009     0.0000000E+000
      8.058879     9.7622422E-009     0.0000000E+000
      8.139872     1.3031289E-008     0.0000000E+000
      8.221680     1.6174236E-008     0.0000000E+000
      8.304310     2.3964395E-008     0.0000000E+000
      8.387771     3.2584757E-008     0.0000000E+000
      8.472070     4.6946618E-008     0.0000000E+000
      8.557216     6.0895225E-008     0.0000000E+000
      8.643218     7.6795557E-008     0.0000000E+000
      8.730085     1.0219361E-007     0.0000000E+000
      8.817824     1.1433975E-007     0.0000000E+000
      8.906446     1.2347699E-007     0.0000000E+000
      8.995958     1.4611730E-007     0.0000000E+000
      9.086369     1.1109241E-007     0.0000000E+000
      9.177690     7.1714037E-008     0.0000000E+000
      9.269928     7.0516662E-008     0.0000000E+000
      9.363093     9.1587727E-008     0.0000000E+000
      9.457194     9.7100514E-008     0.0000000E+000
      9.552242     1.0175100E-007     0.0000000E+000
      9.648244     1.2556409E-007     0.0000000E+000
      9.745211     1.8187525E-007     0.0000000E+000
      9.843153     2.4522246E-007     0.0000000E+000
      9.942079     3.4476938E-007     0.0000000E+000
     10.042000     2.7756175E-007     0.0000000E+000
     10.142920     2.2808929E-007     0.0000000E+000
     10.244860     1.6840966E-007     0.0000000E+000
     10.347830     9.0465478E-008     0.0000000E+000
     10.451820     1.6418743E-007     0.0000000E+000
     10.556870     1.6187626E-007     0.0000000E+000
     10.662970     1.5740391E-007     0.0000000E+000
     10.770130     9.9545508E-008     0.0000000E+000
     10.878380     2.3871531E-007     0.0000000E+000
     10.987710     2.6107689E-007     0.0000000E+000
     11.098140     4.3237816E-007     0.0000000E+000
     11.209670     3.4812328E-007     0.0000000E+000
     11.322330     5.0285348E-007     0.0000000E+000
     11.436130     4.6886800E-007     0.0000000E+000
     11.551060     3.9929901E-007     0.0000000E+000
     11.667150     4.4749126E-007     0.0000000E+000
     11.784410     3.7111524E-007     0.0000000E+000
     11.902850     5.0163015E-007     0.0000000E+000
     12.022470     3.1493828E-007     0.0000000E+000
     12.143300     4.6710323E-007     0.0000000E+000
     12.265350     3.0569892E-007     0.0000000E+000
     12.388620     3.0307778E-007     0.0000000E+000
     12.513130     3.0149556E-007     0.0000000E+000
     12.638890     2.4920717E-007     0.0000000E+000
     12.765910     2.9319522E-007     0.0000000E+000
     12.894210     2.6108516E-007     0.0000000E+000
     13.023800     2.1909529E-007     0.0000000E+000
     13.154690     2.1658670E-007     0.0000000E+000
     13.286900     1.7506914E-007     0.0000000E+000
     13.420440     1.6896148E-007     0.0000000E+000
     13.555320     1.6001144E-007     0.0000000E+000
     13.691550     1.6845019E-007     0.0000000E+000
     13.829150     1.7634916E-007     0.0000000E+000
     13.968140     1.7582468E-007     0.0000000E+000
     14.108520     1.7858634E-007     0.0000000E+000
     14.250320     1.8894440E-007     0.0000000E+000
     14.393540     2.0137337E-007     0.0000000E+000
     14.538200     2.1666312E-007     0.0000000E+000
     14.684310     2.2608038E-007     0.0000000E+000
     14.831890     2.3482230E-007     0.0000000E+000
     14.980950     3.0323171E-007     0.0000000E+000
     15.131520     2.4549305E-007     0.0000000E+000
     15.283590     2.5856757E-007     0.0000000E+000
     15.437190     2.7276057E-007     0.0000000E+000
     15.592340     2.6510737E-007     0.0000000E+000
     15.749050     2.6854579E-007     0.0000000E+000
     15.907330     2.7269317E-007     0.0000000E+000
     15.993430     2.8103888E-007     0.0000000E+000
