   6.0301510000000009        2.7744781571684795E-009   2.0539928794995333E-009   4.3996753109415642E-009
   6.0907549999999997        3.0989489165967520E-009   2.2058363095053743E-009   4.8507224586226167E-009
   6.1519690000000002        3.4141340394229562E-009   2.0504497778237705E-009   5.0275535267866795E-009
   6.2137979999999997        7.2279199305462518E-009   4.1449938288844188E-009   1.0327536038186132E-008
   6.2762479999999998        1.0095368613915144E-008   5.8220711681098799E-009   1.4504527645881422E-008
   6.3393259999999998        7.6123716138020958E-009   5.7051074959939759E-009   1.1754181013045386E-008
   6.4030379999999996        4.4540718674507443E-009   2.3328303851885675E-009   6.3456946456137537E-009
   6.4673900000000000        4.8784877422897170E-009   2.5936680951531675E-009   6.8806813768236672E-009
   6.5323890000000011        5.0518949078935612E-009   2.7783624304113170E-009   7.1827925287197462E-009
   6.5980410000000012        5.5201880751542989E-009   3.9905106790597966E-009   8.4740727189710651E-009
   6.6643530000000002        6.2008679676516865E-009   3.6527465541230896E-009   9.2160224645840406E-009
   6.7313310000000008        8.6028001844078557E-009   4.0302163631909498E-009   1.1786999784793714E-008
   6.7989830000000007        8.5700853146032209E-009   3.6659081285698713E-009   1.1421426659385661E-008
   6.8673140000000004        9.1048524202715271E-009   3.5965988239442502E-009   1.1967302050369419E-008
   6.9363330000000003        1.2475999104884619E-008   4.6792165776255656E-009   1.5840874112598133E-008
   7.0060440000000010        1.1444910687950795E-008   4.1254739675156837E-009   1.4548998191682652E-008
   7.0764570000000004        1.6372380717889051E-008   5.0177956743370673E-009   1.9168267732910655E-008
   7.1475770000000001        1.5955003104853647E-008   4.5608816711397675E-009   1.8376724059725472E-008
   7.2194120000000011        1.4815393311822898E-008   4.5791019987765174E-009   1.8364496599896713E-008
   7.2919690000000008        1.2913729266062418E-008   4.9143480643156404E-009   1.6281923916532601E-008
   7.3652550000000012        1.2306569877743439E-008   5.2090371671404081E-009   1.5667361934614675E-008
   7.4392779999999998        1.2880543111163321E-008   5.4623428695035975E-009   1.6365195008900074E-008
   7.5140440000000002        1.3618814858690504E-008   4.3819156007415686E-009   1.6633909590488428E-008
   7.5895620000000008        1.5404073669795122E-008   4.4670345957911800E-009   1.8385500611774717E-008
   7.6658390000000001        1.5824799424493466E-008   8.3677225965629092E-009   2.1009180831908113E-008
   7.7428830000000000        1.6500824917453083E-008   7.0552228943673153E-009   2.0945119778971711E-008
   7.8207009999999997        1.7546704240896981E-008   4.4891436493469971E-009   2.0507103492750835E-008
   7.8993010000000004        1.8308150727424747E-008   4.2842537004066225E-009   2.0977642376143472E-008
   7.9786910000000013        2.0916368268789493E-008   5.0014831525811846E-009   2.3958364443449080E-008
   8.0588790000000010        2.3907339194012141E-008   5.7844913006660997E-009   2.7416734324686272E-008
   8.1398720000000022        3.3206913275936298E-008   9.3654481387995820E-009   3.8060669346779123E-008
   8.2216799999999992        4.1270844514187628E-008   1.0491194063816918E-008   4.6353848957213018E-008
   8.3043099999999992        6.2664398702391059E-008   1.7370501345961168E-008   6.8769301663461510E-008
   8.3877710000000008        8.3053201475982512E-008   1.7812199830242767E-008   8.6757314448511292E-008
   8.4720700000000004        1.1634295097861605E-007   2.1973856093020463E-008   1.2031779530939538E-007
   8.5572160000000004        1.5225157792934439E-007   2.7101193705996404E-008   1.5296606102735030E-007
   8.6432179999999992        1.8962050558703275E-007   2.7435441985610435E-008   1.8429766486761447E-007
   8.7300850000000008        2.4457828367646450E-007   3.0286296276851070E-008   2.3414618563074252E-007
   8.8178239999999999        2.6392751259615855E-007   2.5602068248608371E-008   2.4819072741463517E-007
   8.9064460000000008        2.8451876296808149E-007   2.7849088967350839E-008   2.6417754791410623E-007
   8.9959579999999999        3.1957844330673141E-007   2.7417378190011236E-008   2.9552154433237518E-007
   9.0863689999999995        2.2727707864063537E-007   1.1652823659184100E-008   2.2762815576173624E-007
   9.1776900000000001        1.3591274980329269E-007   1.7097864713323825E-008   1.4984617449726596E-007
   9.2699280000000002        1.2376732548211452E-007   2.1872184165563232E-008   1.4349053198253494E-007
   9.3630929999999992        1.6264366729533857E-007   1.8316342894429609E-008   1.7632439798140098E-007
   9.4571939999999994        1.6575667452156223E-007   2.3439420642351744E-008   1.8642294607682691E-007
   9.5522419999999997        1.7105038295159320E-007   2.1514195537274367E-008   1.8915740652010305E-007
   9.6482440000000000        2.0989330991843771E-007   1.8812736570873690E-008   2.2649356261551120E-007
   9.7452110000000012        3.0465870502375821E-007   1.4825289289296076E-008   3.1616334800295187E-007
   9.8431530000000009        4.0240709703386487E-007   1.8830401564255854E-008   4.0581676070287775E-007
   9.9420790000000014        5.6568461421634675E-007   2.6518958145504372E-008   5.5701509993231609E-007
   10.042000000000000        4.4170842433269803E-007   1.2171304538279804E-008   4.5313582522075033E-007
   10.142920000000000        3.2832155745530657E-007   4.7271742161983429E-008   3.7548717269438040E-007
   10.244860000000001        2.3902684344042513E-007   4.0834675208302230E-008   2.7774773453968169E-007
   10.347830000000000        1.4503614988018649E-007   1.0271779381706747E-008   1.4285251748698622E-007
   10.451820000000000        2.5386386889155959E-007   1.2784934683691157E-008   2.5007792717619114E-007
   10.556870000000000        2.3192258939493382E-007   1.5613661838278525E-008   2.4699260025298230E-007
   10.662970000000000        2.3250764215576404E-007   9.5661232410262549E-009   2.3430633876270681E-007
   10.770130000000002        1.5506176687076987E-007   1.5304792835701953E-008   1.4654306294299159E-007
   10.878380000000000        3.3850159968378196E-007   1.4575197122822325E-008   3.3436597967470433E-007
   10.987710000000002        3.5842068534689334E-007   1.4569363789183409E-008   3.5554973530830943E-007
   11.098140000000003        5.7387479768633595E-007   2.2391031167358965E-008   5.8791286896504274E-007
   11.209670000000001        4.6614127547818343E-007   2.4394795227571675E-008   4.5580928589618971E-007
   11.322330000000001        6.3591555360804917E-007   2.8270811579385989E-008   6.4144507162768077E-007
   11.436130000000002        5.9961908355124092E-007   2.6299913374994171E-008   5.9222511779019881E-007
   11.551060000000000        5.0572124224465674E-007   1.8129771130132955E-008   5.0357577384703160E-007
   11.667149999999999        5.3206741498175832E-007   3.1060893678863494E-008   5.3493501787057350E-007
   11.784409999999999        4.5436540789514407E-007   3.0738467002588718E-008   4.3939041795128814E-007
   11.902850000000001        5.6871939705049821E-007   2.0760003994504414E-008   5.8313886137303544E-007
   12.022470000000000        3.7741693378538091E-007   2.1240654525793462E-008   3.6801410338602736E-007
   12.143300000000000        5.1498422900454275E-007   1.6167802413202136E-008   5.3153332028601462E-007
   12.265350000000000        3.3944914419944508E-007   1.2951052141951864E-008   3.3922064621011568E-007
   12.388620000000001        3.2422114685737464E-007   9.0939434851029722E-009   3.3181356876489572E-007
   12.513130000000000        3.0709853263384006E-007   1.4714114682279836E-008   3.2117103450264566E-007
   12.638890000000000        2.5374287421682195E-007   1.6456910560612069E-008   2.7371850069128641E-007
   12.765910000000002        2.9164365465619690E-007   1.7612963133215345E-008   3.1219587434867393E-007
   12.894209999999999        2.5437143122265714E-007   1.7902015422885175E-008   2.7561948803220533E-007
   13.023800000000001        2.1389791667479770E-007   1.6742388265025651E-008   2.3325290238620792E-007
   13.154690000000000        2.0553874309168363E-007   1.8878256066405634E-008   2.2454555454715554E-007
   13.286899999999999        1.6618806899004606E-007   1.3559137226638582E-008   1.7981187235008553E-007
   13.420439999999999        1.5734988160278613E-007   1.3400617896884518E-008   1.6813207971032451E-007
   13.555320000000000        1.4707453145188756E-007   8.7171312146358658E-009   1.5330776102124196E-007
   13.691549999999999        1.5128277905981030E-007   1.0580478987364856E-008   1.5788434547381262E-007
   13.829150000000002        1.5292473064803135E-007   6.9019984548800917E-009   1.5853295285319730E-007
   13.968140000000002        1.5249707710028656E-007   4.6291005083523101E-009   1.5580456094585996E-007
   14.108520000000002        1.5186927090760371E-007   1.3217052049220742E-009   1.5068989146742829E-007
   14.250320000000002        1.5554023352187518E-007   6.3239329361214009E-009   1.5120565074572398E-007
   14.393540000000002        1.6111734958588159E-007   1.1988172593948553E-008   1.5552646215655474E-007
   14.538200000000000        1.6844953130866455E-007   1.9150139670825250E-008   1.6390282548275662E-007
   14.684310000000000        1.7289697831743308E-007   2.1932534478444329E-008   1.6662509919600778E-007
   14.831890000000000        1.7677698673488525E-007   2.3520140245504287E-008   1.7084412644862883E-007
   14.980950000000000        1.8759702044509636E-007   6.0019603775916941E-008   2.0958566559743104E-007
   15.131520000000000        1.8028327156865555E-007   1.9770249313336123E-008   1.7180963622650898E-007
   15.283590000000002        1.8435035984221016E-007   2.3439934116693723E-008   1.7911645753911110E-007
   15.437190000000001        1.8635607990767611E-007   2.0503589651781408E-008   1.8091883215324195E-007
   15.592340000000000        1.8339719418928688E-007   1.1917518634320686E-008   1.7683637970866787E-007
   15.749050000000002        1.8446002302247478E-007   7.2356127976212487E-009   1.7994377770029285E-007
   15.907330000000000        1.8609232459252412E-007   4.4574176452363096E-009   1.8311552272262593E-007
   15.993430000000000        1.9026931314844686E-007   4.4715615311729924E-009   1.8905893460020514E-007
