   6.0301510000000009        3.9593677935911931E-009
   6.0907549999999997        4.4427589486915911E-009
   6.1519690000000002        4.8372036708519214E-009
   6.2137979999999997        1.2198616764560713E-008
   6.2762479999999998        1.6175186384989859E-008
   6.3393259999999998        1.2948273250884961E-008
   6.4030379999999996        6.0866330339751349E-009
   6.4673900000000000        6.6141436453823875E-009
   6.5323890000000011        6.7480312081580302E-009
   6.5980410000000012        7.4956334896541249E-009
   6.6643530000000002        8.3592369926069294E-009
   6.7313310000000008        1.2465639062863875E-008
   6.7989830000000007        1.1746318972085439E-008
   6.8673140000000004        1.2041366851601895E-008
   6.9363330000000003        1.5364142449039532E-008
   7.0060440000000010        1.3807579284992658E-008
   7.0764570000000004        1.7645498091511726E-008
   7.1475770000000001        1.6959580696313681E-008
   7.2194120000000011        1.7046696426157353E-008
   7.2919690000000008        1.5262662026478942E-008
   7.3652550000000012        1.5186389935011949E-008
   7.4392779999999998        1.6097783751912497E-008
   7.5140440000000002        1.6001404893656508E-008
   7.5895620000000008        1.6772008031570608E-008
   7.6658390000000001        2.1262101430253209E-008
   7.7428830000000000        1.9747966632170164E-008
   7.8207009999999997        1.9463145981590778E-008
   7.8993010000000004        2.0446548069713011E-008
   7.9786910000000013        2.2505990913730512E-008
   8.0588790000000010        2.4935925110112743E-008
   8.1398720000000022        3.2651531990085006E-008
   8.2216799999999992        3.9752633863137602E-008
   8.3043099999999992        5.7773732462172277E-008
   8.3877710000000008        7.7054838129436460E-008
   8.4720700000000004        1.0889577169851938E-007
   8.5572160000000004        1.3855141158823629E-007
   8.6432179999999992        1.7138962130681008E-007
   8.7300850000000008        2.2371368404254771E-007
   8.8178239999999999        2.4551962732352123E-007
   8.9064460000000008        2.6007274466586581E-007
   8.9959579999999999        3.0187701919208117E-007
   9.0863689999999995        2.2512939364513571E-007
   9.1776900000000001        1.4249026420565984E-007
   9.2699280000000002        1.3734426266059349E-007
   9.3630929999999992        1.7486124415703208E-007
   9.4571939999999994        1.8172517517675351E-007
   9.5522419999999997        1.8666770131856709E-007
   9.6482440000000000        2.2580457276506624E-007
   9.7452110000000012        3.2061025358895347E-007
   9.8431530000000009        4.2374081925188045E-007
   9.9420790000000014        5.8398915381339555E-007
   10.042000000000000        4.6086259110008185E-007
   10.142920000000000        3.7123821207578378E-007
   10.244860000000001        2.6868907695361615E-007
   10.347830000000000        1.4148176092727005E-007
   10.451820000000000        2.5170568999054214E-007
   10.556870000000000        2.4325984396637881E-007
   10.662970000000000        2.3186604322326620E-007
   10.770130000000002        1.4374010328809310E-007
   10.878380000000000        3.3788582577235033E-007
   10.987710000000002        3.6223628631920952E-007
   11.098140000000003        5.8805885178760549E-007
   11.209670000000001        4.6411347700914574E-007
   11.322330000000001        6.5715186462217939E-007
   11.436130000000002        6.0063033519605271E-007
   11.551060000000000        5.0140436612089885E-007
   11.667149999999999        5.5081667089664091E-007
   11.784409999999999        4.4777878581601221E-007
   11.902850000000001        5.9329442231190420E-007
   12.022470000000000        3.6512750176056907E-007
   12.143300000000000        5.3084004582236201E-007
   12.265350000000000        3.4054604564906215E-007
   12.388620000000001        3.3095385535716387E-007
   12.513130000000000        3.2271965260713562E-007
   12.638890000000000        2.6147856232568899E-007
   12.765910000000002        3.0155295340135435E-007
   12.894209999999999        2.6322045264588813E-007
   13.023800000000001        2.1652149627684788E-007
   13.154690000000000        2.0981197662524840E-007
   13.286899999999999        1.6624099192638292E-007
   13.420439999999999        1.5727004699523419E-007
   13.555320000000000        1.4599538064015964E-007
   13.691549999999999        1.5065707451646272E-007
   13.829150000000002        1.5460415781806057E-007
   13.968140000000002        1.5109730332372520E-007
   14.108520000000002        1.5043694713977108E-007
   14.250320000000002        1.5601593868304509E-007
   14.393540000000002        1.6299182257445684E-007
   14.538200000000000        1.7190060966920914E-007
   14.684310000000000        1.7582636467899784E-007
   14.831890000000000        1.7901479885463332E-007
   14.980950000000000        2.2659624889334733E-007
   15.131520000000000        1.7982289049457714E-007
   15.283590000000002        1.8565562001545385E-007
   15.437190000000001        1.9197456144561910E-007
   15.592340000000000        1.8289904023668887E-007
   15.749050000000002        1.8160815276654615E-007
   15.907330000000000        1.8076683481653516E-007
   15.993430000000000        1.8430172511547273E-007
