   982.36723993850285        1.0000000000000000E-050   1.0000000000000000E-050   1.0000000000000000E-050   1.0000000000000000E-050   1.0000000000000000E-050   1.3887715279426612E-006  0.15006484438650042     
   559.15677073717995        1.0000000000000000E-050   1.0000000000000000E-050   1.0000000000000000E-050   1.0000000000000000E-050   1.0000000000000000E-050   3.6706557743302129E-004  0.15006484438650042     
   318.26824180415866        1.0000000000000000E-050   1.0000000000000000E-050   1.0000000000000000E-050   1.0000000000000000E-050   1.8214199959657292E-009   2.0209353735539731E-003  0.15293532564975040     
   181.15612479764073        1.0000000000000000E-050   1.0000000000000000E-050   1.0000000000000000E-050   1.0000000000000000E-050   2.6352884610490140E-007   9.5449222324917680E-003  0.15293532564975040     
   103.11283766695188        1.0000000000000000E-050   1.0000000000000000E-050   1.0000000000000000E-050   1.0000000000000000E-050   3.2882258936724734E-006   1.5500538802260669E-002  0.15293532564975040     
   58.691127907532021        1.0000000000000000E-050   1.0000000000000000E-050   1.0000000000000000E-050   1.0000000000000000E-050   1.4546144474971054E-005   2.1113229072905491E-002  0.24500825789828884     
   33.406591972420422        1.0000000000000000E-050   1.0000000000000000E-050   1.0000000000000000E-050   3.6833141420428655E-011   4.1428935995356034E-005   2.6403033446270551E-002  0.24500825789828884     
   19.014805593275458        1.0000000000000000E-050   1.0000000000000000E-050   1.0000000000000000E-050   9.3473951270818902E-010   9.2669689513050826E-005   3.7669882324681103E-002  0.24588037039676922     
   10.823098388741830        1.0000000000000000E-050   1.0000000000000000E-050   1.0000000000000000E-050   7.7966330513825298E-009   1.6360301494072074E-004   4.1643091558386747E-002  0.24588037039676922     
   6.1604342025885437        1.0000000000000000E-050   1.0000000000000000E-050   1.0000000000000000E-050   3.4427359213420903E-008   2.5067922493950194E-004   4.3664140734939780E-002  0.27035379819191635     
   3.5064773691699282        1.0000000000000000E-050   1.0000000000000000E-050   1.0000000000000000E-050   1.0203142684668285E-007   3.5623671456498992E-004   5.0625386403505779E-002  0.28194801080747989     
   1.9958631382402388        1.0000000000000000E-050   1.0000000000000000E-050   5.9083855822797977E-011   2.6411083637702349E-007   5.8335403240514228E-004   5.8874750466615167E-002  0.28194801080747989     
   1.1360317627058163        1.0000000000000000E-050   1.0000000000000000E-050   2.5141632057171239E-010   5.8056093563665692E-007   7.1760028947027716E-004   5.8874750466615167E-002  0.28194801080747989     
  0.64662157497151085        1.0000000000000000E-050   4.3970384283598432E-012   7.2150271291096254E-010   8.8782657308955196E-007   9.0009031545108798E-004   6.2236557024038901E-002  0.32523228777040186     
  0.36805261520395766        1.0297074783702525E-012   1.4612446340928155E-011   1.0290836750143785E-009   1.1062739949806001E-006   1.0152230725633221E-003   6.5283077580988877E-002  0.32523228777040186     
  0.20949305250824746        1.3336318690266569E-012   1.4946837058576912E-011   1.0374098750156476E-009   1.1062739949806001E-006   1.0152230725633221E-003   6.5283077580988877E-002  0.32523228777040186     
  0.11924202474394310        1.3336318690266569E-012   1.4946837058576912E-011   1.0374098750156476E-009   1.1062739949806001E-006   1.0152230725633221E-003   6.5283077580988877E-002  0.32523228777040186     
   6.7871751806544506E-002   1.3336318690266569E-012   1.4946837058576912E-011   1.0374098750156476E-009   1.1062739949806001E-006   1.0152230725633221E-003   6.5283077580988877E-002  0.32523228777040186     
   3.8632140834418016E-002   1.3336318690266569E-012   1.4946837058576912E-011   1.0374098750156476E-009   1.1062739949806001E-006   1.0152230725633221E-003   6.5283077580988877E-002  0.32523228777040186     
   2.1989152566803206E-002   1.3336318690266569E-012   1.4946837058576912E-011   1.0374098750156476E-009   1.1062739949806001E-006   1.0152230725633221E-003   6.5283077580988877E-002  0.32523228777040186     
   1.2516076514594044E-002   1.3336318690266569E-012   1.4946837058576912E-011   1.0374098750156476E-009   1.1062739949806001E-006   1.0152230725633221E-003   6.5283077580988877E-002  0.32523228777040186     
   7.1240658703541270E-003   1.3336318690266569E-012   1.4946837058576912E-011   1.0374098750156476E-009   1.1062739949806001E-006   1.0152230725633221E-003   6.5283077580988877E-002  0.32523228777040186     
   4.0549699792875264E-003   1.3336318690266569E-012   1.4946837058576912E-011   1.0374098750156476E-009   1.1062739949806001E-006   1.0152230725633221E-003   6.5283077580988877E-002  0.32523228777040186     
   2.3080614121421240E-003   1.3336318690266569E-012   1.4946837058576912E-011   1.0374098750156476E-009   1.1062739949806001E-006   1.0152230725633221E-003   6.5283077580988877E-002  0.32523228777040186     
   1.3137329029389003E-003   1.3336318690266569E-012   1.4946837058576912E-011   1.0374098750156476E-009   1.1062739949806001E-006   1.0152230725633221E-003   6.5283077580988877E-002  0.32523228777040186     
   7.4776785885539401E-004   1.3336318690266569E-012   1.4946837058576912E-011   1.0374098750156476E-009   1.1062739949806001E-006   1.0152230725633221E-003   6.5283077580988877E-002  0.32523228777040186     
   4.2562439403497608E-004   1.3336318690266569E-012   1.4946837058576912E-011   1.0374098750156476E-009   1.1062739949806001E-006   1.0152230725633221E-003   6.5283077580988877E-002  0.32523228777040186     
   2.4226251857753804E-004   1.3336318690266569E-012   1.4946837058576912E-011   1.0374098750156476E-009   1.1062739949806001E-006   1.0152230725633221E-003   6.5283077580988877E-002  0.32523228777040186     
   1.3789418259402918E-004   1.3336318690266569E-012   1.4946837058576912E-011   1.0374098750156476E-009   1.1062739949806001E-006   1.0152230725633221E-003   6.5283077580988877E-002  0.32523228777040186     
   7.8488433559273943E-005   1.3336318690266569E-012   1.4946837058576912E-011   1.0374098750156476E-009   1.1062739949806001E-006   1.0152230725633221E-003   6.5283077580988877E-002  0.32523228777040186     
   4.4675084087668437E-005   1.3336318690266569E-012   1.4946837058576912E-011   1.0374098750156476E-009   1.1062739949806001E-006   1.0152230725633221E-003   6.5283077580988877E-002  0.32523228777040186     
   2.5428754884412054E-005   1.3336318690266569E-012   1.4946837058576912E-011   1.0374098750156476E-009   1.1062739949806001E-006   1.0152230725633221E-003   6.5283077580988877E-002  0.32523228777040186     
   1.4473874827020145E-005   1.3336318690266569E-012   1.4946837058576912E-011   1.0374098750156476E-009   1.1062739949806001E-006   1.0152230725633221E-003   6.5283077580988877E-002  0.32523228777040186     
   8.2384313923552585E-006   1.3336318690266569E-012   1.4946837058576912E-011   1.0374098750156476E-009   1.1062739949806001E-006   1.0152230725633221E-003   6.5283077580988877E-002  0.32523228777040186     
   4.6892592769864319E-006   1.3336318690266569E-012   1.4946837058576912E-011   1.0374098750156476E-009   1.1062739949806001E-006   1.0152230725633221E-003   6.5283077580988877E-002  0.32523228777040186     
   2.6690945787577697E-006   1.3336318690266569E-012   1.4946837058576912E-011   1.0374098750156476E-009   1.1062739949806001E-006   1.0152230725633221E-003   6.5283077580988877E-002  0.32523228777040186     
   1.5192305329153057E-006   1.3336318690266569E-012   1.4946837058576912E-011   1.0374098750156476E-009   1.1062739949806001E-006   1.0152230725633221E-003   6.5283077580988877E-002  0.32523228777040186     
   8.6473571619044130E-007   1.3336318690266569E-012   1.4946837058576912E-011   1.0374098750156476E-009   1.1062739949806001E-006   1.0152230725633221E-003   6.5283077580988877E-002  0.32523228777040186     
   4.9220170517536543E-007   1.3336318690266569E-012   1.4946837058576912E-011   1.0374098750156476E-009   1.1062739949806001E-006   1.0152230725633221E-003   6.5283077580988877E-002  0.32523228777040186     
   2.8015787256344187E-007   1.3336318690266569E-012   1.4946837058576912E-011   1.0374098750156476E-009   1.1062739949806001E-006   1.0152230725633221E-003   6.5283077580988877E-002  0.32523228777040186     
   1.5946396108341244E-007   1.3336318690266569E-012   1.4946837058576912E-011   1.0374098750156476E-009   1.1062739949806001E-006   1.0152230725633221E-003   6.5283077580988877E-002  0.32523228777040186     
   9.0765805193119529E-008   1.3336318690266569E-012   1.4946837058576912E-011   1.0374098750156476E-009   1.1062739949806001E-006   1.0152230725633221E-003   6.5283077580988877E-002  0.32523228777040186     
   5.1663280758753414E-008   1.3336318690266569E-012   1.4946837058576912E-011   1.0374098750156476E-009   1.1062739949806001E-006   1.0152230725633221E-003   6.5283077580988877E-002  0.32523228777040186     
   2.9406389036915853E-008   1.3336318690266569E-012   1.4946837058576912E-011   1.0374098750156476E-009   1.1062739949806001E-006   1.0152230725633221E-003   6.5283077580988877E-002  0.32523228777040186     
   1.6737917211034474E-008   1.3336318690266569E-012   1.4946837058576912E-011   1.0374098750156476E-009   1.1062739949806001E-006   1.0152230725633221E-003   6.5283077580988877E-002  0.32523228777040186     
   9.5271089630128223E-009   1.3336318690266569E-012   1.4946837058576912E-011   1.0374098750156476E-009   1.1062739949806001E-006   1.0152230725633221E-003   6.5283077580988877E-002  0.32523228777040186     
   5.4227658106279935E-009   1.3336318690266569E-012   1.4946837058576912E-011   1.0374098750156476E-009   1.1062739949806001E-006   1.0152230725633221E-003   6.5283077580988877E-002  0.32523228777040186     
   3.0866015231987532E-009   1.3336318690266569E-012   1.4946837058576912E-011   1.0374098750156476E-009   1.1062739949806001E-006   1.0152230725633221E-003   6.5283077580988877E-002  0.32523228777040186     
   1.7568726542350030E-009   1.3336318690266569E-012   1.4946837058576912E-011   1.0374098750156476E-009   1.1062739949806001E-006   1.0152230725633221E-003   6.5283077580988877E-002  0.32523228777040186     
   1.0000000000000007E-009   1.3336318690266569E-012   1.4946837058576912E-011   1.0374098750156476E-009   1.1062739949806001E-006   1.0152230725633221E-003   6.5283077580988877E-002  0.32523228777040186     
