   982.36723993850285        1.0000000000000000E-050   1.0000000000000000E-050   1.0000000000000000E-050   1.0000000000000000E-050   1.0000000000000000E-050  0.37067195853130169       0.58898637571387313     
   559.15677073717995        1.0000000000000000E-050   1.0000000000000000E-050   1.0000000000000000E-050   1.0000000000000000E-050   1.0000000000000000E-050  0.51089533214455762       0.70785744558516861     
   318.26824180415866        1.0000000000000000E-050   1.0000000000000000E-050   1.0000000000000000E-050   1.0000000000000000E-050  0.16457904178115879       0.56071600473154715       0.78959313280121635     
   181.15612479764073        1.0000000000000000E-050   1.0000000000000000E-050   1.0000000000000000E-050   1.0000000000000000E-050  0.28079775767382342       0.61578544113041522       0.81448399977070507     
   103.11283766695188        1.0000000000000000E-050   1.0000000000000000E-050   1.0000000000000000E-050   1.0000000000000000E-050  0.33513185958071018       0.63759429797907308       0.81448399977070507     
   58.691127907532021        1.0000000000000000E-050   1.0000000000000000E-050   1.0000000000000000E-050   1.0000000000000000E-050  0.36268773520229919       0.65405922751029744       0.88449264598904931     
   33.406591972420422        1.0000000000000000E-050   1.0000000000000000E-050   1.0000000000000000E-050   5.0290572079033757E-002  0.39866144415603166       0.69080680377832926       0.88449264598904931     
   19.014805593275458        1.0000000000000000E-050   1.0000000000000000E-050   1.0000000000000000E-050  0.10971051026223030       0.41671074867654456       0.69971121406876746       0.88449264598904931     
   10.823098388741830        1.0000000000000000E-050   1.0000000000000000E-050   1.0000000000000000E-050  0.14160189148561592       0.43494259653779754       0.70681307493495005       0.92298790893464777     
   6.1604342025885437        1.0000000000000000E-050   1.0000000000000000E-050   1.0000000000000000E-050  0.16958440818208650       0.44896128189258949       0.71997478232154677       0.92298790893464777     
   3.5064773691699282        1.0000000000000000E-050   1.0000000000000000E-050   1.0000000000000000E-050  0.19421841161319572       0.46125449645407091       0.72644512356079161       0.92298790893464777     
   1.9958631382402388        1.0000000000000000E-050   1.0000000000000000E-050   4.3610227499328996E-002  0.21954824311508067       0.47936400139782126       0.73804885791206665       0.92298790893464777     
   1.1360317627058163        1.0000000000000000E-050   1.0000000000000000E-050   6.1275241145010935E-002  0.23416987105083356       0.48938111558673270       0.73965534801099420       0.92298790893464777     
  0.64662157497151085        1.0000000000000000E-050   1.7201166726952814E-002   8.1881878899201052E-002  0.24983475039280509       0.49591538213480563       0.74339008243308136       0.92298790893464777     
  0.36805261520395766        1.0008700627598590E-002   2.5489161501072732E-002   8.7305206599885957E-002  0.25699830274233532       0.50041583194060035       0.74657006891300537       0.92298790893464777     
  0.20949305250824746        1.0239760339503398E-002   2.5595451169576580E-002   8.7367452886137398E-002  0.25727859140168780       0.50041583194060035       0.74657006891300537       0.92298790893464777     
  0.11924202474394310        1.0239760339503398E-002   2.5595451169576580E-002   8.7367452886137398E-002  0.25727859140168780       0.50041583194060035       0.74657006891300537       0.92298790893464777     
   6.7871751806544506E-002   1.0239760339503398E-002   2.5595451169576580E-002   8.7367452886137398E-002  0.25727859140168780       0.50041583194060035       0.74657006891300537       0.92298790893464777     
   3.8632140834418016E-002   1.0239760339503398E-002   2.5595451169576580E-002   8.7367452886137398E-002  0.25727859140168780       0.50041583194060035       0.74657006891300537       0.92298790893464777     
   2.1989152566803206E-002   1.0239760339503398E-002   2.5595451169576580E-002   8.7367452886137398E-002  0.25727859140168780       0.50041583194060035       0.74657006891300537       0.92298790893464777     
   1.2516076514594044E-002   1.0239760339503398E-002   2.5595451169576580E-002   8.7367452886137398E-002  0.25727859140168780       0.50041583194060035       0.74657006891300537       0.92298790893464777     
   7.1240658703541270E-003   1.0239760339503398E-002   2.5595451169576580E-002   8.7367452886137398E-002  0.25727859140168780       0.50041583194060035       0.74657006891300537       0.92298790893464777     
   4.0549699792875264E-003   1.0239760339503398E-002   2.5595451169576580E-002   8.7367452886137398E-002  0.25727859140168780       0.50041583194060035       0.74657006891300537       0.92298790893464777     
   2.3080614121421240E-003   1.0239760339503398E-002   2.5595451169576580E-002   8.7367452886137398E-002  0.25727859140168780       0.50041583194060035       0.74657006891300537       0.92298790893464777     
   1.3137329029389003E-003   1.0239760339503398E-002   2.5595451169576580E-002   8.7367452886137398E-002  0.25727859140168780       0.50041583194060035       0.74657006891300537       0.92298790893464777     
   7.4776785885539401E-004   1.0239760339503398E-002   2.5595451169576580E-002   8.7367452886137398E-002  0.25727859140168780       0.50041583194060035       0.74657006891300537       0.92298790893464777     
   4.2562439403497608E-004   1.0239760339503398E-002   2.5595451169576580E-002   8.7367452886137398E-002  0.25727859140168780       0.50041583194060035       0.74657006891300537       0.92298790893464777     
   2.4226251857753804E-004   1.0239760339503398E-002   2.5595451169576580E-002   8.7367452886137398E-002  0.25727859140168780       0.50041583194060035       0.74657006891300537       0.92298790893464777     
   1.3789418259402918E-004   1.0239760339503398E-002   2.5595451169576580E-002   8.7367452886137398E-002  0.25727859140168780       0.50041583194060035       0.74657006891300537       0.92298790893464777     
   7.8488433559273943E-005   1.0239760339503398E-002   2.5595451169576580E-002   8.7367452886137398E-002  0.25727859140168780       0.50041583194060035       0.74657006891300537       0.92298790893464777     
   4.4675084087668437E-005   1.0239760339503398E-002   2.5595451169576580E-002   8.7367452886137398E-002  0.25727859140168780       0.50041583194060035       0.74657006891300537       0.92298790893464777     
   2.5428754884412054E-005   1.0239760339503398E-002   2.5595451169576580E-002   8.7367452886137398E-002  0.25727859140168780       0.50041583194060035       0.74657006891300537       0.92298790893464777     
   1.4473874827020145E-005   1.0239760339503398E-002   2.5595451169576580E-002   8.7367452886137398E-002  0.25727859140168780       0.50041583194060035       0.74657006891300537       0.92298790893464777     
   8.2384313923552585E-006   1.0239760339503398E-002   2.5595451169576580E-002   8.7367452886137398E-002  0.25727859140168780       0.50041583194060035       0.74657006891300537       0.92298790893464777     
   4.6892592769864319E-006   1.0239760339503398E-002   2.5595451169576580E-002   8.7367452886137398E-002  0.25727859140168780       0.50041583194060035       0.74657006891300537       0.92298790893464777     
   2.6690945787577697E-006   1.0239760339503398E-002   2.5595451169576580E-002   8.7367452886137398E-002  0.25727859140168780       0.50041583194060035       0.74657006891300537       0.92298790893464777     
   1.5192305329153057E-006   1.0239760339503398E-002   2.5595451169576580E-002   8.7367452886137398E-002  0.25727859140168780       0.50041583194060035       0.74657006891300537       0.92298790893464777     
   8.6473571619044130E-007   1.0239760339503398E-002   2.5595451169576580E-002   8.7367452886137398E-002  0.25727859140168780       0.50041583194060035       0.74657006891300537       0.92298790893464777     
   4.9220170517536543E-007   1.0239760339503398E-002   2.5595451169576580E-002   8.7367452886137398E-002  0.25727859140168780       0.50041583194060035       0.74657006891300537       0.92298790893464777     
   2.8015787256344187E-007   1.0239760339503398E-002   2.5595451169576580E-002   8.7367452886137398E-002  0.25727859140168780       0.50041583194060035       0.74657006891300537       0.92298790893464777     
   1.5946396108341244E-007   1.0239760339503398E-002   2.5595451169576580E-002   8.7367452886137398E-002  0.25727859140168780       0.50041583194060035       0.74657006891300537       0.92298790893464777     
   9.0765805193119529E-008   1.0239760339503398E-002   2.5595451169576580E-002   8.7367452886137398E-002  0.25727859140168780       0.50041583194060035       0.74657006891300537       0.92298790893464777     
   5.1663280758753414E-008   1.0239760339503398E-002   2.5595451169576580E-002   8.7367452886137398E-002  0.25727859140168780       0.50041583194060035       0.74657006891300537       0.92298790893464777     
   2.9406389036915853E-008   1.0239760339503398E-002   2.5595451169576580E-002   8.7367452886137398E-002  0.25727859140168780       0.50041583194060035       0.74657006891300537       0.92298790893464777     
   1.6737917211034474E-008   1.0239760339503398E-002   2.5595451169576580E-002   8.7367452886137398E-002  0.25727859140168780       0.50041583194060035       0.74657006891300537       0.92298790893464777     
   9.5271089630128223E-009   1.0239760339503398E-002   2.5595451169576580E-002   8.7367452886137398E-002  0.25727859140168780       0.50041583194060035       0.74657006891300537       0.92298790893464777     
   5.4227658106279935E-009   1.0239760339503398E-002   2.5595451169576580E-002   8.7367452886137398E-002  0.25727859140168780       0.50041583194060035       0.74657006891300537       0.92298790893464777     
   3.0866015231987532E-009   1.0239760339503398E-002   2.5595451169576580E-002   8.7367452886137398E-002  0.25727859140168780       0.50041583194060035       0.74657006891300537       0.92298790893464777     
   1.7568726542350030E-009   1.0239760339503398E-002   2.5595451169576580E-002   8.7367452886137398E-002  0.25727859140168780       0.50041583194060035       0.74657006891300537       0.92298790893464777     
   1.0000000000000007E-009   1.0239760339503398E-002   2.5595451169576580E-002   8.7367452886137398E-002  0.25727859140168780       0.50041583194060035       0.74657006891300537       0.92298790893464777     
