#    T [K]      P [bar]     H2O            CO2            CH4            NH3            N2             H2        
   678.129   3.007E+000    1.8064E-001    6.9132E-001    1.2716E-001    1.0956E-004    7.6598E-004    4.5520E-009
   578.448   1.926E+000    1.8064E-001    6.9132E-001    1.2716E-001    1.0956E-004    7.6598E-004    4.5520E-009
   497.775   1.234E+000    1.8064E-001    6.9132E-001    1.2716E-001    1.0956E-004    7.6598E-004    4.5520E-009
   432.425   7.903E-001    1.8064E-001    6.9132E-001    1.2716E-001    1.0956E-004    7.6598E-004    4.5520E-009
   379.484   5.062E-001    1.8064E-001    6.9132E-001    1.2716E-001    1.0956E-004    7.6598E-004    4.5520E-009
   336.646   3.243E-001    1.8064E-001    6.9132E-001    1.2716E-001    1.0956E-004    7.6598E-004    4.5520E-009
   302.098   2.077E-001    1.8064E-001    6.9132E-001    1.2716E-001    1.0956E-004    7.6598E-004    4.5520E-009
   274.416   1.331E-001    1.8064E-001    6.9132E-001    1.2716E-001    1.0956E-004    7.6598E-004    4.5520E-009
   252.495   8.524E-002    1.8064E-001    6.9132E-001    1.2716E-001    1.0956E-004    7.6598E-004    4.5520E-009
   235.490   5.460E-002    1.8064E-001    6.9132E-001    1.2716E-001    1.0956E-004    7.6598E-004    4.5520E-009
   222.773   3.498E-002    1.8064E-001    6.9132E-001    1.2716E-001    1.0956E-004    7.6598E-004    4.5520E-009
   213.904   2.240E-002    1.8064E-001    6.9132E-001    1.2716E-001    1.0956E-004    7.6598E-004    4.5520E-009
   208.609   1.435E-002    1.8064E-001    6.9132E-001    1.2716E-001    1.0956E-004    7.6598E-004    4.5520E-009
   206.777   9.193E-003    1.8064E-001    6.9132E-001    1.2716E-001    1.0956E-004    7.6598E-004    4.5520E-009
   206.942   5.889E-003    1.8064E-001    6.9132E-001    1.2716E-001    1.0956E-004    7.6598E-004    4.5520E-009
   207.447   3.772E-003    1.8064E-001    6.9132E-001    1.2716E-001    1.0956E-004    7.6598E-004    4.5520E-009
   208.273   2.416E-003    1.8064E-001    6.9132E-001    1.2716E-001    1.0956E-004    7.6598E-004    4.5520E-009
   209.400   1.548E-003    1.8064E-001    6.9132E-001    1.2716E-001    1.0956E-004    7.6598E-004    4.5520E-009
   210.813   9.916E-004    1.8064E-001    6.9132E-001    1.2716E-001    1.0956E-004    7.6598E-004    4.5520E-009
   212.495   6.352E-004    1.8064E-001    6.9132E-001    1.2716E-001    1.0956E-004    7.6598E-004    4.5520E-009
   214.430   4.069E-004    1.8064E-001    6.9132E-001    1.2716E-001    1.0956E-004    7.6598E-004    4.5520E-009
   216.602   2.606E-004    1.8064E-001    6.9132E-001    1.2716E-001    1.0956E-004    7.6598E-004    4.5520E-009
   218.995   1.670E-004    1.8064E-001    6.9132E-001    1.2716E-001    1.0956E-004    7.6598E-004    4.5520E-009
   221.593   1.069E-004    1.8064E-001    6.9132E-001    1.2716E-001    1.0956E-004    7.6598E-004    4.5520E-009
   224.380   6.851E-005    1.8064E-001    6.9132E-001    1.2716E-001    1.0956E-004    7.6598E-004    4.5520E-009
   227.338   4.388E-005    1.8064E-001    6.9132E-001    1.2716E-001    1.0956E-004    7.6598E-004    4.5520E-009
   230.450   2.811E-005    1.8064E-001    6.9132E-001    1.2716E-001    1.0956E-004    7.6598E-004    4.5520E-009
   233.695   1.801E-005    1.8064E-001    6.9132E-001    1.2716E-001    1.0956E-004    7.6598E-004    4.5520E-009
   237.055   1.154E-005    1.8064E-001    6.9132E-001    1.2716E-001    1.0956E-004    7.6598E-004    4.5520E-009
   240.508   7.389E-006    1.8064E-001    6.9132E-001    1.2716E-001    1.0956E-004    7.6598E-004    4.5520E-009
   244.031   4.733E-006    1.8064E-001    6.9132E-001    1.2716E-001    1.0956E-004    7.6598E-004    4.5520E-009
   247.600   3.032E-006    1.8064E-001    6.9132E-001    1.2716E-001    1.0956E-004    7.6598E-004    4.5520E-009
   251.190   1.942E-006    1.8064E-001    6.9132E-001    1.2716E-001    1.0956E-004    7.6598E-004    4.5520E-009
   254.774   1.244E-006    1.8064E-001    6.9132E-001    1.2716E-001    1.0956E-004    7.6598E-004    4.5520E-009
   258.322   7.970E-007    1.8064E-001    6.9132E-001    1.2716E-001    1.0956E-004    7.6598E-004    4.5520E-009
   261.806   5.105E-007    1.8064E-001    6.9132E-001    1.2716E-001    1.0956E-004    7.6598E-004    4.5520E-009
   265.194   3.270E-007    1.8064E-001    6.9132E-001    1.2716E-001    1.0956E-004    7.6598E-004    4.5520E-009
   268.452   2.095E-007    1.8064E-001    6.9132E-001    1.2716E-001    1.0956E-004    7.6598E-004    4.5520E-009
   271.548   1.342E-007    1.8064E-001    6.9132E-001    1.2716E-001    1.0956E-004    7.6598E-004    4.5520E-009
   274.446   8.596E-008    1.8064E-001    6.9132E-001    1.2716E-001    1.0956E-004    7.6598E-004    4.5520E-009
   277.110   5.506E-008    1.8064E-001    6.9132E-001    1.2716E-001    1.0956E-004    7.6598E-004    4.5520E-009
   279.504   3.527E-008    1.8064E-001    6.9132E-001    1.2716E-001    1.0956E-004    7.6598E-004    4.5520E-009
   281.592   2.259E-008    1.8064E-001    6.9132E-001    1.2716E-001    1.0956E-004    7.6598E-004    4.5520E-009
   283.336   1.447E-008    1.8064E-001    6.9132E-001    1.2716E-001    1.0956E-004    7.6598E-004    4.5520E-009
   284.701   9.271E-009    1.8064E-001    6.9132E-001    1.2716E-001    1.0956E-004    7.6598E-004    4.5520E-009
   285.652   5.939E-009    1.8064E-001    6.9132E-001    1.2716E-001    1.0956E-004    7.6598E-004    4.5520E-009
   286.155   3.804E-009    1.8064E-001    6.9132E-001    1.2716E-001    1.0956E-004    7.6598E-004    4.5520E-009
   271.786   2.437E-009    1.8064E-001    6.9132E-001    1.2716E-001    1.0956E-004    7.6598E-004    4.5520E-009
     3.944   1.561E-009    1.8064E-001    6.9132E-001    1.2716E-001    1.0956E-004    7.6598E-004    4.5520E-009
    41.447   1.000E-009    1.8064E-001    6.9132E-001    1.2716E-001    1.0956E-004    7.6598E-004    4.5520E-009
