   982.36723993850285        1.0000000000000000E-050   1.0000000000000000E-050   1.0000000000000000E-050   1.0000000000000000E-050   1.0000000000000000E-050   4.6233653427048183E-005  0.68766992652810766     
   559.15677073717995        1.0000000000000000E-050   1.0000000000000000E-050   1.0000000000000000E-050   1.0000000000000000E-050   1.0000000000000000E-050   3.6738871405596257E-002  0.73030905158633386     
   318.26824180415866        1.0000000000000000E-050   1.0000000000000000E-050   1.0000000000000000E-050   1.0000000000000000E-050   3.3736256621824637E-009  0.19287694929645322       0.75346174169132563     
   181.15612479764073        1.0000000000000000E-050   1.0000000000000000E-050   1.0000000000000000E-050   1.0000000000000000E-050   1.2234930095752232E-006  0.34139768801971798       0.80553923204205613     
   103.11283766695188        1.0000000000000000E-050   1.0000000000000000E-050   1.0000000000000000E-050   1.0000000000000000E-050   1.5287786422586128E-005  0.44607504491032440       0.86400457413990261     
   58.691127907532021        1.0000000000000000E-050   1.0000000000000000E-050   1.0000000000000000E-050   1.0000000000000000E-050   1.0738422344927716E-004  0.50516472509115740       0.87886907843470630     
   33.406591972420422        1.0000000000000000E-050   1.0000000000000000E-050   1.0000000000000000E-050   6.3577429994099337E-011   9.0827938674070674E-004  0.57301357475845427       0.88342758758131945     
   19.014805593275458        1.0000000000000000E-050   1.0000000000000000E-050   1.0000000000000000E-050   3.8912012318407381E-009   6.5861323578224537E-003  0.65140029547829315       0.91896672605678598     
   10.823098388741830        1.0000000000000000E-050   1.0000000000000000E-050   1.0000000000000000E-050   2.8548932403047130E-008   1.8708821139566779E-002  0.72529115412570755       0.92823985799386710     
   6.1604342025885437        1.0000000000000000E-050   1.0000000000000000E-050   1.0000000000000000E-050   1.9155432800952652E-007   3.8440410901665729E-002  0.75413347210727721       0.92823985799386710     
   3.5064773691699282        1.0000000000000000E-050   1.0000000000000000E-050   1.0000000000000000E-050   9.4902994489505636E-007   6.3942693190359667E-002  0.78957199789912169       0.93223527670507944     
   1.9958631382402388        1.0000000000000000E-050   1.0000000000000000E-050   9.4885197427384766E-011   4.2773572271114423E-006   8.3857143947639434E-002  0.79507777209125219       0.93223527670507944     
   1.1360317627058163        1.0000000000000000E-050   1.0000000000000000E-050   6.9659982418500893E-010   9.5612960785195054E-006   9.2986689173844797E-002  0.79507777209125219       0.93223527670507944     
  0.64662157497151085        1.0000000000000000E-050   4.8005680663270942E-012   2.6260883538040836E-009   1.5242213421725397E-005  0.10611064645599787       0.79507777209125219       0.93223527670507944     
  0.36805261520395766        2.1289627999492070E-012   1.5871075964216726E-011   4.0317557813212642E-009   1.6707723162451618E-005  0.10611064645599787       0.79507777209125219       0.93223527670507944     
  0.20949305250824746        2.3211047413671709E-012   1.5969907707681360E-011   4.1101471903412906E-009   1.6718748863177847E-005  0.10611064645599787       0.79507777209125219       0.93223527670507944     
  0.11924202474394310        2.3211047413671709E-012   1.5969907707681360E-011   4.1101471903412906E-009   1.6718748863177847E-005  0.10611064645599787       0.79507777209125219       0.93223527670507944     
   6.7871751806544506E-002   2.3211047413671709E-012   1.5969907707681360E-011   4.1101471903412906E-009   1.6718748863177847E-005  0.10611064645599787       0.79507777209125219       0.93223527670507944     
   3.8632140834418016E-002   2.3211047413671709E-012   1.5969907707681360E-011   4.1101471903412906E-009   1.6718748863177847E-005  0.10611064645599787       0.79507777209125219       0.93223527670507944     
   2.1989152566803206E-002   2.3211047413671709E-012   1.5969907707681360E-011   4.1101471903412906E-009   1.6718748863177847E-005  0.10611064645599787       0.79507777209125219       0.93223527670507944     
   1.2516076514594044E-002   2.3211047413671709E-012   1.5969907707681360E-011   4.1101471903412906E-009   1.6718748863177847E-005  0.10611064645599787       0.79507777209125219       0.93223527670507944     
   7.1240658703541270E-003   2.3211047413671709E-012   1.5969907707681360E-011   4.1101471903412906E-009   1.6718748863177847E-005  0.10611064645599787       0.79507777209125219       0.93223527670507944     
   4.0549699792875264E-003   2.3211047413671709E-012   1.5969907707681360E-011   4.1101471903412906E-009   1.6718748863177847E-005  0.10611064645599787       0.79507777209125219       0.93223527670507944     
   2.3080614121421240E-003   2.3211047413671709E-012   1.5969907707681360E-011   4.1101471903412906E-009   1.6718748863177847E-005  0.10611064645599787       0.79507777209125219       0.93223527670507944     
   1.3137329029389003E-003   2.3211047413671709E-012   1.5969907707681360E-011   4.1101471903412906E-009   1.6718748863177847E-005  0.10611064645599787       0.79507777209125219       0.93223527670507944     
   7.4776785885539401E-004   2.3211047413671709E-012   1.5969907707681360E-011   4.1101471903412906E-009   1.6718748863177847E-005  0.10611064645599787       0.79507777209125219       0.93223527670507944     
   4.2562439403497608E-004   2.3211047413671709E-012   1.5969907707681360E-011   4.1101471903412906E-009   1.6718748863177847E-005  0.10611064645599787       0.79507777209125219       0.93223527670507944     
   2.4226251857753804E-004   2.3211047413671709E-012   1.5969907707681360E-011   4.1101471903412906E-009   1.6718748863177847E-005  0.10611064645599787       0.79507777209125219       0.93223527670507944     
   1.3789418259402918E-004   2.3211047413671709E-012   1.5969907707681360E-011   4.1101471903412906E-009   1.6718748863177847E-005  0.10611064645599787       0.79507777209125219       0.93223527670507944     
   7.8488433559273943E-005   2.3211047413671709E-012   1.5969907707681360E-011   4.1101471903412906E-009   1.6718748863177847E-005  0.10611064645599787       0.79507777209125219       0.93223527670507944     
   4.4675084087668437E-005   2.3211047413671709E-012   1.5969907707681360E-011   4.1101471903412906E-009   1.6718748863177847E-005  0.10611064645599787       0.79507777209125219       0.93223527670507944     
   2.5428754884412054E-005   2.3211047413671709E-012   1.5969907707681360E-011   4.1101471903412906E-009   1.6718748863177847E-005  0.10611064645599787       0.79507777209125219       0.93223527670507944     
   1.4473874827020145E-005   2.3211047413671709E-012   1.5969907707681360E-011   4.1101471903412906E-009   1.6718748863177847E-005  0.10611064645599787       0.79507777209125219       0.93223527670507944     
   8.2384313923552585E-006   2.3211047413671709E-012   1.5969907707681360E-011   4.1101471903412906E-009   1.6718748863177847E-005  0.10611064645599787       0.79507777209125219       0.93223527670507944     
   4.6892592769864319E-006   2.3211047413671709E-012   1.5969907707681360E-011   4.1101471903412906E-009   1.6718748863177847E-005  0.10611064645599787       0.79507777209125219       0.93223527670507944     
   2.6690945787577697E-006   2.3211047413671709E-012   1.5969907707681360E-011   4.1101471903412906E-009   1.6718748863177847E-005  0.10611064645599787       0.79507777209125219       0.93223527670507944     
   1.5192305329153057E-006   2.3211047413671709E-012   1.5969907707681360E-011   4.1101471903412906E-009   1.6718748863177847E-005  0.10611064645599787       0.79507777209125219       0.93223527670507944     
   8.6473571619044130E-007   2.3211047413671709E-012   1.5969907707681360E-011   4.1101471903412906E-009   1.6718748863177847E-005  0.10611064645599787       0.79507777209125219       0.93223527670507944     
   4.9220170517536543E-007   2.3211047413671709E-012   1.5969907707681360E-011   4.1101471903412906E-009   1.6718748863177847E-005  0.10611064645599787       0.79507777209125219       0.93223527670507944     
   2.8015787256344187E-007   2.3211047413671709E-012   1.5969907707681360E-011   4.1101471903412906E-009   1.6718748863177847E-005  0.10611064645599787       0.79507777209125219       0.93223527670507944     
   1.5946396108341244E-007   2.3211047413671709E-012   1.5969907707681360E-011   4.1101471903412906E-009   1.6718748863177847E-005  0.10611064645599787       0.79507777209125219       0.93223527670507944     
   9.0765805193119529E-008   2.3211047413671709E-012   1.5969907707681360E-011   4.1101471903412906E-009   1.6718748863177847E-005  0.10611064645599787       0.79507777209125219       0.93223527670507944     
   5.1663280758753414E-008   2.3211047413671709E-012   1.5969907707681360E-011   4.1101471903412906E-009   1.6718748863177847E-005  0.10611064645599787       0.79507777209125219       0.93223527670507944     
   2.9406389036915853E-008   2.3211047413671709E-012   1.5969907707681360E-011   4.1101471903412906E-009   1.6718748863177847E-005  0.10611064645599787       0.79507777209125219       0.93223527670507944     
   1.6737917211034474E-008   2.3211047413671709E-012   1.5969907707681360E-011   4.1101471903412906E-009   1.6718748863177847E-005  0.10611064645599787       0.79507777209125219       0.93223527670507944     
   9.5271089630128223E-009   2.3211047413671709E-012   1.5969907707681360E-011   4.1101471903412906E-009   1.6718748863177847E-005  0.10611064645599787       0.79507777209125219       0.93223527670507944     
   5.4227658106279935E-009   2.3211047413671709E-012   1.5969907707681360E-011   4.1101471903412906E-009   1.6718748863177847E-005  0.10611064645599787       0.79507777209125219       0.93223527670507944     
   3.0866015231987532E-009   2.3211047413671709E-012   1.5969907707681360E-011   4.1101471903412906E-009   1.6718748863177847E-005  0.10611064645599787       0.79507777209125219       0.93223527670507944     
   1.7568726542350030E-009   2.3211047413671709E-012   1.5969907707681360E-011   4.1101471903412906E-009   1.6718748863177847E-005  0.10611064645599787       0.79507777209125219       0.93223527670507944     
   1.0000000000000007E-009   2.3211047413671709E-012   1.5969907707681360E-011   4.1101471903412906E-009   1.6718748863177847E-005  0.10611064645599787       0.79507777209125219       0.93223527670507944     
