   982.36723993850285        1.0000000000000000E-050   1.0000000000000000E-050   1.0000000000000000E-050   1.0000000000000000E-050   1.0000000000000000E-050   1.2271077219088965E-004   4.9916253600771699E-004
   559.15677073717995        1.0000000000000000E-050   1.0000000000000000E-050   1.0000000000000000E-050   1.0000000000000000E-050   1.0000000000000000E-050   2.5689926760211109E-004   6.7930234647399978E-004
   318.26824180415866        1.0000000000000000E-050   1.0000000000000000E-050   1.0000000000000000E-050   1.0000000000000000E-050   5.0678892326316345E-005   2.9990204220884471E-004   6.9433015496387111E-004
   181.15612479764073        1.0000000000000000E-050   1.0000000000000000E-050   1.0000000000000000E-050   1.0000000000000000E-050   8.6319477128339196E-005   3.4465842733271584E-004   7.1883116807189111E-004
   103.11283766695188        1.0000000000000000E-050   1.0000000000000000E-050   1.0000000000000000E-050   1.0000000000000000E-050   1.2126915040304758E-004   3.7228696512455752E-004   7.1883116807189111E-004
   58.691127907532021        1.0000000000000000E-050   1.0000000000000000E-050   1.0000000000000000E-050   1.0000000000000000E-050   1.4298151970667134E-004   4.0977113477200548E-004   8.5530501357135357E-004
   33.406591972420422        1.0000000000000000E-050   1.0000000000000000E-050   1.0000000000000000E-050   2.4597961116269689E-005   1.6815068581230006E-004   4.4906413028407801E-004   8.5530501357135357E-004
   19.014805593275458        1.0000000000000000E-050   1.0000000000000000E-050   1.0000000000000000E-050   3.9584305743594029E-005   1.9096995794589043E-004   4.6263762714574973E-004   8.5530501357135357E-004
   10.823098388741830        1.0000000000000000E-050   1.0000000000000000E-050   1.0000000000000000E-050   4.9568453327421456E-005   2.0380517348975375E-004   4.7479556604903753E-004   8.6502636769565829E-004
   6.1604342025885437        1.0000000000000000E-050   1.0000000000000000E-050   1.0000000000000000E-050   5.8419041434947139E-005   2.1457116020477858E-004   4.8076196369774808E-004   8.6502636769565829E-004
   3.5064773691699282        1.0000000000000000E-050   1.0000000000000000E-050   1.0000000000000000E-050   6.7691606833826488E-005   2.2616452625362745E-004   4.8273267632357309E-004   8.6502636769565829E-004
   1.9958631382402388        1.0000000000000000E-050   1.0000000000000000E-050   1.8968522715444132E-005   7.6917535709950679E-005   2.3600274238271251E-004   4.9843601666710357E-004   1.0882834232762502E-003
   1.1360317627058163        1.0000000000000000E-050   1.0000000000000000E-050   2.6026150131698351E-005   8.3653164977154205E-005   2.4579029822468883E-004   4.9843601666710357E-004   1.0882834232762502E-003
  0.64662157497151085        1.0000000000000000E-050   7.7532773269548629E-006   3.1028449853866812E-005   8.8112598490417204E-005   2.4938691138092596E-004   5.0100233288646293E-004   1.1449870767342477E-003
  0.36805261520395766        4.5488755910315213E-006   1.1644125124177591E-005   3.3093008965434579E-005   9.0021757130963960E-005   2.5240810667053056E-004   5.0802726475587042E-004   1.1449870767342477E-003
  0.20949305250824746        4.5651117968264532E-006   1.1858647195169509E-005   3.3108437495616654E-005   9.0029884001418143E-005   2.5303370264797664E-004   5.0802726475587042E-004   1.1449870767342477E-003
  0.11924202474394310        4.5651117968264532E-006   1.1858647195169509E-005   3.3108437495616654E-005   9.0029884001418143E-005   2.5303370264797664E-004   5.0802726475587042E-004   1.1449870767342477E-003
   6.7871751806544506E-002   4.5651117968264532E-006   1.1858647195169509E-005   3.3108437495616654E-005   9.0029884001418143E-005   2.5303370264797664E-004   5.0802726475587042E-004   1.1449870767342477E-003
   3.8632140834418016E-002   4.5651117968264532E-006   1.1858647195169509E-005   3.3108437495616654E-005   9.0029884001418143E-005   2.5303370264797664E-004   5.0802726475587042E-004   1.1449870767342477E-003
   2.1989152566803206E-002   4.5651117968264532E-006   1.1858647195169509E-005   3.3108437495616654E-005   9.0029884001418143E-005   2.5303370264797664E-004   5.0802726475587042E-004   1.1449870767342477E-003
   1.2516076514594044E-002   4.5651117968264532E-006   1.1858647195169509E-005   3.3108437495616654E-005   9.0029884001418143E-005   2.5303370264797664E-004   5.0802726475587042E-004   1.1449870767342477E-003
   7.1240658703541270E-003   4.5651117968264532E-006   1.1858647195169509E-005   3.3108437495616654E-005   9.0029884001418143E-005   2.5303370264797664E-004   5.0802726475587042E-004   1.1449870767342477E-003
   4.0549699792875264E-003   4.5651117968264532E-006   1.1858647195169509E-005   3.3108437495616654E-005   9.0029884001418143E-005   2.5303370264797664E-004   5.0802726475587042E-004   1.1449870767342477E-003
   2.3080614121421240E-003   4.5651117968264532E-006   1.1858647195169509E-005   3.3108437495616654E-005   9.0029884001418143E-005   2.5303370264797664E-004   5.0802726475587042E-004   1.1449870767342477E-003
   1.3137329029389003E-003   4.5651117968264532E-006   1.1858647195169509E-005   3.3108437495616654E-005   9.0029884001418143E-005   2.5303370264797664E-004   5.0802726475587042E-004   1.1449870767342477E-003
   7.4776785885539401E-004   4.5651117968264532E-006   1.1858647195169509E-005   3.3108437495616654E-005   9.0029884001418143E-005   2.5303370264797664E-004   5.0802726475587042E-004   1.1449870767342477E-003
   4.2562439403497608E-004   4.5651117968264532E-006   1.1858647195169509E-005   3.3108437495616654E-005   9.0029884001418143E-005   2.5303370264797664E-004   5.0802726475587042E-004   1.1449870767342477E-003
   2.4226251857753804E-004   4.5651117968264532E-006   1.1858647195169509E-005   3.3108437495616654E-005   9.0029884001418143E-005   2.5303370264797664E-004   5.0802726475587042E-004   1.1449870767342477E-003
   1.3789418259402918E-004   4.5651117968264532E-006   1.1858647195169509E-005   3.3108437495616654E-005   9.0029884001418143E-005   2.5303370264797664E-004   5.0802726475587042E-004   1.1449870767342477E-003
   7.8488433559273943E-005   4.5651117968264532E-006   1.1858647195169509E-005   3.3108437495616654E-005   9.0029884001418143E-005   2.5303370264797664E-004   5.0802726475587042E-004   1.1449870767342477E-003
   4.4675084087668437E-005   4.5651117968264532E-006   1.1858647195169509E-005   3.3108437495616654E-005   9.0029884001418143E-005   2.5303370264797664E-004   5.0802726475587042E-004   1.1449870767342477E-003
   2.5428754884412054E-005   4.5651117968264532E-006   1.1858647195169509E-005   3.3108437495616654E-005   9.0029884001418143E-005   2.5303370264797664E-004   5.0802726475587042E-004   1.1449870767342477E-003
   1.4473874827020145E-005   4.5651117968264532E-006   1.1858647195169509E-005   3.3108437495616654E-005   9.0029884001418143E-005   2.5303370264797664E-004   5.0802726475587042E-004   1.1449870767342477E-003
   8.2384313923552585E-006   4.5651117968264532E-006   1.1858647195169509E-005   3.3108437495616654E-005   9.0029884001418143E-005   2.5303370264797664E-004   5.0802726475587042E-004   1.1449870767342477E-003
   4.6892592769864319E-006   4.5651117968264532E-006   1.1858647195169509E-005   3.3108437495616654E-005   9.0029884001418143E-005   2.5303370264797664E-004   5.0802726475587042E-004   1.1449870767342477E-003
   2.6690945787577697E-006   4.5651117968264532E-006   1.1858647195169509E-005   3.3108437495616654E-005   9.0029884001418143E-005   2.5303370264797664E-004   5.0802726475587042E-004   1.1449870767342477E-003
   1.5192305329153057E-006   4.5651117968264532E-006   1.1858647195169509E-005   3.3108437495616654E-005   9.0029884001418143E-005   2.5303370264797664E-004   5.0802726475587042E-004   1.1449870767342477E-003
   8.6473571619044130E-007   4.5651117968264532E-006   1.1858647195169509E-005   3.3108437495616654E-005   9.0029884001418143E-005   2.5303370264797664E-004   5.0802726475587042E-004   1.1449870767342477E-003
   4.9220170517536543E-007   4.5651117968264532E-006   1.1858647195169509E-005   3.3108437495616654E-005   9.0029884001418143E-005   2.5303370264797664E-004   5.0802726475587042E-004   1.1449870767342477E-003
   2.8015787256344187E-007   4.5651117968264532E-006   1.1858647195169509E-005   3.3108437495616654E-005   9.0029884001418143E-005   2.5303370264797664E-004   5.0802726475587042E-004   1.1449870767342477E-003
   1.5946396108341244E-007   4.5651117968264532E-006   1.1858647195169509E-005   3.3108437495616654E-005   9.0029884001418143E-005   2.5303370264797664E-004   5.0802726475587042E-004   1.1449870767342477E-003
   9.0765805193119529E-008   4.5651117968264532E-006   1.1858647195169509E-005   3.3108437495616654E-005   9.0029884001418143E-005   2.5303370264797664E-004   5.0802726475587042E-004   1.1449870767342477E-003
   5.1663280758753414E-008   4.5651117968264532E-006   1.1858647195169509E-005   3.3108437495616654E-005   9.0029884001418143E-005   2.5303370264797664E-004   5.0802726475587042E-004   1.1449870767342477E-003
   2.9406389036915853E-008   4.5651117968264532E-006   1.1858647195169509E-005   3.3108437495616654E-005   9.0029884001418143E-005   2.5303370264797664E-004   5.0802726475587042E-004   1.1449870767342477E-003
   1.6737917211034474E-008   4.5651117968264532E-006   1.1858647195169509E-005   3.3108437495616654E-005   9.0029884001418143E-005   2.5303370264797664E-004   5.0802726475587042E-004   1.1449870767342477E-003
   9.5271089630128223E-009   4.5651117968264532E-006   1.1858647195169509E-005   3.3108437495616654E-005   9.0029884001418143E-005   2.5303370264797664E-004   5.0802726475587042E-004   1.1449870767342477E-003
   5.4227658106279935E-009   4.5651117968264532E-006   1.1858647195169509E-005   3.3108437495616654E-005   9.0029884001418143E-005   2.5303370264797664E-004   5.0802726475587042E-004   1.1449870767342477E-003
   3.0866015231987532E-009   4.5651117968264532E-006   1.1858647195169509E-005   3.3108437495616654E-005   9.0029884001418143E-005   2.5303370264797664E-004   5.0802726475587042E-004   1.1449870767342477E-003
   1.7568726542350030E-009   4.5651117968264532E-006   1.1858647195169509E-005   3.3108437495616654E-005   9.0029884001418143E-005   2.5303370264797664E-004   5.0802726475587042E-004   1.1449870767342477E-003
   1.0000000000000007E-009   4.5651117968264532E-006   1.1858647195169509E-005   3.3108437495616654E-005   9.0029884001418143E-005   2.5303370264797664E-004   5.0802726475587042E-004   1.1449870767342477E-003
