   6.0301510000000009        3.9593677935911931E-009   3.0775360000000001E-009  -3.6342530000000002E-007
   6.0907549999999997        4.4427589486915911E-009   3.3202750000000001E-009  -5.0074030000000000E-007
   6.1519690000000002        4.8372036708519214E-009   3.6272149999999999E-009  -3.3176940000000001E-008
   6.2137979999999997        1.2198616764560713E-008   5.8221250000000001E-009  -7.7315179999999996E-009
   6.2762479999999998        1.6175186384989859E-008   8.7990800000000006E-009   4.1356350000000000E-007
   6.3393259999999998        1.2948273250884961E-008   6.0668409999999996E-009   6.2874700000000004E-007
   6.4030379999999996        6.0866330339751349E-009   4.7134210000000000E-009  -1.5884180000000000E-007
   6.4673900000000000        6.6141436453823875E-009   5.3907289999999997E-009   5.9728340000000001E-007
   6.5323890000000011        6.7480312081580302E-009   5.5742329999999998E-009   8.4992390000000006E-009
   6.5980410000000012        7.4956334896541249E-009   6.0617549999999996E-009  -7.8664670000000001E-007
   6.6643530000000002        8.3592369926069294E-009   6.5797609999999999E-009   1.6472440000000001E-007
   6.7313310000000008        1.2465639062863875E-008   8.6721299999999999E-009  -1.2254690000000000E-007
   6.7989830000000007        1.1746318972085439E-008   8.5979280000000005E-009  -1.6656349999999999E-007
   6.8673140000000004        1.2041366851601895E-008   8.9375070000000004E-009   3.2638510000000001E-007
   6.9363330000000003        1.5364142449039532E-008   1.2165619999999999E-008   5.0211979999999996E-007
   7.0060440000000010        1.3807579284992658E-008   1.1682329999999999E-008  -2.8272160000000001E-007
   7.0764570000000004        1.7645498091511726E-008   1.4597350000000001E-008  -3.3577310000000002E-007
   7.1475770000000001        1.6959580696313681E-008   1.4926010000000001E-008   4.0405370000000000E-007
   7.2194120000000011        1.7046696426157353E-008   1.5398949999999998E-008  -8.2415570000000003E-008
   7.2919690000000008        1.5262662026478942E-008   1.3873720000000001E-008   2.7606620000000002E-008
   7.3652550000000012        1.5186389935011949E-008   1.3741779999999999E-008   2.5972019999999998E-007
   7.4392779999999998        1.6097783751912497E-008   1.4611300000000001E-008  -1.0484230000000000E-007
   7.5140440000000002        1.6001404893656508E-008   1.5022600000000000E-008   1.0535209999999999E-007
   7.5895620000000008        1.6772008031570608E-008   1.6873670000000000E-008  -1.5040430000000000E-007
   7.6658390000000001        2.1262101430253209E-008   1.8549940000000001E-008   1.6607550000000000E-007
   7.7428830000000000        1.9747966632170164E-008   1.9194520000000000E-008  -3.2160729999999998E-007
   7.8207009999999997        1.9463145981590778E-008   1.9716190000000000E-008   4.3095990000000000E-007
   7.8993010000000004        2.0446548069713011E-008   2.0007660000000000E-008   9.1189400000000005E-008
   7.9786910000000013        2.2505990913730512E-008   2.2761550000000001E-008   5.7149220000000003E-007
   8.0588790000000010        2.4935925110112743E-008   2.6473090000000000E-008   1.2627790000000000E-007
   8.1398720000000022        3.2651531990085006E-008   3.3439320000000002E-008  -2.0905780000000001E-007
   8.2216799999999992        3.9752633863137602E-008   4.4920779999999998E-008  -7.0574980000000002E-008
   8.3043099999999992        5.7773732462172277E-008   6.4222599999999997E-008   3.1476479999999999E-007
   8.3877710000000008        7.7054838129436460E-008   8.0365409999999997E-008  -5.1980629999999997E-007
   8.4720700000000004        1.0889577169851938E-007   1.0916230000000000E-007   7.5160840000000001E-007
   8.5572160000000004        1.3855141158823629E-007   1.4198620000000000E-007   6.8206870000000001E-008
   8.6432179999999992        1.7138962130681008E-007   1.7800359999999999E-007   2.3101419999999999E-007
   8.7300850000000008        2.2371368404254771E-007   2.4322669999999998E-007  -3.7248299999999999E-007
   8.8178239999999999        2.4551962732352123E-007   2.5420549999999998E-007   3.5766950000000003E-008
   8.9064460000000008        2.6007274466586581E-007   2.5805449999999998E-007  -8.8700099999999999E-008
   8.9959579999999999        3.0187701919208117E-007   2.9450159999999998E-007  -1.9601450000000001E-007
   9.0863689999999995        2.2512939364513571E-007   2.3683180000000000E-007  -1.5760829999999999E-007
   9.1776900000000001        1.4249026420565984E-007   1.5091649999999999E-007  -4.3856010000000002E-008
   9.2699280000000002        1.3734426266059349E-007   1.4063050000000000E-007   2.4280090000000001E-007
   9.3630929999999992        1.7486124415703208E-007   1.7547320000000001E-007  -6.0377819999999995E-008
   9.4571939999999994        1.8172517517675351E-007   1.8347680000000001E-007   7.8512640000000001E-008
   9.5522419999999997        1.8666770131856709E-007   1.8274389999999999E-007   4.9041420000000005E-007
   9.6482440000000000        2.2580457276506624E-007   2.2611270000000000E-007   1.1664900000000000E-007
   9.7452110000000012        3.2061025358895347E-007   3.3015090000000001E-007   1.3972429999999999E-007
   9.8431530000000009        4.2374081925188045E-007   4.0307119999999998E-007  -6.4024089999999995E-007
   9.9420790000000014        5.8398915381339555E-007   5.4632369999999996E-007   1.8985290000000001E-007
   10.042000000000000        4.6086259110008185E-007   5.1389100000000003E-007  -2.1159620000000000E-008
   10.142920000000000        3.7123821207578378E-007   3.6153129999999999E-007   5.6600589999999997E-007
   10.244860000000001        2.6868907695361615E-007   2.8187649999999999E-007  -2.9404940000000001E-007
   10.347830000000000        1.4148176092727005E-007   1.3845880000000000E-007   3.8542820000000001E-007
   10.451820000000000        2.5170568999054214E-007   2.2533620000000001E-007   3.1564600000000003E-008
   10.556870000000000        2.4325984396637881E-007   2.4732169999999999E-007   2.1065170000000000E-007
   10.662970000000000        2.3186604322326620E-007   2.1598070000000000E-007  -1.4569699999999999E-008
   10.770130000000002        1.4374010328809310E-007   1.5079890000000001E-007  -1.0669470000000000E-007
   10.878380000000000        3.3788582577235033E-007   3.2830640000000002E-007  -2.1585679999999999E-007
   10.987710000000002        3.6223628631920952E-007   3.6693900000000000E-007   1.5270830000000000E-007
   11.098140000000003        5.8805885178760549E-007   5.8308469999999995E-007   3.0084230000000002E-007
   11.209670000000001        4.6411347700914574E-007   4.5734479999999999E-007  -3.0704120000000000E-008
   11.322330000000001        6.5715186462217939E-007   6.0953879999999998E-007  -5.0520809999999999E-008
   11.436130000000002        6.0063033519605271E-007   6.3118390000000003E-007  -5.8513620000000002E-008
   11.551060000000000        5.0140436612089885E-007   5.1678939999999995E-007   1.6991339999999999E-007
   11.667149999999999        5.5081667089664091E-007   4.9967290000000001E-007   1.9933419999999999E-007
   11.784409999999999        4.4777878581601221E-007   4.5647390000000002E-007  -1.4091050000000000E-007
   11.902850000000001        5.9329442231190420E-007   5.4414950000000000E-007  -3.5910010000000002E-007
   12.022470000000000        3.6512750176056907E-007   3.5665569999999998E-007  -1.9213760000000000E-007
   12.143300000000000        5.3084004582236201E-007   5.1218029999999995E-007  -2.1121590000000000E-008
   12.265350000000000        3.4054604564906215E-007   3.7363940000000000E-007  -3.1701060000000001E-007
   12.388620000000001        3.3095385535716387E-007   3.2530620000000003E-007  -5.1019770000000002E-007
   12.513130000000000        3.2271965260713562E-007   3.0953910000000002E-007   2.1655360000000000E-008
   12.638890000000000        2.6147856232568899E-007   2.6621629999999998E-007   6.9729340000000004E-008
   12.765910000000002        3.0155295340135435E-007   2.9376099999999998E-007  -9.7998359999999997E-008
   12.894209999999999        2.6322045264588813E-007   2.5776880000000000E-007  -2.5016080000000000E-007
   13.023800000000001        2.1652149627684788E-007   2.2526260000000000E-007   1.4995850000000001E-007
   13.154690000000000        2.0981197662524840E-007   2.0790049999999999E-007  -3.8396419999999999E-007
   13.286899999999999        1.6624099192638292E-007   1.7244349999999999E-007  -5.2527489999999998E-007
   13.420439999999999        1.5727004699523419E-007   1.6269440000000001E-007   4.1351559999999999E-007
   13.555320000000000        1.4599538064015964E-007   1.5132550000000000E-007  -4.7560839999999997E-007
   13.691549999999999        1.5065707451646272E-007   1.5610819999999999E-007   5.5548920000000002E-007
   13.829150000000002        1.5460415781806057E-007   1.5591540000000000E-007   4.7661269999999998E-007
   13.968140000000002        1.5109730332372520E-007   1.5341309999999999E-007  -1.5810290000000000E-007
   14.108520000000002        1.5043694713977108E-007   1.5073959999999999E-007  -1.3913760000000000E-009
   14.250320000000002        1.5601593868304509E-007   1.5091900000000000E-007   3.7614630000000001E-007
   14.393540000000002        1.6299182257445684E-007   1.5709660000000000E-007  -1.8299930000000001E-007
   14.538200000000000        1.7190060966920914E-007   1.6718039999999999E-007   4.5146110000000001E-008
   14.684310000000000        1.7582636467899784E-007   1.7179400000000001E-007  -3.8575020000000001E-007
   14.831890000000000        1.7901479885463332E-007   1.7668930000000000E-007   3.1852449999999999E-007
   14.980950000000000        2.2659624889334733E-007   1.9475830000000001E-007  -3.4066819999999997E-007
   15.131520000000000        1.7982289049457714E-007   1.7607630000000000E-007  -6.1359540000000000E-008
   15.283590000000002        1.8565562001545385E-007   1.8304550000000000E-007   8.4678849999999999E-008
   15.437190000000001        1.9197456144561910E-007   1.7964550000000001E-007  -2.2938929999999999E-007
   15.592340000000000        1.8289904023668887E-007   1.7682600000000000E-007  -2.6308000000000000E-007
   15.749050000000002        1.8160815276654615E-007   1.7946670000000000E-007  -5.3429300000000003E-007
   15.907330000000000        1.8076683481653516E-007   1.8235160000000000E-007  -7.6073209999999995E-007
   15.993430000000000        1.8430172511547273E-007   1.8811440000000001E-007  -8.4006530000000005E-009
