#  lambda [mu]   flux(180.0) [Jy]         fstar [Jy]
      6.030151     3.9593678E-009     4.4253895E+000     7.8965517E-009
      6.090755     4.4427589E-009     4.3440735E+000     7.7510747E-009
      6.151969     4.8372037E-009     4.2642464E+000     7.6066424E-009
      6.213798     1.2198617E-008     4.1858824E+000     7.4615875E-009
      6.276248     1.6175186E-008     4.1089552E+000     7.3186510E-009
      6.339326     1.2948273E-008     4.0334376E+000     7.1895137E-009
      6.403038     6.0866330E-009     3.9593042E+000     7.0654370E-009
      6.467390     6.6141436E-009     3.8865302E+000     6.9427454E-009
      6.532389     6.7480312E-009     3.8144979E+000     6.8116191E-009
      6.598041     7.4956335E-009     3.7427667E+000     6.6810268E-009
      6.664353     8.3592370E-009     3.6723811E+000     6.5524438E-009
      6.731331     1.2465639E-008     3.6033164E+000     6.4250024E-009
      6.798983     1.1746319E-008     3.5355468E+000     6.3049077E-009
      6.867314     1.2041367E-008     3.4690497E+000     6.1872823E-009
      6.936333     1.5364142E-008     3.4037993E+000     6.0680276E-009
      7.006044     1.3807579E-008     3.3397750E+000     5.9565042E-009
      7.076457     1.7645498E-008     3.2769510E+000     5.8425813E-009
      7.147577     1.6959581E-008     3.2153068E+000     5.7333849E-009
      7.219412     1.7046696E-008     3.1548196E+000     5.6272997E-009
      7.291969     1.5262662E-008     3.0954677E+000     5.5266028E-009
      7.365255     1.5186390E-008     3.0372303E+000     5.4270610E-009
      7.439278     1.6097784E-008     2.9794989E+000     5.3253876E-009
      7.514044     1.6001405E-008     2.9227118E+000     5.2201848E-009
      7.589562     1.6772008E-008     2.8670044E+000     5.1155165E-009
      7.665839     2.1262101E-008     2.8123568E+000     5.0303389E-009
      7.742883     1.9747967E-008     2.7587485E+000     4.9323273E-009
      7.820701     1.9463146E-008     2.7061603E+000     4.8330550E-009
      7.899301     2.0446548E-008     2.6545727E+000     4.7406755E-009
      7.978691     2.2505991E-008     2.6039667E+000     4.6482867E-009
      8.058879     2.4935925E-008     2.5543235E+000     4.5585183E-009
      8.139872     3.2651532E-008     2.5056256E+000     4.4680436E-009
      8.221680     3.9752634E-008     2.4577750E+000     4.3812959E-009
      8.304310     5.7773732E-008     2.4108154E+000     4.2935150E-009
      8.387771     7.7054838E-008     2.3647511E+000     4.2095448E-009
      8.472070     1.0889577E-007     2.3195658E+000     4.1265739E-009
      8.557216     1.3855141E-007     2.2752426E+000     4.0459545E-009
      8.643218     1.7138962E-007     2.2317648E+000     3.9679735E-009
      8.730085     2.2371368E-007     2.1891161E+000     3.8904450E-009
      8.817824     2.4551963E-007     2.1472815E+000     3.8156943E-009
      8.906446     2.6007274E-007     2.1062446E+000     3.7430739E-009
      8.995958     3.0187702E-007     2.0659909E+000     3.6704360E-009
      9.086369     2.2512939E-007     2.0265056E+000     3.6021078E-009
      9.177690     1.4249026E-007     1.9869229E+000     3.5339981E-009
      9.269928     1.3734426E-007     1.9476853E+000     3.4643714E-009
      9.363093     1.7486124E-007     1.9092214E+000     3.3952849E-009
      9.457194     1.8172518E-007     1.8715161E+000     3.3276262E-009
      9.552242     1.8666770E-007     1.8345539E+000     3.2620520E-009
      9.648244     2.2580457E-007     1.7983212E+000     3.1969233E-009
      9.745211     3.2061025E-007     1.7628031E+000     3.1321352E-009
      9.843153     4.2374082E-007     1.7279853E+000     3.0692687E-009
      9.942079     5.8398915E-007     1.6938545E+000     3.0077181E-009
     10.042000     4.6086259E-007     1.6603966E+000     2.9491941E-009
     10.142920     3.7123821E-007     1.6276004E+000     2.8900928E-009
     10.244860     2.6868908E-007     1.5954494E+000     2.8349705E-009
     10.347830     1.4148176E-007     1.5639309E+000     2.7853644E-009
     10.451820     2.5170569E-007     1.5330388E+000     2.7254261E-009
     10.556870     2.4325984E-007     1.5027518E+000     2.6714627E-009
     10.662970     2.3186604E-007     1.4730640E+000     2.6195791E-009
     10.770130     1.4374010E-007     1.4439637E+000     2.5714109E-009
     10.878380     3.3788583E-007     1.4154342E+000     2.5149168E-009
     10.987710     3.6223629E-007     1.3874697E+000     2.4655504E-009
     11.098140     5.8805885E-007     1.3600568E+000     2.4135316E-009
     11.209670     4.6411348E-007     1.3331871E+000     2.3687952E-009
     11.322330     6.5715186E-007     1.3068456E+000     2.3189352E-009
     11.436130     6.0063034E-007     1.2810222E+000     2.2746394E-009
     11.551060     5.0140437E-007     1.2557115E+000     2.2307161E-009
     11.667150     5.5081667E-007     1.2308993E+000     2.1859981E-009
     11.784410     4.4777879E-007     1.2065761E+000     2.1441516E-009
     11.902850     5.9329442E-007     1.1827328E+000     2.0993816E-009
     12.022470     3.6512750E-007     1.1593621E+000     2.0610508E-009
     12.143300     5.3084005E-007     1.1364512E+000     2.0177708E-009
     12.265350     3.4054605E-007     1.1139916E+000     1.9804089E-009
     12.388620     3.3095386E-007     1.0919766E+000     1.9411248E-009
     12.513130     3.2271965E-007     1.0703960E+000     1.9029686E-009
     12.638890     2.6147856E-007     1.0492417E+000     1.8668728E-009
     12.765910     3.0155295E-007     1.0285057E+000     1.8286316E-009
     12.894210     2.6322045E-007     1.0081785E+000     1.7931900E-009
     13.023800     2.1652150E-007     9.8825261E-001     1.7590177E-009
     13.154690     2.0981198E-007     9.6872048E-001     1.7245782E-009
     13.286900     1.6624099E-007     9.4957337E-001     1.6919745E-009
     13.420440     1.5727005E-007     9.3080417E-001     1.6588169E-009
     13.555320     1.4599538E-007     9.1240589E-001     1.6276748E-009
     13.691550     1.5065707E-007     8.9437167E-001     1.5950335E-009
     13.829150     1.5460416E-007     8.7669345E-001     1.5646014E-009
     13.968140     1.5109730E-007     8.5936347E-001     1.5337745E-009
     14.108520     1.5043695E-007     8.4237657E-001     1.5041078E-009
     14.250320     1.5601594E-007     8.2572408E-001     1.4756586E-009
     14.393540     1.6299182E-007     8.0940108E-001     1.4473500E-009
     14.538200     1.7190061E-007     7.9340040E-001     1.4196323E-009
     14.684310     1.7582636E-007     7.7771617E-001     1.3918348E-009
     14.831890     1.7901480E-007     7.6234156E-001     1.3645085E-009
     14.980950     2.2659625E-007     7.4727095E-001     1.3415461E-009
     15.131520     1.7982289E-007     7.3249687E-001     1.3105442E-009
     15.283590     1.8565562E-007     7.1801588E-001     1.2851972E-009
     15.437190     1.9197456E-007     7.0382078E-001     1.2594570E-009
     15.592340     1.8289904E-007     6.8990554E-001     1.2333962E-009
     15.749050     1.8160815E-007     6.7626513E-001     1.2082587E-009
     15.907330     1.8076683E-007     6.6289461E-001     1.1833543E-009
     15.993430     1.8430173E-007     6.5578728E-001     1.1702579E-009
