   982.36723993850285        342.84647175342303        405.55653572032730        651.08153402105290        1826.6635308966327        5517.7025123660269        8768.4878006881900        9946.8949101310245     
   559.15677073717995        342.84647175342303        405.55653572032730        651.08153402105290        1826.6635308966327        5200.4011552284837        7037.5637020497606        7529.8491080813801     
   318.26824180415866        342.84647175342303        405.55653572032730        651.08153402105290        1826.6635308966327        4476.7064583798192        5363.6432371419942        5703.3064734087111     
   181.15612479764073        342.84647175342303        405.55653572032730        651.08153402105290        1826.6635308966327        3639.0834418984564        4109.9829957464390        4338.0351520412651     
   103.11283766695188        342.84647175342303        405.55653572032730        651.08153402105290        1787.9449783322646        2867.3612126285238        3189.9161888034400        3361.1445837248325     
   58.691127907532021        342.84647175342303        405.55653572032730        651.08153402105290        1679.7654518311913        2243.3332976478532        2468.1267460200229        2614.9690114574510     
   33.406591972420422        342.84647175342303        405.55653572032730        651.08153402105290        1445.3249180903506        1767.0591163274578        1939.9566020499135        2059.0097195165195     
   19.014805593275458        342.84647175342303        405.55653572032730        651.08153402105290        1194.7150840602742        1393.2653286408802        1532.4798762939495        1639.9796593058854     
   10.823098388741830        342.84647175342303        405.55653572032730        649.98897535996866        971.27329116021110        1109.2562736995812        1223.9739154919803        1317.9651738587449     
   6.1604342025885437        342.84647175342303        405.55653572032730        625.48616713871638        796.39275830012502        894.78852490222130        984.53340785718558        1069.1737920009059     
   3.5064773691699282        342.84647175342303        405.36733566598230        560.57232206761273        657.34757048858376        729.46810057800440        805.79709963826815        878.57405551262070     
   1.9958631382402388        339.11706682475466        402.17789664945644        485.85358353451795        545.52457967925852        604.30590821367537        665.21833530120489        731.60114346243222     
   1.1360317627058163        334.55988151732322        374.92638272667222        417.54823218014025        459.91377946214720        505.84125235273888        556.89370957512733        612.73275582478948     
  0.64662157497151085        289.75245648230651        327.75665338425767        359.01249232069773        392.49138667094803        429.62407172584238        473.46251473007254        526.04207974745975     
  0.36805261520395766        254.24314770879249        286.78662593990794        311.79077458155626        338.68644084950137        370.32705309211093        406.77251760311123        452.45612982880073     
  0.20949305250824746        237.01793771179146        254.83020056040613        275.16136829199536        296.86929712707905        324.11193138649878        355.49413840628654        394.40794874953679     
  0.11924202474394310        217.67666413992626        231.35714181762708        247.38126326069812        265.90104178512922        288.32567594727749        315.23266379131331        347.54721958315088     
   6.7871751806544506E-002   201.34839110481744        214.69836875814502        227.07592834235737        242.02727443238049        261.03800081396116        282.79770251184914        310.66334436397216     
   3.8632140834418016E-002   191.08156561013584        202.47401043203558        213.05880737560094        225.07786925941454        240.58534228751211        258.45555722284001        281.87928322583116     
   2.1989152566803206E-002   183.06561770145538        194.67644496005661        203.53164578599564        214.28958641829416        226.55959986243795        240.58338252891622        259.21200916340052     
   1.2516076514594044E-002   177.49132777205978        189.05428971048593        198.10692795495225        207.89022131955849        217.74268011606384        229.45792570853317        242.31489994071981     
   7.1240658703541270E-003   174.71455675230609        186.30335494573288        195.75335172220508        204.81120073005647        213.66826486706731        223.46101472039325        233.63136643522125     
   4.0549699792875264E-003   172.35457042288866        184.76648869677277        195.26695874738235        204.06069495037880        212.63227779887779        221.31295534101250        229.83427012308408     
   2.3080614121421240E-003   170.13083593878423        185.07272534678773        195.71876382348705        204.24503994830212        212.59224921393718        221.21909611209864        230.31534033109691     
   1.3137329029389003E-003   170.61829394205441        185.76481399567737        196.66094114653123        205.05327752758038        213.59428043396937        222.69487310401857        232.27358759983065     
   7.4776785885539401E-004   167.15742481610141        188.09826135973424        197.63309068094853        206.88355608739548        215.85434089599855        225.54108488105481        238.54101870424691     
   4.2562439403497608E-004   159.38664015508041        188.73531868606918        198.31997611374408        208.96123510970182        219.41625933836099        229.53068628108383        246.63570043575427     
   2.4226251857753804E-004   157.62162986875384        188.60493154391116        199.46399724614642        211.36916610265104        224.05526822790804        236.31097890212405        255.98045326944808     
   1.3789418259402918E-004   130.39489050334276        188.30798545143290        200.04764076101895        213.98129186460886        229.75892499746627        244.42076448699004        267.86908137226027     
   7.8488433559273943E-005   126.09891294937185        186.50246318253176        200.15720891582927        216.97869631320003        236.30630074804890        256.16139621474224        279.69085812897396     
   4.4675084087668437E-005   73.834531375647188        181.81565389814901        199.80421286603504        219.87359814929550        242.88221639932968        270.13282247487939        293.74013236182714     
   2.5428754884412054E-005   28.202694153927958        170.00833216167374        199.04161799379403        221.69944432351187        250.11408103085373        281.73860941174462        311.23030732709310     
   1.4473874827020145E-005   6.9509704060486914        119.25195488138267        196.50901298548018        223.45198897040962        257.28477171024406        293.34977052201566        322.21877746217223     
   8.2384313923552585E-006   4.7422380522783696        56.295551434234426        193.60747218583305        225.25260762819303        264.25217249706594        305.32349307903024        337.96434417450683     
   4.6892592769864319E-006   3.7514393533653059        27.529556917741271        186.94473386857339        225.58307092936272        269.66058194918685        319.18885920468938        347.96624384503116     
   2.6690945787577697E-006   4.4041393636538135        16.262817547117958        171.99708126939851        223.26155669706756        273.55070155691186        328.81441943072616        362.57262093049383     
   1.5192305329153057E-006   3.5781523554511181        12.340795876689169        116.73302414062829        219.34721637061170        276.27670433323556        330.36692143675873        369.38117732058714     
   8.6473571619044130E-007   3.5157901060917824        7.9750403995335635        66.030200818802243        212.44599732886314        273.25228415598968        337.02621902277724        376.69631069876851     
   4.9220170517536543E-007   3.3368149805748555        7.7858269508952391        40.586090485253997        202.00222236104906        271.72453102337107        341.03548720504864        387.96683063253732     
   2.8015787256344187E-007   3.2763612411101870        6.0464492442318818        29.050847102448412        183.03961824858342        267.51866779330567        340.50412797474218        395.49622003718832     
   1.5946396108341244E-007   3.2884183953712376        5.1190171428508222        22.181452510278735        150.76644379761365        262.11586886634484        345.55718605834363        402.94708052888370     
   9.0765805193119529E-008   3.3087446343400888        4.7962490933052075        16.919770097892396        106.99330610412436        255.08654319047625        340.26382707108195        418.11358354417212     
   5.1663280758753414E-008   3.3389087858110016        4.6744205563946686        14.183539658356120        78.521663992671336        242.87938392307711        346.36819266399579        427.51347670972751     
   2.9406389036915853E-008   3.3809227664573767        4.4523658392531846        11.901467920168471        62.150497987224256        221.25506642471913        354.98599844157201        462.06082254190278     
   1.6737917211034474E-008   3.4373777193026971        4.1919415586267306        11.124067964158845        50.040959516397137        197.69321468323474        355.67697395150827        521.06198105453052     
   9.5271089630128223E-009   3.3815413391712661        4.0786253066037927        10.335933860023639        46.631628246747248        185.18088171196428        393.29151791764679        598.84147851985233     
   5.4227658106279935E-009   3.4323104915786722        4.1791616927797284        10.102223051949315        46.482695559376374        185.98465868184195        425.09446285760453        629.01995551535629     
   3.0866015231987532E-009   3.3091911696462324        4.2297966404681375        10.962695330344673        46.881016847557056        190.25052629176648        464.85769248313045        774.86907859290204     
   1.7568726542350030E-009   3.2704703644476356        4.7130117521898764        11.961752723135387        48.874012721176328        210.80847510579105        522.53597889796902        1196.3720289754046     
   1.0000000000000007E-009   3.2511111156679497        3.5871269247087745        8.5090784689160461        53.886492909509805        331.69749036405614        916.36873001726565        2155.5939000013268     
