#      par      median  1sig lower  1sig upper  (  3sig lower  3sig upper)
      pmax  2.0683E-01  1.5462E-03  3.6387E+01  (  1.0217E-04  9.5478E+02)
        H2  3.2232E-05  3.8706E-08  4.1428E-02  (  1.0259E-09  2.1310E+02)
       H2O  8.6561E+00  5.9684E-01  1.2577E+02  (  2.7270E-02  9.1858E+02)
       CO2  2.1781E+01  1.3793E+00  2.4578E+02  (  3.6434E-02  9.8051E+02)
       CH4  3.4305E+00  2.2598E-01  3.8168E+01  (  1.2081E-02  4.0893E+02)
       NH3  4.1060E-03  2.6083E-04  4.6401E-02  (  1.0602E-05  6.2875E-01)
        N2  7.9533E-04  1.8973E-07  3.1118E+00  (  1.0582E-09  8.8375E+02)
        Rp  9.1903E-02  8.3842E-02  1.0179E-01  (  6.7051E-02  1.2082E-01)
        Mp  4.1406E-03  2.6017E-03  5.4064E-03  (  1.0366E-03  5.9972E-03)
 Tpoint001  5.3886E+01  8.4874E+00  3.3170E+02  (  2.7665E+00  2.1556E+03)
 Tpoint002  4.4240E+01  7.8034E+00  2.5150E+02  (  2.7458E+00  1.6680E+03)
 Tpoint003  3.7798E+01  8.3121E+00  1.7138E+02  (  2.7146E+00  6.9314E+02)
 Tpoint004  2.3537E+02  1.9578E+02  2.9223E+02  (  1.2323E+02  4.0434E+02)
 Tpoint005  2.0440E+02  1.9480E+02  2.1420E+02  (  1.6908E+02  2.6357E+02)
 Tpoint006  8.3072E+03  6.5474E+03  9.4554E+03  (  2.9965E+03  9.9941E+03)
 Ppoint002  5.5880E-09  1.6592E-09  4.0005E-08  (  1.0062E-09  2.4901E-06)
 Ppoint003  5.4391E-08  8.8441E-09  5.9832E-07  (  1.2074E-09  3.4568E-05)
 Ppoint004  6.0835E-07  7.0294E-08  6.0102E-06  (  2.9802E-09  2.0112E-04)
 Ppoint005  7.7555E-03  4.2374E-03  1.3757E-02  (  4.7951E-04  8.7795E-02)
       C/O  4.7011E-01  3.5245E-01  5.4881E-01  (  5.0549E-02  8.6521E-01)
       [Z]  3.4346E+00  3.1853E+00  3.7096E+00  (  2.7344E+00  4.5932E+00)
   hotspot  0.0000E+00  0.0000E+00  0.0000E+00  (  0.0000E+00  0.0000E+00)
       MMW  3.2275E+01  2.7632E+01  3.7256E+01  (  1.5421E+01  4.0785E+01)
