   6.0301510000000009        4.6822284845871228E-005   5.8253635942686016E-005   7.2546971308023398E-005   8.7532188159790539E-005   1.0745509935035986E-004   1.3023853318195168E-004   1.5260586783126247E-004
   6.0907549999999997        4.6828662174521459E-005   5.8251009832162369E-005   7.2539158095784895E-005   8.7527512670534203E-005   1.0745442676591451E-004   1.3023978242543215E-004   1.5259286410057284E-004
   6.1519690000000002        4.6804732389387229E-005   5.8235927585581059E-005   7.2516270180386264E-005   8.7512125389211640E-005   1.0743730669926575E-004   1.3022092175583085E-004   1.5252089954733388E-004
   6.2137979999999997        4.6601493551618875E-005   5.8178333563262858E-005   7.2419559344515840E-005   8.7463395769420707E-005   1.0729284903171150E-004   1.2995786639331296E-004   1.5228404639291559E-004
   6.2762479999999998        4.6468378232839386E-005   5.8118622894514344E-005   7.2324777471642791E-005   8.7348208606018233E-005   1.0712402296379002E-004   1.2967440372536844E-004   1.5206700382400376E-004
   6.3393259999999998        4.6586577967120036E-005   5.8171585161117101E-005   7.2411186748777163E-005   8.7461594933489498E-005   1.0726924205814833E-004   1.2996051589748877E-004   1.5229811222812183E-004
   6.4030379999999996        4.6781594769880019E-005   5.8256587197210688E-005   7.2547936295012003E-005   8.7542081208711830E-005   1.0745547800068966E-004   1.3023404390373529E-004   1.5258658276531424E-004
   6.4673900000000000        4.6870354160867622E-005   5.8326017468912673E-005   7.2641135913446687E-005   8.7619490161340257E-005   1.0752090088245754E-004   1.3031979672488073E-004   1.5272135468018383E-004
   6.5323890000000011        4.6888423421956089E-005   5.8306565207428509E-005   7.2624363739042089E-005   8.7588732200881119E-005   1.0750270012499569E-004   1.3029806171805912E-004   1.5274850189018075E-004
   6.5980410000000012        4.6861881771768941E-005   5.8288555344773628E-005   7.2625089568928612E-005   8.7557533772337327E-005   1.0746753588235244E-004   1.3025370530763815E-004   1.5276731231994277E-004
   6.6643530000000002        4.6781050547103603E-005   5.8253616964224500E-005   7.2566153532370299E-005   8.7528415178138687E-005   1.0744287647486051E-004   1.3022041650690591E-004   1.5264037764403207E-004
   6.7313310000000008        4.6576108936275435E-005   5.8198840560323671E-005   7.2459664268858783E-005   8.7485015834227559E-005   1.0732433636248397E-004   1.3002736889240047E-004   1.5236839607290107E-004
   6.7989830000000007        4.6587076061286636E-005   5.8207936961638328E-005   7.2479981800881692E-005   8.7495848752766449E-005   1.0734774605336843E-004   1.3005490554298166E-004   1.5240170281248020E-004
   6.8673140000000004        4.6618438335841236E-005   5.8216088275632118E-005   7.2492153582650771E-005   8.7504688927134830E-005   1.0739000877451887E-004   1.3010220787128247E-004   1.5243406670593820E-004
   6.9363330000000003        4.6499948046610092E-005   5.8174729563332601E-005   7.2410385730181404E-005   8.7468070425482418E-005   1.0727667459665650E-004   1.2990481672646697E-004   1.5223508777353209E-004
   7.0060440000000010        4.6563181684675559E-005   5.8209610515319077E-005   7.2471194769631200E-005   8.7502916567223449E-005   1.0736057282956464E-004   1.3003664186777891E-004   1.5237552323177231E-004
   7.0764570000000004        4.6500815687559223E-005   5.8184440556832942E-005   7.2416420034624452E-005   8.7464355232929486E-005   1.0726432455281001E-004   1.2986538144326359E-004   1.5220895269339472E-004
   7.1475770000000001        4.6502479489022221E-005   5.8191450214888047E-005   7.2425194376602621E-005   8.7470926192486205E-005   1.0727130337754371E-004   1.2986906628477450E-004   1.5221523560461533E-004
   7.2194120000000011        4.6500815054491576E-005   5.8204100274724837E-005   7.2419529759266659E-005   8.7498855558895900E-005   1.0731479811364910E-004   1.2983295005223886E-004   1.5216139718032327E-004
   7.2919690000000008        4.6543564825389827E-005   5.8262802260584014E-005   7.2503081356647012E-005   8.7558785573069612E-005   1.0748052014427141E-004   1.3003105824136151E-004   1.5228781305140154E-004
   7.3652550000000012        4.6639739514002361E-005   5.8311767965633399E-005   7.2570897173731755E-005   8.7612271439425950E-005   1.0754832350306054E-004   1.3022002070133646E-004   1.5235162739384896E-004
   7.4392779999999998        4.6729675846657480E-005   5.8331595508736643E-005   7.2604504992185341E-005   8.7640131957806194E-005   1.0757624132780216E-004   1.3032307574937661E-004   1.5244586367636298E-004
   7.5140440000000002        4.6666379693497926E-005   5.8276258614298639E-005   7.2517181755340240E-005   8.7589709066035614E-005   1.0754902531356575E-004   1.3019700517312815E-004   1.5229263266046002E-004
   7.5895620000000008        4.6503736721215519E-005   5.8204587521311462E-005   7.2414672602524161E-005   8.7523817606366882E-005   1.0746790013642046E-004   1.2996896247648531E-004   1.5213030990369545E-004
   7.6658390000000001        4.6853659592849422E-005   5.8377453246730302E-005   7.2677174393380198E-005   8.7692212925104902E-005   1.0761735732993469E-004   1.3044181482663834E-004   1.5257336383197242E-004
   7.7428830000000000        4.6678195927142514E-005   5.8355374923446360E-005   7.2645709063881578E-005   8.7661717125664718E-005   1.0756741538830425E-004   1.3027654919417890E-004   1.5240471791190833E-004
   7.8207009999999997        4.6577055304555076E-005   5.8271309311211638E-005   7.2503768783887320E-005   8.7582649656673214E-005   1.0753566323267221E-004   1.3013666312980981E-004   1.5221015289892487E-004
   7.8993010000000004        4.6599464316155720E-005   5.8268175775069933E-005   7.2501852374092426E-005   8.7587285073907907E-005   1.0754409000146930E-004   1.3017268817395292E-004   1.5225149918426551E-004
   7.9786910000000013        4.6501515856413860E-005   5.8233081622943582E-005   7.2433614772722248E-005   8.7553137358366956E-005   1.0751060674065589E-004   1.3002341885209976E-004   1.5207935059227044E-004
   8.0588790000000010        4.6489968785144759E-005   5.8216777436516022E-005   7.2403488509801802E-005   8.7526734037494933E-005   1.0747350633941043E-004   1.2991062567048478E-004   1.5198323851398302E-004
   8.1398720000000022        4.6457410835827522E-005   5.8163012703477178E-005   7.2341981077045616E-005   8.7450795847013912E-005   1.0727639589989939E-004   1.2957604604887737E-004   1.5176085534156735E-004
   8.2216799999999992        4.6448932886568565E-005   5.8144699637545629E-005   7.2327906728971515E-005   8.7422763727118620E-005   1.0719273034832704E-004   1.2946476135276925E-004   1.5169808665023982E-004
   8.3043099999999992        4.6408290106726450E-005   5.8076331828589533E-005   7.2279398513274914E-005   8.7310539227174701E-005   1.0695341585624875E-004   1.2924530901805656E-004   1.5135020267319381E-004
   8.3877710000000008        4.6396268173706502E-005   5.8049010124514806E-005   7.2258770391313946E-005   8.7269382361270908E-005   1.0689727395693883E-004   1.2910641684319094E-004   1.5121979861219123E-004
   8.4720700000000004        4.6375979114285955E-005   5.8006999909208255E-005   7.2208807520450570E-005   8.7221205960689215E-005   1.0679169834169787E-004   1.2895390367287526E-004   1.5108047115727636E-004
   8.5572160000000004        4.6357178676797157E-005   5.7971664154506251E-005   7.2172868010425133E-005   8.7193634143113675E-005   1.0671755516736365E-004   1.2886797435743952E-004   1.5100172469489312E-004
   8.6432179999999992        4.6352082813448291E-005   5.7964397661765512E-005   7.2165144051224072E-005   8.7178059214246500E-005   1.0669481745433521E-004   1.2875702607614489E-004   1.5082744845271330E-004
   8.7300850000000008        4.6336150707209385E-005   5.7932991069191402E-005   7.2144774841253882E-005   8.7143034311664772E-005   1.0661519764049170E-004   1.2863476869932829E-004   1.5070738217482120E-004
   8.8178239999999999        4.6339588310423026E-005   5.7930289920298085E-005   7.2139462718975517E-005   8.7136005747278996E-005   1.0660717735905529E-004   1.2863993277744079E-004   1.5074831332783078E-004
   8.9064460000000008        4.6344031028836708E-005   5.7937029396674288E-005   7.2144025112512227E-005   8.7144347054436992E-005   1.0664063734685347E-004   1.2864830828884330E-004   1.5074043419624139E-004
   8.9959579999999999        4.6337096110980333E-005   5.7918908554337826E-005   7.2132008722021037E-005   8.7104415502397569E-005   1.0658441411450149E-004   1.2856675784274517E-004   1.5067347378246014E-004
   9.0863689999999995        4.6347906222095929E-005   5.7944847939639517E-005   7.2152725627886103E-005   8.7161245830764736E-005   1.0668668274257396E-004   1.2871492946062288E-004   1.5080177654144581E-004
   9.1776900000000001        4.6364767825120866E-005   5.7979940419765818E-005   7.2218002239921551E-005   8.7212595187913486E-005   1.0681420973439246E-004   1.2893584892332776E-004   1.5102356848613460E-004
   9.2699280000000002        4.6356926582066927E-005   5.7973378671945629E-005   7.2212665254549628E-005   8.7216315771575974E-005   1.0683176200353745E-004   1.2904204172659362E-004   1.5113250120259340E-004
   9.3630929999999992        4.6360198460382510E-005   5.7967715865235528E-005   7.2202171544961203E-005   8.7199646197746167E-005   1.0680814040720184E-004   1.2897368702481177E-004   1.5107208498407152E-004
   9.4571939999999994        4.6341768206255677E-005   5.7945802270570203E-005   7.2167065348121597E-005   8.7183463341930113E-005   1.0676199929592565E-004   1.2892502089343851E-004   1.5099916047782753E-004
   9.5522419999999997        4.6352598378756327E-005   5.7954806755314979E-005   7.2183725881598315E-005   8.7189448634086378E-005   1.0678705835573490E-004   1.2893542969526353E-004   1.5102450912703525E-004
   9.6482440000000000        4.6347073054675843E-005   5.7943792707361758E-005   7.2159292887280467E-005   8.7171796097212318E-005   1.0673680571660856E-004   1.2883609103901236E-004   1.5090202740095551E-004
   9.7452110000000012        4.6327675760631743E-005   5.7907297552572100E-005   7.2135439659939382E-005   8.7137328373105728E-005   1.0663076459151006E-004   1.2866520985856358E-004   1.5074289956227641E-004
   9.8431530000000009        4.6324057144741175E-005   5.7891522797075181E-005   7.2107084176932019E-005   8.7082131886783820E-005   1.0657514548599081E-004   1.2857856642896074E-004   1.5068247172714117E-004
   9.9420790000000014        4.6307877255603604E-005   5.7865814187082171E-005   7.2082639048860913E-005   8.7050214483471553E-005   1.0651788708714476E-004   1.2846000058146996E-004   1.5057286378300258E-004
   10.042000000000000        4.6316388606124874E-005   5.7884916557693068E-005   7.2099705702895415E-005   8.7080580470455665E-005   1.0657876756562583E-004   1.2856173745895940E-004   1.5064158904518215E-004
   10.142920000000000        4.6259193104201885E-005   5.7825472343436455E-005   7.2068036933032372E-005   8.7066755386680503E-005   1.0649602664019921E-004   1.2855116291878867E-004   1.5055598104298318E-004
   10.244860000000001        4.6301895805289820E-005   5.7883768311161120E-005   7.2120109911965848E-005   8.7140992195804435E-005   1.0664018080013746E-004   1.2879438505451941E-004   1.5086088267398366E-004
   10.347830000000000        4.6469517712153026E-005   5.8112813172502115E-005   7.2304423399858730E-005   8.7346758846460333E-005   1.0709221674379527E-004   1.2939597543724647E-004   1.5154317033902836E-004
   10.451820000000000        4.6371212254713392E-005   5.7977572358391548E-005   7.2199981466118017E-005   8.7170922361767009E-005   1.0672030522364320E-004   1.2880002286285409E-004   1.5087587844442345E-004
   10.556870000000000        4.6348192509471401E-005   5.7946818494387512E-005   7.2159491503860572E-005   8.7170901942735932E-005   1.0672828162782837E-004   1.2885838267495794E-004   1.5093391461967011E-004
   10.662970000000000        4.6374504530906278E-005   5.7985569005955581E-005   7.2218203483773456E-005   8.7203425598511699E-005   1.0680664189508023E-004   1.2890433039354631E-004   1.5097847951865269E-004
   10.770130000000002        4.6473222513017167E-005   5.8104283892037419E-005   7.2299146462490173E-005   8.7337049981351043E-005   1.0708143456897550E-004   1.2934011637695306E-004   1.5149235730156787E-004
   10.878380000000000        4.6338386411830643E-005   5.7922475934253242E-005   7.2137192336329037E-005   8.7134276333997822E-005   1.0661084135509896E-004   1.2862021670738131E-004   1.5067669324314283E-004
   10.987710000000002        4.6347657931565601E-005   5.7933877579063376E-005   7.2140001784697373E-005   8.7143023180900046E-005   1.0664331236233098E-004   1.2865985019663674E-004   1.5075411814502595E-004
   11.098140000000003        4.6256070184653898E-005   5.7801182159510530E-005   7.2029736143128698E-005   8.6965967929011198E-005   1.0642182960552133E-004   1.2830666587233453E-004   1.5029410256576177E-004
   11.209670000000001        4.6340113374736113E-005   5.7918883901462775E-005   7.2136954131373927E-005   8.7131603715285584E-005   1.0664732750542295E-004   1.2863286420486972E-004   1.5074800795063641E-004
   11.322330000000001        4.6269714819160508E-005   5.7808379523156696E-005   7.2027746431330922E-005   8.6989961424204846E-005   1.0641276625072366E-004   1.2831870102947797E-004   1.5040907698056803E-004
   11.436130000000002        4.6306260420313745E-005   5.7863689168574325E-005   7.2075886185565106E-005   8.7051687063128156E-005   1.0651270494801075E-004   1.2848891900229330E-004   1.5058366017409297E-004
   11.551060000000000        4.6321530105407960E-005   5.7896159928766888E-005   7.2109969031795260E-005   8.7113460481317415E-005   1.0658928873887689E-004   1.2858623460878442E-004   1.5065355289614190E-004
   11.667149999999999        4.6316685588681727E-005   5.7879657914653854E-005   7.2083153296607011E-005   8.7060493923902927E-005   1.0652154056587938E-004   1.2851713052636243E-004   1.5060859877539089E-004
   11.784409999999999        4.6351149321685859E-005   5.7935172583835244E-005   7.2142734557729111E-005   8.7147815278714531E-005   1.0667934600795291E-004   1.2869335348195414E-004   1.5080306528782368E-004
   11.902850000000001        4.6281290372920708E-005   5.7827421195594801E-005   7.2044407945347333E-005   8.7013322803011292E-005   1.0644461107525112E-004   1.2840699597141818E-004   1.5048677955931580E-004
   12.022470000000000        4.6351465665509209E-005   5.7949866265097642E-005   7.2168078308802982E-005   8.7175627007778534E-005   1.0673074911451031E-004   1.2876291799041338E-004   1.5084444996392397E-004
   12.143300000000000        4.6285260174924358E-005   5.7840959663412588E-005   7.2065483812224464E-005   8.7038032476101888E-005   1.0647677856561664E-004   1.2850732547857590E-004   1.5054909409642001E-004
   12.265350000000000        4.6361992863794231E-005   5.7958532368584813E-005   7.2183465970665085E-005   8.7171673080017065E-005   1.0674680555298110E-004   1.2883946277841501E-004   1.5095055750571248E-004
   12.388620000000001        4.6354546581560940E-005   5.7947316820509592E-005   7.2168390988207499E-005   8.7166984872536998E-005   1.0672530100837715E-004   1.2886060580019835E-004   1.5095495682658253E-004
   12.513130000000000        4.6360138106508268E-005   5.7953750275918879E-005   7.2183415350175935E-005   8.7167895554053415E-005   1.0672019171787489E-004   1.2892413777849319E-004   1.5111155435634549E-004
   12.638890000000000        4.6351592500673447E-005   5.7980220510206270E-005   7.2233106231898194E-005   8.7243225368543412E-005   1.0685737826663282E-004   1.2911424261743227E-004   1.5122692595473578E-004
   12.765910000000002        4.6335657119357676E-005   5.7937341609898061E-005   7.2159462966642248E-005   8.7176615994250339E-005   1.0670929929790666E-004   1.2886281948337158E-004   1.5097328631181323E-004
   12.894209999999999        4.6349768328054058E-005   5.7964747300897890E-005   7.2201069319701030E-005   8.7209601262185776E-005   1.0676963063848691E-004   1.2896344408270808E-004   1.5107735527057360E-004
   13.023800000000001        4.6361410109614710E-005   5.8004097090655654E-005   7.2257447411429434E-005   8.7259010183514269E-005   1.0687210909381050E-004   1.2912038377931056E-004   1.5126589749367571E-004
   13.154690000000000        4.6356582795524948E-005   5.8008924676952741E-005   7.2264082925668541E-005   8.7277443934439351E-005   1.0691461103478831E-004   1.2923366858027681E-004   1.5141575065318237E-004
   13.286899999999999        4.6388956935837412E-005   5.8065081546121263E-005   7.2309219606879477E-005   8.7369121063077555E-005   1.0707099172149708E-004   1.2941269815888303E-004   1.5182267125685877E-004
   13.420439999999999        4.6401930745553693E-005   5.8075866410198505E-005   7.2317713191943415E-005   8.7398036784869156E-005   1.0720101195259577E-004   1.2966428887388961E-004   1.5198818157235745E-004
   13.555320000000000        4.6413919020334345E-005   5.8131054880988429E-005   7.2363554980688384E-005   8.7499786912158235E-005   1.0741521152100010E-004   1.2990066267043723E-004   1.5226995215085205E-004
   13.691549999999999        4.6416220797188202E-005   5.8116381351311312E-005   7.2351245812180817E-005   8.7480895329845456E-005   1.0741311000577925E-004   1.2989936643516603E-004   1.5223168347451444E-004
   13.829150000000002        4.6432623384062786E-005   5.8159172218734875E-005   7.2385535380020989E-005   8.7536932471913767E-005   1.0748219438270593E-004   1.3003951289473331E-004   1.5238212478871084E-004
   13.968140000000002        4.6437058179763114E-005   5.8166089568417230E-005   7.2389300405912413E-005   8.7544304553140642E-005   1.0747569175937293E-004   1.3002785240381919E-004   1.5239277310308901E-004
   14.108520000000002        4.6460205228663605E-005   5.8200055274976563E-005   7.2442672544652668E-005   8.7579702124704578E-005   1.0752062359276327E-004   1.3019669714184524E-004   1.5251635211183123E-004
   14.250320000000002        4.6488490964813624E-005   5.8257112485785641E-005   7.2534958612600209E-005   8.7654245789322216E-005   1.0757930782951556E-004   1.3043785955729531E-004   1.5277076689040195E-004
   14.393540000000002        4.6616261478056454E-005   5.8302224351703975E-005   7.2624572473179458E-005   8.7699601910856418E-005   1.0763295934364489E-004   1.3059990567675192E-004   1.5297736854684061E-004
   14.538200000000000        4.6761977518579694E-005   5.8345712460469051E-005   7.2702140681557667E-005   8.7738829982504944E-005   1.0768308367724232E-004   1.3082916212977242E-004   1.5315860237815934E-004
   14.684310000000000        4.6865212620566091E-005   5.8358626051705214E-005   7.2708636090830923E-005   8.7766174847364695E-005   1.0772958432753347E-004   1.3090212411756325E-004   1.5320904845501056E-004
   14.831890000000000        4.6889528330558831E-005   5.8368231211096561E-005   7.2720336065813072E-005   8.7769348253331859E-005   1.0775476106237771E-004   1.3096414870364449E-004   1.5326752650107937E-004
   14.980950000000000        4.7356920622177835E-005   5.8558792707356175E-005   7.2867198078836813E-005   8.7983052490443986E-005   1.0839836040799878E-004   1.3143916417628564E-004   1.5401247904247304E-004
   15.131520000000000        4.6862799371917969E-005   5.8341014670111713E-005   7.2668726684850142E-005   8.7748036260713481E-005   1.0769648025701639E-004   1.3080749184037445E-004   1.5314330690452310E-004
   15.283590000000002        4.6796327118081216E-005   5.8364647976581353E-005   7.2756073575441671E-005   8.7758673297677874E-005   1.0776899769934567E-004   1.3090664881970358E-004   1.5327625640253038E-004
   15.437190000000001        4.6758482976612014E-005   5.8348429865538772E-005   7.2687959467732333E-005   8.7733485330745463E-005   1.0767648842982790E-004   1.3082367312774150E-004   1.5316082816832895E-004
   15.592340000000000        4.6574032233861906E-005   5.8283293877809773E-005   7.2594599858903587E-005   8.7681898952704705E-005   1.0761902342652907E-004   1.3052112294354988E-004   1.5289786368408010E-004
   15.749050000000002        4.6491210878734843E-005   5.8246578594268665E-005   7.2532788440135082E-005   8.7631414781886574E-005   1.0755798382625412E-004   1.3036083611300432E-004   1.5270712240641983E-004
   15.907330000000000        4.6449590752627475E-005   5.8184401408382103E-005   7.2410614919061396E-005   8.7563146745806860E-005   1.0750226184999410E-004   1.3012630655406696E-004   1.5244129493889854E-004
   15.993430000000000        4.6451435812434914E-005   5.8167106373653999E-005   7.2392587604549850E-005   8.7540877391260698E-005   1.0747857808405895E-004   1.3003861770887075E-004   1.5237320683134234E-004
