   6.0301510000000009        9.5444171582509041E-005   1.7983583378890904E-005   8.9627149803495415E-005
   6.0907549999999997        9.5440878980862306E-005   1.7982288314386442E-005   8.9623632105208107E-005
   6.1519690000000002        9.5419926341614597E-005   1.7970433273797793E-005   8.9596811531114878E-005
   6.2137979999999997        9.5351401523102584E-005   1.7934646362900806E-005   8.9506911520221980E-005
   6.2762479999999998        9.5281770661003110E-005   1.7898591309734291E-005   8.9413631473052240E-005
   6.3393259999999998        9.5351546720765383E-005   1.7935881541571725E-005   8.9502733801573011E-005
   6.4030379999999996        9.5444558105096185E-005   1.7981468944540693E-005   8.9627994655943724E-005
   6.4673900000000000        9.5511062815363467E-005   1.8013284484180596E-005   8.9724025409220596E-005
   6.5323890000000011        9.5497868901634831E-005   1.8008835951502957E-005   8.9700737914176986E-005
   6.5980410000000012        9.5475642710115654E-005   1.7996221372913624E-005   8.9666899481180760E-005
   6.6643530000000002        9.5440878127183213E-005   1.7980166858760408E-005   8.9619524637613813E-005
   6.7313310000000008        9.5376082941171092E-005   1.7944686092440368E-005   8.9534633714708964E-005
   6.7989830000000007        9.5386492343908953E-005   1.7949925839966969E-005   8.9548356162956540E-005
   6.8673140000000004        9.5399305112043852E-005   1.7958424982365498E-005   8.9566494832677047E-005
   6.9363330000000003        9.5350105820502331E-005   1.7932522964584273E-005   8.9501781688229197E-005
   7.0060440000000010        9.5387579599757579E-005   1.7950503178905107E-005   8.9551377679540756E-005
   7.0764570000000004        9.5349372507734075E-005   1.7925860571755037E-005   8.9501550252136318E-005
   7.1475770000000001        9.5356516705999628E-005   1.7926565054913230E-005   8.9508534506224530E-005
   7.2194120000000011        9.5365490167833032E-005   1.7926774715437334E-005   8.9522344509560000E-005
   7.2919690000000008        9.5432539185185382E-005   1.7962253138166260E-005   8.9617326298975056E-005
   7.3652550000000012        9.5493933519480822E-005   1.7997216405286879E-005   8.9702377405126603E-005
   7.4392779999999998        9.5520718235828160E-005   1.8014996792399382E-005   8.9739266744514852E-005
   7.5140440000000002        9.5472217288785377E-005   1.7994886483174821E-005   8.9672041925927280E-005
   7.5895620000000008        9.5397105690623674E-005   1.7958843735352648E-005   8.9568407974099985E-005
   7.6658390000000001        9.5568101245201964E-005   1.8041510932403522E-005   8.9806921324321224E-005
   7.7428830000000000        9.5530709289468226E-005   1.8010896336756142E-005   8.9751181957439216E-005
   7.8207009999999997        9.5461929156062637E-005   1.7985292940437293E-005   8.9656590572468665E-005
   7.8993010000000004        9.5465099587975651E-005   1.7989584908399167E-005   8.9660851667530003E-005
   7.9786910000000013        9.5424102674545013E-005   1.7966945372598923E-005   8.9604716972328978E-005
   8.0588790000000010        9.5398679336678189E-005   1.7949215523506801E-005   8.9568694543905834E-005
   8.1398720000000022        9.5328081553483469E-005   1.7907261362152478E-005   8.9471882658889959E-005
   8.2216799999999992        9.5300297072659264E-005   1.7888662063176508E-005   8.9434314536330939E-005
   8.3043099999999992        9.5221816420765291E-005   1.7846638410924929E-005   8.9328228474534643E-005
   8.3877710000000008        9.5185496451187415E-005   1.7826565396504997E-005   8.9281631938827209E-005
   8.4720700000000004        9.5139914897670181E-005   1.7807696032033900E-005   8.9223702392070284E-005
   8.5572160000000004        9.5109560331966536E-005   1.7799205743281970E-005   8.9182700921501451E-005
   8.6432179999999992        9.5088820629454413E-005   1.7783465955137998E-005   8.9160621887211832E-005
   8.7300850000000008        9.5054528150943419E-005   1.7768014611116014E-005   8.9116109536580807E-005
   8.8178239999999999        9.5050167105086732E-005   1.7768338570115767E-005   8.9112617161601755E-005
   8.9064460000000008        9.5055046658716892E-005   1.7769882205167038E-005   8.9122210355301271E-005
   8.9959579999999999        9.5033126952956363E-005   1.7757800704665352E-005   8.9093044170788889E-005
   9.0863689999999995        9.5078884065941777E-005   1.7775999566626798E-005   8.9144419147071827E-005
   9.1776900000000001        9.5136799725761327E-005   1.7802775123274685E-005   8.9212439394892377E-005
   9.2699280000000002        9.5146742370644870E-005   1.7816018162543183E-005   8.9220983003379504E-005
   9.3630929999999992        9.5128665062587211E-005   1.7808849582221847E-005   8.9205011131901320E-005
   9.4571939999999994        9.5115401015084258E-005   1.7802848204590356E-005   8.9181395507851241E-005
   9.5522419999999997        9.5118540096737482E-005   1.7804620652194973E-005   8.9191096924950806E-005
   9.6482440000000000        9.5097660397168429E-005   1.7790839547890945E-005   8.9164944954216426E-005
   9.7452110000000012        9.5052777867678375E-005   1.7771428269863085E-005   8.9108565744732475E-005
   9.8431530000000009        9.5026979678468037E-005   1.7761636681895785E-005   8.9078945558758926E-005
   9.9420790000000014        9.4996782394874470E-005   1.7749897261400723E-005   8.9043182052310558E-005
   10.042000000000000        9.5023707274014056E-005   1.7760789531667159E-005   8.9075109801413604E-005
   10.142920000000000        9.5010518493815360E-005   1.7760525373913938E-005   8.9032856675774858E-005
   10.244860000000001        9.5070199880786967E-005   1.7789679844857647E-005   8.9115193481974328E-005
   10.347830000000000        9.5245735847609706E-005   1.7859441423734787E-005   8.9382667795241542E-005
   10.451820000000000        9.5094211035558042E-005   1.7778043723463111E-005   8.9167360353905253E-005
   10.556870000000000        9.5099410959561430E-005   1.7791725084905589E-005   8.9164956801662045E-005
   10.662970000000000        9.5121737952842930E-005   1.7795888194919101E-005   8.9202839002097619E-005
   10.770130000000002        9.5236492680482831E-005   1.7852854288538484E-005   8.9369509867251858E-005
   10.878380000000000        9.5049615929481982E-005   1.7759882373728616E-005   8.9104146015453247E-005
   10.987710000000002        9.5061771356612701E-005   1.7766610309640874E-005   8.9121952976919277E-005
   11.098140000000003        9.4952313244506297E-005   1.7726627276007083E-005   8.8964157879875552E-005
   11.209670000000001        9.5050134299373142E-005   1.7768625715270331E-005   8.9112825532601097E-005
   11.322330000000001        9.4950620071128209E-005   1.7729834473316709E-005   8.8966426186415669E-005
   11.436130000000002        9.5000142470753231E-005   1.7751339342160620E-005   8.9043226242207160E-005
   11.551060000000000        9.5036675759005722E-005   1.7760553191104804E-005   8.9086344815347520E-005
   11.667149999999999        9.5015894427696767E-005   1.7751589027570581E-005   8.9058308929313893E-005
   11.784409999999999        9.5062776925070643E-005   1.7773883075241923E-005   8.9130892514474133E-005
   11.902850000000001        9.4978587457050857E-005   1.7738857507770973E-005   8.8998439543369086E-005
   12.022470000000000        9.5094577114579603E-005   1.7782042792911684E-005   8.9161884225280610E-005
   12.143300000000000        9.4999135960081927E-005   1.7751956731775533E-005   8.9028491576687602E-005
   12.265350000000000        9.5099459552381140E-005   1.7790725436359273E-005   8.9172670109685277E-005
   12.388620000000001        9.5097566755731973E-005   1.7792553895492147E-005   8.9165287855821418E-005
   12.513130000000000        9.5112180306030733E-005   1.7800972641932035E-005   8.9177678888698950E-005
   12.638890000000000        9.5175811627908229E-005   1.7824463795111417E-005   8.9243769073950018E-005
   12.765910000000002        9.5114779463459866E-005   1.7792459761842220E-005   8.9168166092482240E-005
   12.894209999999999        9.5145602345438648E-005   1.7802016280603517E-005   8.9203634136471625E-005
   13.023800000000001        9.5205052605498049E-005   1.7820114717536088E-005   8.9267716601313605E-005
   13.154690000000000        9.5222404245786155E-005   1.7842887882949807E-005   8.9293268214716672E-005
   13.286899999999999        9.5302880124459603E-005   1.7891711500191418E-005   8.9396365164416889E-005
   13.420439999999999        9.5325594458912731E-005   1.7921188562484596E-005   8.9437934773540777E-005
   13.555320000000000        9.5405476751103953E-005   1.7961606055842528E-005   8.9538738538116224E-005
   13.691549999999999        9.5386985761163328E-005   1.7959285302434576E-005   8.9519944532451379E-005
   13.829150000000002        9.5435924771311730E-005   1.7982989278040473E-005   8.9586472595185295E-005
   13.968140000000002        9.5444293746756197E-005   1.7980388210737527E-005   8.9590432170530537E-005
   14.108520000000002        9.5482408105917365E-005   1.8005578253054653E-005   8.9648871909400141E-005
   14.250320000000002        9.5552800698304097E-005   1.8046312522232563E-005   8.9744519474161183E-005
   14.393540000000002        9.5607343823688468E-005   1.8081062689718741E-005   8.9824438906024141E-005
   14.538200000000000        9.5659865200383790E-005   1.8113412410560428E-005   8.9899681898276940E-005
   14.684310000000000        9.5681731078957566E-005   1.8127006511428279E-005   8.9928243850172148E-005
   14.831890000000000        9.5690848409438705E-005   1.8132181069991868E-005   8.9939554367670564E-005
   14.980950000000000        9.5864515557691484E-005   1.8232192498465814E-005   9.0204695286505513E-005
   15.131520000000000        9.5660364576694655E-005   1.8116419272801184E-005   8.9897591508599978E-005
   15.283590000000002        9.5684846852140415E-005   1.8126459755759229E-005   8.9932374885743629E-005
   15.437190000000001        9.5656480722894794E-005   1.8110858230722655E-005   8.9895030998151805E-005
   15.592340000000000        9.5586711887750601E-005   1.8070715070782238E-005   8.9796848222581101E-005
   15.749050000000002        9.5532460396499102E-005   1.8032733858426246E-005   8.9718893614477443E-005
   15.907330000000000        9.5462584941480739E-005   1.7992926877982084E-005   8.9620323157394696E-005
   15.993430000000000        9.5436653293635537E-005   1.7978034019750429E-005   8.9585977503486971E-005
