   955.67144507929390        1.0000000000000000E-050   1.0000000000000000E-050   1.0000000000000000E-050   1.0000000000000000E-050   1.0000000000000000E-050  0.40230557147307555       0.51362211539860370     
   544.26764250679571        1.0000000000000000E-050   1.0000000000000000E-050   1.0000000000000000E-050   1.0000000000000000E-050   9.4472642339360220E-004  0.44490554664195808       0.52216621250415107     
   309.96768628503588        1.0000000000000000E-050   1.0000000000000000E-050   1.0000000000000000E-050   1.0000000000000000E-050  0.31448054814906201       0.47198914043220347       0.53950999489010598     
   176.53073421446078        1.0000000000000000E-050   1.0000000000000000E-050   1.0000000000000000E-050   1.0000000000000000E-050  0.36210597123578880       0.48108944467049558       0.55317390684057210     
   100.53660914073507        1.0000000000000000E-050   1.0000000000000000E-050   1.0000000000000000E-050   1.0000000000000000E-050  0.38407245822277253       0.48462595692564814       0.55317390684057210     
   57.256940682281140        1.0000000000000000E-050   1.0000000000000000E-050   1.0000000000000000E-050   5.1975447567402751E-002  0.39643109187945713       0.48717118548186145       0.55317390684057210     
   32.608591878258899        1.0000000000000000E-050   1.0000000000000000E-050   1.0000000000000000E-050  0.20917839169276145       0.40680127476142497       0.49306902717828671       0.55609748105454915     
   18.571028273816058        1.0000000000000000E-050   1.0000000000000000E-050   1.0000000000000000E-050  0.26895404711208837       0.41653132185340191       0.49603663769892126       0.55778534399629676     
   10.576448453661053        1.0000000000000000E-050   1.0000000000000000E-050   1.0000000000000000E-050  0.29420634213521119       0.42364893774645124       0.49712403035254865       0.55778534399629676     
   6.0234285492239703        1.0000000000000000E-050   1.0000000000000000E-050   1.0000000000000000E-050  0.30978250318606987       0.42909814346741970       0.49838832494189500       0.57089263621762543     
   3.4304229483619735        1.0000000000000000E-050   1.0000000000000000E-050   1.0000000000000000E-050  0.31972310124394671       0.43105005935650131       0.50147011189075430       0.57089263621762543     
   1.9536716520302315        1.0000000000000000E-050   1.0000000000000000E-050   2.5598336212986923E-002  0.32807830038261054       0.43423466273001621       0.50356863945357977       0.57946579433769019     
   1.1126420798254848        1.0000000000000000E-050   1.0000000000000000E-050   9.6678184419021471E-002  0.33483205995223403       0.43644317823069856       0.50577506953149065       0.58884734676874573     
  0.63366451394833589        1.0000000000000000E-050   1.0000000000000000E-050  0.14368942888965586       0.33892554057550384       0.43775177384182307       0.50708931259697820       0.59493097445351495     
  0.36088039767501873        1.0000000000000000E-050   1.0000000000000000E-050  0.16319736281995587       0.34248602846433185       0.43887888925093504       0.50708931259697820       0.59493097445351495     
  0.20552620283972217        1.0000000000000000E-050   1.0000000000000000E-050  0.17546274643426449       0.34485820959155283       0.43896621984903966       0.50708931259697820       0.59493097445351495     
  0.11704991550068541        1.0000000000000000E-050   2.6973781368953419E-004  0.18372254891388951       0.34579484857415810       0.43948387265449296       0.50767359596465989       0.59493097445351495     
   6.6661489043331051E-002   1.0000000000000000E-050   3.2974659490477842E-003  0.19541910493815837       0.34680340122472869       0.43954036649711209       0.50767359596465989       0.59493097445351495     
   3.7964607684386788E-002   1.0000000000000000E-050   7.4580923507805829E-003  0.20034504722604551       0.34751151489732596       0.43971457290448285       0.50767359596465989       0.59493097445351495     
   2.1621350757594453E-002   1.0698652651972553E-004   1.0008899798965418E-002  0.20234656382911853       0.34809543163733653       0.43997962145994629       0.50767359596465989       0.59493097445351495     
   1.2313647818233240E-002   1.1546710105987745E-004   1.0008899798965418E-002  0.20262666293138154       0.34809543163733653       0.43997962145994629       0.50767359596465989       0.59493097445351495     
   7.0127867722705496E-003   1.1546710105987745E-004   1.0008899798965418E-002  0.20262666293138154       0.34809543163733653       0.43997962145994629       0.50767359596465989       0.59493097445351495     
   3.9938756605099194E-003   1.1546710105987745E-004   1.0008899798965418E-002  0.20262666293138154       0.34809543163733653       0.43997962145994629       0.50767359596465989       0.59493097445351495     
   2.2745654915227128E-003   1.1546710105987745E-004   1.0008899798965418E-002  0.20262666293138154       0.34809543163733653       0.43997962145994629       0.50767359596465989       0.59493097445351495     
   1.2953954041136629E-003   1.1546710105987745E-004   1.0008899798965418E-002  0.20262666293138154       0.34809543163733653       0.43997962145994629       0.50767359596465989       0.59493097445351495     
   7.3774497118367138E-004   1.1546710105987745E-004   1.0008899798965418E-002  0.20262666293138154       0.34809543163733653       0.43997962145994629       0.50767359596465989       0.59493097445351495     
   4.2015560714390185E-004   1.1546710105987745E-004   1.0008899798965418E-002  0.20262666293138154       0.34809543163733653       0.43997962145994629       0.50767359596465989       0.59493097445351495     
   2.3928422572806819E-004   1.1546710105987745E-004   1.0008899798965418E-002  0.20262666293138154       0.34809543163733653       0.43997962145994629       0.50767359596465989       0.59493097445351495     
   1.3627556007522420E-004   1.1546710105987745E-004   1.0008899798965418E-002  0.20262666293138154       0.34809543163733653       0.43997962145994629       0.50767359596465989       0.59493097445351495     
   7.7610750216860799E-005   1.1546710105987745E-004   1.0008899798965418E-002  0.20262666293138154       0.34809543163733653       0.43997962145994629       0.50767359596465989       0.59493097445351495     
   4.4200358053190338E-005   1.1546710105987745E-004   1.0008899798965418E-002  0.20262666293138154       0.34809543163733653       0.43997962145994629       0.50767359596465989       0.59493097445351495     
   2.5172693815885867E-005   1.1546710105987745E-004   1.0008899798965418E-002  0.20262666293138154       0.34809543163733653       0.43997962145994629       0.50767359596465989       0.59493097445351495     
   1.4336185086686174E-005   1.1546710105987745E-004   1.0008899798965418E-002  0.20262666293138154       0.34809543163733653       0.43997962145994629       0.50767359596465989       0.59493097445351495     
   8.1646487397395864E-006   1.1546710105987745E-004   1.0008899798965418E-002  0.20262666293138154       0.34809543163733653       0.43997962145994629       0.50767359596465989       0.59493097445351495     
   4.6498764239057483E-006   1.1546710105987745E-004   1.0008899798965418E-002  0.20262666293138154       0.34809543163733653       0.43997962145994629       0.50767359596465989       0.59493097445351495     
   2.6481666813610068E-006   1.1546710105987745E-004   1.0008899798965418E-002  0.20262666293138154       0.34809543163733653       0.43997962145994629       0.50767359596465989       0.59493097445351495     
   1.5081662678639640E-006   1.1546710105987745E-004   1.0008899798965418E-002  0.20262666293138154       0.34809543163733653       0.43997962145994629       0.50767359596465989       0.59493097445351495     
   8.5892081776126024E-007   1.1546710105987745E-004   1.0008899798965418E-002  0.20262666293138154       0.34809543163733653       0.43997962145994629       0.50767359596465989       0.59493097445351495     
   4.8916686900082311E-007   1.1546710105987745E-004   1.0008899798965418E-002  0.20262666293138154       0.34809543163733653       0.43997962145994629       0.50767359596465989       0.59493097445351495     
   2.7858706039021419E-007   1.1546710105987745E-004   1.0008899798965418E-002  0.20262666293138154       0.34809543163733653       0.43997962145994629       0.50767359596465989       0.59493097445351495     
   1.5865904895683008E-007   1.1546710105987745E-004   1.0008899798965418E-002  0.20262666293138154       0.34809543163733653       0.43997962145994629       0.50767359596465989       0.59493097445351495     
   9.0358445868328011E-008   1.1546710105987745E-004   1.0008899798965418E-002  0.20262666293138154       0.34809543163733653       0.43997962145994629       0.50767359596465989       0.59493097445351495     
   5.1460340859354975E-008   1.1546710105987745E-004   1.0008899798965418E-002  0.20262666293138154       0.34809543163733653       0.43997962145994629       0.50767359596465989       0.59493097445351495     
   2.9307350916813654E-008   1.1546710105987745E-004   1.0008899798965418E-002  0.20262666293138154       0.34809543163733653       0.43997962145994629       0.50767359596465989       0.59493097445351495     
   1.6690927487417033E-008   1.1546710105987745E-004   1.0008899798965418E-002  0.20262666293138154       0.34809543163733653       0.43997962145994629       0.50767359596465989       0.59493097445351495     
   9.5057059637003152E-009   1.1546710105987745E-004   1.0008899798965418E-002  0.20262666293138154       0.34809543163733653       0.43997962145994629       0.50767359596465989       0.59493097445351495     
   5.4136264109018059E-009   1.1546710105987745E-004   1.0008899798965418E-002  0.20262666293138154       0.34809543163733653       0.43997962145994629       0.50767359596465989       0.59493097445351495     
   3.0831324920768950E-009   1.1546710105987745E-004   1.0008899798965418E-002  0.20262666293138154       0.34809543163733653       0.43997962145994629       0.50767359596465989       0.59493097445351495     
   1.7558851021854787E-009   1.1546710105987745E-004   1.0008899798965418E-002  0.20262666293138154       0.34809543163733653       0.43997962145994629       0.50767359596465989       0.59493097445351495     
   1.0000000000000007E-009   1.1546710105987745E-004   1.0008899798965418E-002  0.20262666293138154       0.34809543163733653       0.43997962145994629       0.50767359596465989       0.59493097445351495     
