   955.67144507929390        1.0000000000000000E-050   1.0000000000000000E-050   1.0000000000000000E-050   1.0000000000000000E-050   1.0000000000000000E-050   4.5043201765623735E-007   1.2505115232167455E-004
   544.26764250679571        1.0000000000000000E-050   1.0000000000000000E-050   1.0000000000000000E-050   1.0000000000000000E-050   7.4436686676482136E-013   9.1974048574461470E-006   3.8229759464789980E-004
   309.96768628503588        1.0000000000000000E-050   1.0000000000000000E-050   1.0000000000000000E-050   1.0000000000000000E-050   5.5020705068649625E-009   3.9330128545875107E-005   3.8229759464789980E-004
   176.53073421446078        1.0000000000000000E-050   1.0000000000000000E-050   1.0000000000000000E-050   1.0000000000000000E-050   8.5649360243858639E-008   5.8940144765006231E-005   4.0967668608437848E-004
   100.53660914073507        1.0000000000000000E-050   1.0000000000000000E-050   1.0000000000000000E-050   1.0000000000000000E-050   3.0955981843296635E-007   6.3793054932258575E-005   4.0967668608437848E-004
   57.256940682281140        1.0000000000000000E-050   1.0000000000000000E-050   1.0000000000000000E-050   1.2890335440565139E-011   8.3878608496529330E-007   9.0072424777466769E-005   4.8413351935465242E-004
   32.608591878258899        1.0000000000000000E-050   1.0000000000000000E-050   1.0000000000000000E-050   2.4223578536357294E-010   1.5641655838027441E-006   9.8911496211899060E-005   4.8413351935465242E-004
   18.571028273816058        1.0000000000000000E-050   1.0000000000000000E-050   1.0000000000000000E-050   1.9114322470748401E-009   2.6788706581420715E-006   1.0980391241734515E-004   4.8413351935465242E-004
   10.576448453661053        1.0000000000000000E-050   1.0000000000000000E-050   1.0000000000000000E-050   5.1167827320346800E-009   4.0636634456741468E-006   1.2873697676639250E-004   4.8413351935465242E-004
   6.0234285492239703        1.0000000000000000E-050   1.0000000000000000E-050   1.0000000000000000E-050   1.1734434734748907E-008   5.9484201624817218E-006   1.2908093761982759E-004   4.8413351935465242E-004
   3.4304229483619735        1.0000000000000000E-050   1.0000000000000000E-050   1.0000000000000000E-050   2.1485787160810829E-008   7.1041233915968323E-006   1.4006685671374782E-004   4.8413351935465242E-004
   1.9536716520302315        1.0000000000000000E-050   1.0000000000000000E-050   1.3517951715961099E-011   3.6456715800151313E-008   8.6643236577899446E-006   1.4945620935152726E-004   5.6153913901045289E-004
   1.1126420798254848        1.0000000000000000E-050   1.0000000000000000E-050   6.5566932012093444E-011   5.9774377725143987E-008   9.5764441906754469E-006   1.6249330458478355E-004   5.6153913901045289E-004
  0.63366451394833589        1.0000000000000000E-050   1.0000000000000000E-050   1.6283064304387279E-010   8.4339389554068279E-008   1.1160593867438825E-005   1.6905848815305396E-004   5.6153913901045289E-004
  0.36088039767501873        1.0000000000000000E-050   1.0000000000000000E-050   2.9425330372036843E-010   9.9708017720139263E-008   1.1936037433467662E-005   1.7565789524947811E-004   5.8456935587100644E-004
  0.20552620283972217        1.0000000000000000E-050   1.0000000000000000E-050   4.3921080147962715E-010   1.1635465967814884E-007   1.2266763663434885E-005   1.7834358084113373E-004   5.8456935587100644E-004
  0.11704991550068541        1.0000000000000000E-050   1.3483569142633792E-012   5.3559343922530299E-010   1.3028368871652458E-007   1.2545566962743027E-005   1.7992628159389250E-004   5.8456935587100644E-004
   6.6661489043331051E-002   1.0000000000000000E-050   5.8764467165294167E-012   6.8094535759928500E-010   1.4038151225104669E-007   1.3190326595227720E-005   1.8397844112534391E-004   5.8456935587100644E-004
   3.7964607684386788E-002   1.0000000000000000E-050   9.3050676429927890E-012   7.5623960258219281E-010   1.4514350916144161E-007   1.3202576353624650E-005   1.8397844112534391E-004   5.8456935587100644E-004
   2.1621350757594453E-002   8.1482098132997027E-013   1.2292799101393446E-011   8.2396564978351676E-010   1.5543310146227001E-007   1.3297912512324327E-005   1.8397844112534391E-004   5.8456935587100644E-004
   1.2313647818233240E-002   1.0048045105319058E-012   1.2532575116119381E-011   8.3646283757411931E-010   1.5543310146227001E-007   1.3297912512324327E-005   1.8397844112534391E-004   5.8456935587100644E-004
   7.0127867722705496E-003   1.0048045105319058E-012   1.2532575116119381E-011   8.3646283757411931E-010   1.5543310146227001E-007   1.3297912512324327E-005   1.8397844112534391E-004   5.8456935587100644E-004
   3.9938756605099194E-003   1.0048045105319058E-012   1.2532575116119381E-011   8.3646283757411931E-010   1.5543310146227001E-007   1.3297912512324327E-005   1.8397844112534391E-004   5.8456935587100644E-004
   2.2745654915227128E-003   1.0048045105319058E-012   1.2532575116119381E-011   8.3646283757411931E-010   1.5543310146227001E-007   1.3297912512324327E-005   1.8397844112534391E-004   5.8456935587100644E-004
   1.2953954041136629E-003   1.0048045105319058E-012   1.2532575116119381E-011   8.3646283757411931E-010   1.5543310146227001E-007   1.3297912512324327E-005   1.8397844112534391E-004   5.8456935587100644E-004
   7.3774497118367138E-004   1.0048045105319058E-012   1.2532575116119381E-011   8.3646283757411931E-010   1.5543310146227001E-007   1.3297912512324327E-005   1.8397844112534391E-004   5.8456935587100644E-004
   4.2015560714390185E-004   1.0048045105319058E-012   1.2532575116119381E-011   8.3646283757411931E-010   1.5543310146227001E-007   1.3297912512324327E-005   1.8397844112534391E-004   5.8456935587100644E-004
   2.3928422572806819E-004   1.0048045105319058E-012   1.2532575116119381E-011   8.3646283757411931E-010   1.5543310146227001E-007   1.3297912512324327E-005   1.8397844112534391E-004   5.8456935587100644E-004
   1.3627556007522420E-004   1.0048045105319058E-012   1.2532575116119381E-011   8.3646283757411931E-010   1.5543310146227001E-007   1.3297912512324327E-005   1.8397844112534391E-004   5.8456935587100644E-004
   7.7610750216860799E-005   1.0048045105319058E-012   1.2532575116119381E-011   8.3646283757411931E-010   1.5543310146227001E-007   1.3297912512324327E-005   1.8397844112534391E-004   5.8456935587100644E-004
   4.4200358053190338E-005   1.0048045105319058E-012   1.2532575116119381E-011   8.3646283757411931E-010   1.5543310146227001E-007   1.3297912512324327E-005   1.8397844112534391E-004   5.8456935587100644E-004
   2.5172693815885867E-005   1.0048045105319058E-012   1.2532575116119381E-011   8.3646283757411931E-010   1.5543310146227001E-007   1.3297912512324327E-005   1.8397844112534391E-004   5.8456935587100644E-004
   1.4336185086686174E-005   1.0048045105319058E-012   1.2532575116119381E-011   8.3646283757411931E-010   1.5543310146227001E-007   1.3297912512324327E-005   1.8397844112534391E-004   5.8456935587100644E-004
   8.1646487397395864E-006   1.0048045105319058E-012   1.2532575116119381E-011   8.3646283757411931E-010   1.5543310146227001E-007   1.3297912512324327E-005   1.8397844112534391E-004   5.8456935587100644E-004
   4.6498764239057483E-006   1.0048045105319058E-012   1.2532575116119381E-011   8.3646283757411931E-010   1.5543310146227001E-007   1.3297912512324327E-005   1.8397844112534391E-004   5.8456935587100644E-004
   2.6481666813610068E-006   1.0048045105319058E-012   1.2532575116119381E-011   8.3646283757411931E-010   1.5543310146227001E-007   1.3297912512324327E-005   1.8397844112534391E-004   5.8456935587100644E-004
   1.5081662678639640E-006   1.0048045105319058E-012   1.2532575116119381E-011   8.3646283757411931E-010   1.5543310146227001E-007   1.3297912512324327E-005   1.8397844112534391E-004   5.8456935587100644E-004
   8.5892081776126024E-007   1.0048045105319058E-012   1.2532575116119381E-011   8.3646283757411931E-010   1.5543310146227001E-007   1.3297912512324327E-005   1.8397844112534391E-004   5.8456935587100644E-004
   4.8916686900082311E-007   1.0048045105319058E-012   1.2532575116119381E-011   8.3646283757411931E-010   1.5543310146227001E-007   1.3297912512324327E-005   1.8397844112534391E-004   5.8456935587100644E-004
   2.7858706039021419E-007   1.0048045105319058E-012   1.2532575116119381E-011   8.3646283757411931E-010   1.5543310146227001E-007   1.3297912512324327E-005   1.8397844112534391E-004   5.8456935587100644E-004
   1.5865904895683008E-007   1.0048045105319058E-012   1.2532575116119381E-011   8.3646283757411931E-010   1.5543310146227001E-007   1.3297912512324327E-005   1.8397844112534391E-004   5.8456935587100644E-004
   9.0358445868328011E-008   1.0048045105319058E-012   1.2532575116119381E-011   8.3646283757411931E-010   1.5543310146227001E-007   1.3297912512324327E-005   1.8397844112534391E-004   5.8456935587100644E-004
   5.1460340859354975E-008   1.0048045105319058E-012   1.2532575116119381E-011   8.3646283757411931E-010   1.5543310146227001E-007   1.3297912512324327E-005   1.8397844112534391E-004   5.8456935587100644E-004
   2.9307350916813654E-008   1.0048045105319058E-012   1.2532575116119381E-011   8.3646283757411931E-010   1.5543310146227001E-007   1.3297912512324327E-005   1.8397844112534391E-004   5.8456935587100644E-004
   1.6690927487417033E-008   1.0048045105319058E-012   1.2532575116119381E-011   8.3646283757411931E-010   1.5543310146227001E-007   1.3297912512324327E-005   1.8397844112534391E-004   5.8456935587100644E-004
   9.5057059637003152E-009   1.0048045105319058E-012   1.2532575116119381E-011   8.3646283757411931E-010   1.5543310146227001E-007   1.3297912512324327E-005   1.8397844112534391E-004   5.8456935587100644E-004
   5.4136264109018059E-009   1.0048045105319058E-012   1.2532575116119381E-011   8.3646283757411931E-010   1.5543310146227001E-007   1.3297912512324327E-005   1.8397844112534391E-004   5.8456935587100644E-004
   3.0831324920768950E-009   1.0048045105319058E-012   1.2532575116119381E-011   8.3646283757411931E-010   1.5543310146227001E-007   1.3297912512324327E-005   1.8397844112534391E-004   5.8456935587100644E-004
   1.7558851021854787E-009   1.0048045105319058E-012   1.2532575116119381E-011   8.3646283757411931E-010   1.5543310146227001E-007   1.3297912512324327E-005   1.8397844112534391E-004   5.8456935587100644E-004
   1.0000000000000007E-009   1.0048045105319058E-012   1.2532575116119381E-011   8.3646283757411931E-010   1.5543310146227001E-007   1.3297912512324327E-005   1.8397844112534391E-004   5.8456935587100644E-004
