   955.67144507929390       -1.0302879197800292       -0.0000000000000000       -0.0000000000000000       -0.0000000000000000       -0.0000000000000000       0.21883294694208663       0.37266191647737490     
   544.26764250679571      -0.99905734470892826       -0.0000000000000000       -0.0000000000000000       -0.0000000000000000        1.5372528503365394E-002  0.24379870721728958       0.37551919645138832     
   309.96768628503588       -1.0139263349703149       -0.0000000000000000       -0.0000000000000000       -0.0000000000000000        5.9674461996441809E-002  0.28266008343967142       0.38431234408353915     
   176.53073421446078       -1.0926253954418903       -0.0000000000000000       -0.0000000000000000       -0.0000000000000000       0.12355707792244432       0.31291031984158935       0.50779585613883826     
   100.53660914073507      -0.97816342875966389       -7.5899931954703084E-002  -0.0000000000000000       -0.0000000000000000       0.16649590684915408       0.31380224201126383       0.49508024849874449     
   57.256940682281140      -0.85683614895278781      -0.11123696275671439       -0.0000000000000000        4.5785592306706521E-002  0.19566153618122795       0.31784025195087251       0.47341838759469140     
   32.608591878258899      -0.67474659676997228       -9.7555323422381629E-002  -0.0000000000000000        7.5205801213130100E-002  0.21736495136814579       0.32085856430568555       0.44684591581306582     
   18.571028273816058      -0.56777602535092064       -7.9186620964359702E-002  -0.0000000000000000        9.8870310597069438E-002  0.23013311627502858       0.31629842005835862       0.41929188941274020     
   10.576448453661053      -0.49059377647445934       -3.3314791221514720E-002  -0.0000000000000000       0.12170256111975379       0.24063114067234806       0.31082010982566766       0.39334102362553403     
   6.0234285492239703      -0.39340218461660953       -3.2315213296999566E-002  -0.0000000000000000       0.14400316156329690       0.24536698227296772       0.30662435740388255       0.37213193509318210     
   3.4304229483619735      -0.31285194765259661       -1.0863436041229536E-002   2.5916865954470907E-003  0.16051289110776909       0.24692093127474088       0.30160957054220988       0.34970071714167333     
   1.9536716520302315      -0.22932476274442240       -0.0000000000000000        7.2924190074310724E-002  0.17522223796600028       0.24783073146929188       0.29546401303247188       0.32797198024752516     
   1.1126420798254848      -0.15134487958971710       -0.0000000000000000       0.11326702155741657       0.18864910802836213       0.24904451379910655       0.29027863592136494       0.30424643831812148     
  0.63366451394833589      -0.13144647088414518       -0.0000000000000000       0.13605226188448066       0.19819741121091911       0.25017398029827298       0.28443726769575067       0.29591093895431153     
  0.36088039767501873      -0.11468868648888965       -0.0000000000000000       0.15236580490266843       0.20554667813209224       0.25090375230341494       0.28028571062540042       0.29389002680590248     
  0.20552620283972217       -6.0640352137834218E-002  -0.0000000000000000       0.16501651901864373       0.21202423421767386       0.25102464538751806       0.27870298575547547       0.29478535220543750     
  0.11704991550068541       -4.9523700546134980E-003   7.0727096360910402E-002  0.17608048365380438       0.21767807773838105       0.25203297046413348       0.27865436226846063       0.30474521111653335     
   6.6661489043331051E-002  -0.0000000000000000       0.12440928113407433       0.18593093313819753       0.22194839829955057       0.25334384028343299       0.28175534337446084       0.37140492184492768     
   3.7964607684386788E-002  -0.0000000000000000       0.14605882951114837       0.19522701797450914       0.22663639975428806       0.25473735080732990       0.28500988521094250       0.42574170671078904     
   2.1621350757594453E-002   1.3658844449822074E-002  0.16443232075391798       0.20135128202548433       0.22977054357300353       0.25640147765733384       0.28921426821601642       0.43647787635233964     
   1.2313647818233240E-002  -1.0853617777879640E-002  0.17152561217168591       0.20718885773704301       0.23317636383529730       0.26029785351854789       0.29254479805532552       0.37377199674310152     
   7.0127867722705496E-003  -3.0194365328615771E-002  0.16680706129527062       0.20928492847657620       0.23661510384375808       0.26680851084733659       0.30329932333761872       0.37966861481053599     
   3.9938756605099194E-003  -3.7847968942069571E-002  0.14633701128043949       0.20752358084997682       0.24113863532807397       0.27560295335727164       0.33902607413135311       0.51761093569001804     
   2.2745654915227128E-003  -8.9532585600349782E-002   9.5899338301391981E-002  0.20615812939524306       0.24568881545250246       0.28690888785404367       0.39724781936315268       0.70732534390402013     
   1.2953954041136629E-003 -0.12552088173956436        6.9968995352548538E-002  0.20181366799510372       0.25128456132065258       0.30488448543025209       0.48162765746289543       0.99426038929997673     
   7.3774497118367138E-004 -0.24374627957575337        4.3907863940802934E-002  0.19864740029094341       0.25866456856802206       0.33819113615376428       0.65117489866304279        1.3382102254265045     
   4.2015560714390185E-004 -0.26197631839211083        2.2381392944954902E-002  0.19433867426126974       0.26731412310279840       0.39075433857491126       0.75737241024238744        1.5031062414500689     
   2.3928422572806819E-004 -0.61844963151520782        1.3865523328271607E-002  0.19000211743921419       0.27640173369931020       0.45826247491265476       0.97270741431517149        1.9818896545900913     
   1.3627556007522420E-004 -0.33037682261385781       -1.0721518231232876E-002  0.18665765051107677       0.28745398680349449       0.52129122416932772       0.99609943979463589        1.9743526066427863     
   7.7610750216860799E-005 -0.50642615501798993       -3.4896492128424723E-002  0.17714770472118160       0.29648519016010788       0.56532208401985495        1.1155004678016374        1.9445086723768719     
   4.4200358053190338E-005 -0.71211965327667170      -0.10212377511853550       0.16343967593674658       0.30366980807451066       0.57987007199591589        1.1577174839517679        2.0398191767584755     
   2.5172693815885867E-005  -1.4897131074301764      -0.22502896061198935       0.13693120580604828       0.30636240376363577       0.59484636453560968        1.1274995599224862        2.0765537955801148     
   1.4336185086686174E-005  -1.6829416195000140      -0.44504081439869325        8.2037764234711555E-002  0.29569283415226394       0.56847622200217052        1.1205695729521443        2.2999040180089008     
   8.1646487397395864E-006  -2.3413554434942405      -0.72479570405633953       -4.0333911527843233E-003  0.28257514244873405       0.54794774162648552        1.1600166548582589        2.3470445054656599     
   4.6498764239057483E-006  -2.6550984132999562      -0.89307682377044073       -9.3168266143281248E-002  0.24095134470341525       0.51747539979433166        1.1889189823470163        1.8756552879599107     
   2.6481666813610068E-006  -2.5311732779254381       -1.0008719409599900      -0.24916197123230338       0.19575502638561840       0.47161452219580363        1.0513809232502103        2.2039644940880585     
   1.5081662678639640E-006  -2.6728178234612705       -1.2835380896082964      -0.38610780700128755       0.13733241597578613       0.43880399638715900        1.0313767192896073        2.2825867367890211     
   8.5892081776126024E-007  -2.4961411446828974       -1.3155799169914877      -0.50511513528253549        4.7106682063022723E-002  0.38805529162634633        1.0293778336345043        1.8213682218752316     
   4.8916686900082311E-007  -2.7829911121820388       -1.5214695743994493      -0.63540616138189066       -3.8215431175165689E-002  0.34083546705259976       0.96041974050117096        2.2331219463500283     
   2.7858706039021419E-007  -3.3252158396056553       -1.7960024980991789      -0.77214411128760607      -0.14000062018719894       0.28635776839215343       0.82656068163094298        1.4748345144397421     
   1.5865904895683008E-007  -3.2822992181632591       -1.8976972107543368      -0.86286997932156417      -0.26399952741096955       0.20696455501143937       0.75950003964148149        1.4810274851122209     
   9.0358445868328011E-008  -3.5157900801439457       -2.0743988319380864      -0.97507617118814383      -0.35619409621626758       0.13461163192788095       0.75067297640024488        1.8784940583638006     
   5.1460340859354975E-008  -3.3284718843396073       -2.2670126670309925       -1.0538526912093706      -0.41538155565865398        4.3824088458467664E-002  0.75113656430524522        1.6433386828491701     
   2.9307350916813654E-008  -3.7557740197058243       -2.3948026661950403       -1.0885991706456393      -0.44871467271945764       -6.8666603867617686E-003  0.80897246703969106        1.8952756821394965     
   1.6690927487417033E-008  -4.1384782796465442       -2.5294343165467046       -1.0837974207159777      -0.47922733837432918       -7.1637605271162794E-002  0.87932777411015706        2.1067818921823380     
   9.5057059637003152E-009  -3.8294170699504613       -2.5888969031738993       -1.0283496063243682      -0.48922460279187185      -0.11373777518317134       0.73890264158189212        2.1246205809505572     
   5.4136264109018059E-009  -4.2759303168418867       -2.2691584706078531       -1.0528926820314903      -0.47706685586890524      -0.10108887148984844       0.77395326460666869        2.5595645663321762     
   3.0831324920768950E-009  -3.8150092992686613       -2.1406688418921047       -1.1884654275172863      -0.42261578990202164       -7.5514736054058465E-002  0.82639498856327087        2.0230278942404718     
   1.7558851021854787E-009  -4.7908212274219109       -3.8079955475073088       -1.7647637956371796      -0.37932800434663455       -4.6513508538710759E-002   1.1706690858986830        3.7114174782820970     
   1.0000000000000007E-009  -9.9134995687042498       -6.5594657415902660       -1.9364388987347601      -0.31351381011405388       -1.9773229553828316E-002   1.4621832964026880        5.6804271197407745     
