#  lambda [mu]          flux [Jy]
      6.030151     8.2816137E-009     0.0000000E+000
      6.090755     6.8126651E-009     0.0000000E+000
      6.151969     7.2729492E-009     0.0000000E+000
      6.213798     9.8751732E-009     0.0000000E+000
      6.276248     1.5285694E-008     0.0000000E+000
      6.339326     1.6318587E-008     0.0000000E+000
      6.403038     1.2320799E-008     0.0000000E+000
      6.467390     1.4224817E-008     0.0000000E+000
      6.532389     1.0946158E-008     0.0000000E+000
      6.598041     1.2924697E-008     0.0000000E+000
      6.664353     1.6435596E-008     0.0000000E+000
      6.731331     2.5978942E-008     0.0000000E+000
      6.798983     3.1513158E-008     0.0000000E+000
      6.867314     3.4179420E-008     0.0000000E+000
      6.936333     4.9294419E-008     0.0000000E+000
      7.006044     4.7668296E-008     0.0000000E+000
      7.076457     5.3355986E-008     0.0000000E+000
      7.147577     6.0851291E-008     0.0000000E+000
      7.219412     5.8506572E-008     0.0000000E+000
      7.291969     4.1951076E-008     0.0000000E+000
      7.365255     2.8971555E-008     0.0000000E+000
      7.439278     2.8198943E-008     0.0000000E+000
      7.514044     3.2207205E-008     0.0000000E+000
      7.589562     5.6427318E-008     0.0000000E+000
      7.665839     3.6544794E-008     0.0000000E+000
      7.742883     3.6284611E-008     0.0000000E+000
      7.820701     4.2896224E-008     0.0000000E+000
      7.899301     3.7851570E-008     0.0000000E+000
      7.978691     5.6551484E-008     0.0000000E+000
      8.058879     6.3431691E-008     0.0000000E+000
      8.139872     9.6211215E-008     0.0000000E+000
      8.221680     1.0223871E-007     0.0000000E+000
      8.304310     1.4457977E-007     0.0000000E+000
      8.387771     1.3549089E-007     0.0000000E+000
      8.472070     1.6414984E-007     0.0000000E+000
      8.557216     1.7700613E-007     0.0000000E+000
      8.643218     1.2246851E-007     0.0000000E+000
      8.730085     1.4103092E-007     0.0000000E+000
      8.817824     1.0012081E-007     0.0000000E+000
      8.906446     8.7373861E-008     0.0000000E+000
      8.995958     7.6614960E-008     0.0000000E+000
      9.086369     6.9441118E-008     0.0000000E+000
      9.177690     4.9232611E-008     0.0000000E+000
      9.269928     6.8240097E-008     0.0000000E+000
      9.363093     4.7519000E-008     0.0000000E+000
      9.457194     9.3086172E-008     0.0000000E+000
      9.552242     5.3046507E-008     0.0000000E+000
      9.648244     8.1124030E-008     0.0000000E+000
      9.745211     1.0626126E-007     0.0000000E+000
      9.843153     1.5304481E-007     0.0000000E+000
      9.942079     1.5182423E-007     0.0000000E+000
     10.042000     1.5306535E-007     0.0000000E+000
     10.142920     4.0047631E-007     0.0000000E+000
     10.244860     3.2038498E-007     0.0000000E+000
     10.347830     7.9263386E-008     0.0000000E+000
     10.451820     8.9438996E-008     0.0000000E+000
     10.556870     1.0353399E-007     0.0000000E+000
     10.662970     8.9079275E-008     0.0000000E+000
     10.770130     7.8640317E-008     0.0000000E+000
     10.878380     1.0777743E-007     0.0000000E+000
     10.987710     1.0830177E-007     0.0000000E+000
     11.098140     3.0551885E-007     0.0000000E+000
     11.209670     9.7487907E-008     0.0000000E+000
     11.322330     3.4156158E-007     0.0000000E+000
     11.436130     2.0367446E-007     0.0000000E+000
     11.551060     1.8912647E-007     0.0000000E+000
     11.667150     2.3330131E-007     0.0000000E+000
     11.784410     1.0999143E-007     0.0000000E+000
     11.902850     3.4182628E-007     0.0000000E+000
     12.022470     8.8980785E-008     0.0000000E+000
     12.143300     2.6788423E-007     0.0000000E+000
     12.265350     1.0102473E-007     0.0000000E+000
     12.388620     1.4871354E-007     0.0000000E+000
     12.513130     2.0309010E-007     0.0000000E+000
     12.638890     2.0239397E-007     0.0000000E+000
     12.765910     2.3241808E-007     0.0000000E+000
     12.894210     2.0849085E-007     0.0000000E+000
     13.023800     2.1187824E-007     0.0000000E+000
     13.154690     2.5463585E-007     0.0000000E+000
     13.286900     2.9602880E-007     0.0000000E+000
     13.420440     2.1645713E-007     0.0000000E+000
     13.555320     3.2002785E-007     0.0000000E+000
     13.691550     3.4206126E-007     0.0000000E+000
     13.829150     3.7583448E-007     0.0000000E+000
     13.968140     4.6665298E-007     0.0000000E+000
     14.108520     3.2767598E-007     0.0000000E+000
     14.250320     4.3576637E-007     0.0000000E+000
     14.393540     4.4011535E-007     0.0000000E+000
     14.538200     4.2395803E-007     0.0000000E+000
     14.684310     4.6919193E-007     0.0000000E+000
     14.831890     5.2017725E-007     0.0000000E+000
     14.980950     5.2757203E-007     0.0000000E+000
     15.131520     5.1584602E-007     0.0000000E+000
     15.283590     5.3736216E-007     0.0000000E+000
     15.437190     4.4515535E-007     0.0000000E+000
     15.592340     4.1972532E-007     0.0000000E+000
     15.749050     3.4251732E-007     0.0000000E+000
     15.907330     2.3354677E-007     0.0000000E+000
     15.993430     2.9923677E-007     0.0000000E+000
