   6.0301510000000009        3.1510579634997458E-009   8.8040048548343840E-009   1.0534932502726951E-008   1.2168033074589499E-008   1.4017621339386738E-008   1.6071727093001904E-008   1.8708792157422862E-008
   6.0907549999999997        2.7826677176452137E-009   7.2395193044120569E-009   9.3941711591957822E-009   1.1408556527001932E-008   1.3791765988053864E-008   1.6674003521398663E-008   2.0104199307550016E-008
   6.1519690000000002        2.7851191814991884E-009   7.5831412823329602E-009   1.2122779964331829E-008   1.5917916356848499E-008   2.0347669911195827E-008   2.4776497045960748E-008   2.9332435468403106E-008
   6.2137979999999997        4.7880931615630407E-009   9.4202034297494395E-009   1.1903403700035756E-008   1.4415774436707451E-008   1.7621058648499189E-008   2.0905285373111514E-008   2.3259642345580416E-008
   6.2762479999999998        8.4271527320082508E-009   1.1754000487669683E-008   1.3878939556561671E-008   1.6239114074960372E-008   1.9093834901224073E-008   2.2022162078165328E-008   2.3856744319840512E-008
   6.3393259999999998        7.1086876993809296E-009   1.4164649346297177E-008   1.6391205725560436E-008   1.8828378655179366E-008   2.1751881227436734E-008   2.4441283427609834E-008   2.6448928686602221E-008
   6.4030379999999996        4.6838848520797840E-009   1.3035299622121382E-008   1.5483355404061726E-008   1.7574275638764963E-008   1.9850768760537399E-008   2.2155030682331604E-008   2.3852751094348087E-008
   6.4673900000000000        4.6961874169003915E-009   1.0772097989524292E-008   1.2279441769368667E-008   1.3736264785404232E-008   1.6287739161124549E-008   2.1463023478915395E-008   2.5468433228640049E-008
   6.5323890000000011        4.6384621929735978E-009   1.1973805421659848E-008   1.3660035144695403E-008   1.5393399990720069E-008   1.8139338000561698E-008   2.4198398582768297E-008   3.0258862339148805E-008
   6.5980410000000012        5.4959874173319652E-009   1.5924599186339496E-008   1.9219789835347530E-008   2.1833390587246794E-008   2.4850477821340798E-008   3.0835786912507148E-008   3.9277383838354322E-008
   6.6643530000000002        7.8215347170437515E-009   1.8115974594365209E-008   2.2330384018724876E-008   2.5565952425157071E-008   2.8565650824663995E-008   3.1380161368074086E-008   3.4614301771855075E-008
   6.7313310000000008        1.1050921820189445E-008   2.4332776696333026E-008   2.8375046989264813E-008   3.1282897864893451E-008   3.4083198027011925E-008   3.6511259719089939E-008   3.9677515241431118E-008
   6.7989830000000007        1.3582960944992702E-008   2.8708984189184134E-008   3.4950052553427242E-008   4.0385384347477337E-008   4.5424323626240301E-008   4.8599488622729491E-008   5.1924894783303309E-008
   6.8673140000000004        1.4031554795035359E-008   3.2708896822413642E-008   3.7947129955222375E-008   4.6059095832708412E-008   5.3472371052445593E-008   5.6793265912722086E-008   5.9948869982474989E-008
   6.9363330000000003        2.4107019896464538E-008   4.3371860791341373E-008   4.9934573772987666E-008   5.7896466929986577E-008   6.4211161349646327E-008   6.8033465365227852E-008   7.2588208465970600E-008
   7.0060440000000010        1.8534749688416985E-008   4.5754837571682044E-008   5.1129849312502407E-008   6.2666935320595476E-008   7.2399091655218628E-008   7.6679858308761029E-008   8.3008665362266345E-008
   7.0764570000000004        2.9491152052147869E-008   5.1520695014872126E-008   5.5365670822395996E-008   6.2507040505002040E-008   6.9092265678517955E-008   7.3307344705437851E-008   7.9690957037610855E-008
   7.1475770000000001        2.9500840044299167E-008   5.6518596773409004E-008   6.2321637464824564E-008   7.1916335250427400E-008   7.9488951702317248E-008   8.4619134597940166E-008   9.3977157958321889E-008
   7.2194120000000011        3.9633518644066457E-008   5.6563882980369491E-008   6.0772667046603906E-008   6.6796046160660636E-008   7.2955276674652176E-008   7.7217126443113563E-008   8.3333771891631389E-008
   7.2919690000000008        3.0022894977710804E-008   4.1412147752821825E-008   4.7119059305796360E-008   5.1355067189652534E-008   5.4794176764552635E-008   5.8105169422014222E-008   6.0395987004495084E-008
   7.3652550000000012        2.4571817482045373E-008   2.8727693915811413E-008   3.1284301394356680E-008   3.3853442626855078E-008   3.6263256009565928E-008   3.8555037373678668E-008   4.1204020270242847E-008
   7.4392779999999998        2.3180348928342103E-008   2.6198900109350590E-008   2.8610800808762675E-008   3.0992831895765619E-008   3.3371276003492320E-008   3.5666131349029206E-008   3.7890470775743221E-008
   7.5140440000000002        2.4424710067619175E-008   2.8565539073767538E-008   3.2696842164508530E-008   3.6727918193859044E-008   4.0655299962692783E-008   4.4738255495536587E-008   4.9311589110748310E-008
   7.5895620000000008        3.9201675449579540E-008   4.7039038895952370E-008   5.6977976926372857E-008   6.4902355093053569E-008   7.2840943028065062E-008   8.1025401368787542E-008   8.8222631138737293E-008
   7.6658390000000001        2.9040399803013454E-008   3.5164328157852043E-008   3.9410446676776205E-008   4.3447671464121530E-008   4.7651524772779494E-008   5.3078249970611511E-008   6.1682113229083034E-008
   7.7428830000000000        2.8214694688187942E-008   3.1130494188358138E-008   3.4189764362102344E-008   3.7484649842159528E-008   4.1248450758701299E-008   4.5358814922809550E-008   5.0529873885770092E-008
   7.8207009999999997        3.2504159810257224E-008   3.6930990259139207E-008   4.1892391799991620E-008   4.6444356629866481E-008   5.0723538899265244E-008   5.5175679326703808E-008   6.3046742236101222E-008
   7.8993010000000004        3.1223422172159397E-008   3.4832822556858552E-008   3.9089299194081790E-008   4.3089734749339263E-008   4.6942151838660182E-008   5.1079067339682634E-008   5.6980909045302776E-008
   7.9786910000000013        4.5750019443475262E-008   4.9984869474112930E-008   5.4665078964954120E-008   5.8746918258719765E-008   6.2648862095730840E-008   6.7097602373869631E-008   7.5118271864170345E-008
   8.0588790000000010        5.2309726311612253E-008   5.6885391547551510E-008   6.1689851376162442E-008   6.6081295769199585E-008   7.0452646958301235E-008   7.5160265142347435E-008   8.4363905583374791E-008
   8.1398720000000022        8.0527887574885343E-008   8.6532716840363397E-008   9.3675356179771696E-008   9.9899005964394449E-008   1.0559940983581789E-007   1.1184082208075442E-007   1.2162819226744297E-007
   8.2216799999999992        8.9080920658766590E-008   9.4843665829805344E-008   1.0101701858357100E-007   1.0615264882897608E-007   1.1132749010575963E-007   1.1671791239423738E-007   1.2384518615198425E-007
   8.3043099999999992        1.2310580412138297E-007   1.3171188944934717E-007   1.3926631447541426E-007   1.4605942729424245E-007   1.5258895775658417E-007   1.6030889498029608E-007   1.6923313078091111E-007
   8.3877710000000008        1.2441817483083097E-007   1.3024826155851366E-007   1.3526491565628684E-007   1.3935861637269154E-007   1.4351283528291735E-007   1.4771037868301284E-007   1.5204799762524335E-007
   8.4720700000000004        1.4899870305953120E-007   1.5616707837069334E-007   1.6163074183690364E-007   1.6692534451126705E-007   1.7374979624417877E-007   1.9290209032370071E-007   2.0441955765897563E-007
   8.5572160000000004        1.5947131355822881E-007   1.6649205772116446E-007   1.7158646380300428E-007   1.7640578266711693E-007   1.8109701231637219E-007   1.8560650069382866E-007   1.8905701390794231E-007
   8.6432179999999992        1.0887150573845795E-007   1.1879057974244325E-007   1.2411377698586157E-007   1.2902118406219036E-007   1.3386972282296818E-007   1.3903635369272817E-007   1.4469200571804974E-007
   8.7300850000000008        1.2538341327042919E-007   1.3290739026056380E-007   1.3860975551912940E-007   1.4424215682641258E-007   1.4977210096111893E-007   1.5559968818819979E-007   1.6394874452603343E-007
   8.8178239999999999        8.7375593404963958E-008   9.3393774594555729E-008   9.8655966171365223E-008   1.0370150412870794E-007   1.0896994038627505E-007   1.1469694759452175E-007   1.2025776055619923E-007
   8.9064460000000008        7.6520991809412159E-008   8.5803884840347483E-008   9.1719183566163589E-008   9.7120191300078485E-008   1.0265246030922024E-007   1.0847157771132011E-007   1.1348245283967718E-007
   8.9959579999999999        6.4504831777859449E-008   7.1177429453741836E-008   7.6420150629905508E-008   8.2139629838484675E-008   8.8048221592012704E-008   9.4774997364643808E-008   1.0156552714374881E-007
   9.0863689999999995        6.1013047012428028E-008   6.6434337281452905E-008   7.1317440581030638E-008   7.6714703455907388E-008   8.2123469785327544E-008   8.8325238388971805E-008   9.4780680732129696E-008
   9.1776900000000001        4.3129471378786348E-008   4.8942880226833251E-008   5.3925591169165530E-008   5.9438279546328766E-008   6.4764871114722069E-008   7.1508617192011658E-008   7.8026279556680753E-008
   9.2699280000000002        5.8819300181736354E-008   6.3987418624120236E-008   6.9262237307269355E-008   7.5544657154196385E-008   8.1633844429755869E-008   8.8755303434149983E-008   9.6915445622161506E-008
   9.3630929999999992        3.5806617430202235E-008   4.0646486656690941E-008   4.5792087147125760E-008   5.1978953769767151E-008   5.8954524219713413E-008   6.8871098705575633E-008   8.2099200462640446E-008
   9.4571939999999994        7.3657304520017177E-008   8.1489542563998797E-008   8.7562236300028820E-008   9.3724311902028099E-008   1.0055476896848589E-007   1.0846384571489313E-007   1.1727193508771509E-007
   9.5522419999999997        3.7020631551750237E-008   4.4961026526183117E-008   5.1293200605540134E-008   5.8113633629279814E-008   6.6016578443985163E-008   7.7557547942379552E-008   9.1115455096398479E-008
   9.6482440000000000        6.2403187996746944E-008   6.8988701373664307E-008   7.4445768944388118E-008   8.0880077220308196E-008   8.7710046864143467E-008   9.5526264293137956E-008   1.0729240110516825E-007
   9.7452110000000012        7.9822005189346039E-008   9.0066450515184985E-008   9.8033132322265415E-008   1.0595940606710239E-007   1.1504505288398967E-007   1.2555748937168935E-007   1.3504719190937686E-007
   9.8431530000000009        1.1965326003507133E-007   1.3061417796342566E-007   1.3870241795713915E-007   1.4661351370657535E-007   1.5428893568227470E-007   1.6338631454317754E-007   1.7105386879161017E-007
   9.9420790000000014        1.0812537085547852E-007   1.2524433409839450E-007   1.3652737387899898E-007   1.4767814399714812E-007   1.5889961055574405E-007   1.7233131394924990E-007   1.8281728476844966E-007
   10.042000000000000        1.1346199046519236E-007   1.2679002714943041E-007   1.3675583904577388E-007   1.4613084475278805E-007   1.5566009457338064E-007   1.6676186990063213E-007   1.7577890624197826E-007
   10.142920000000000        2.2615259214021932E-007   3.4329809955899113E-007   3.7335616075323326E-007   3.9076592418682189E-007   4.0838431160918120E-007   4.2883800610223379E-007   4.8513826037308890E-007
   10.244860000000001        1.7963759863418303E-007   2.7319807924685749E-007   2.9957059690813417E-007   3.1135433979996810E-007   3.2366857024812283E-007   3.3629193745181191E-007   3.6385321507592288E-007
   10.347830000000000        3.9111390611554152E-008   5.1533013078465813E-008   6.2615169190307431E-008   7.4181696257444909E-008   8.4571319575196638E-008   9.5754494322846532E-008   1.0864639039105947E-007
   10.451820000000000        7.0722677695027972E-008   7.9485021869933764E-008   8.7255859038119687E-008   9.4720444229025916E-008   1.0270277442244887E-007   1.1127242770088509E-007   1.2071633283870483E-007
   10.556870000000000        8.3148780405776647E-008   8.9725638098004163E-008   9.6743403710599247E-008   1.0422640989378710E-007   1.1267343450995329E-007   1.2202039202149261E-007   1.3349512857679636E-007
   10.662970000000000        7.2152785702361915E-008   7.7644080717385213E-008   8.3589986267805796E-008   8.9101093114098784E-008   9.5368686105099965E-008   1.0375912117750937E-007   1.1710852262503970E-007
   10.770130000000002        3.2716711988920818E-008   4.5193327304038024E-008   5.4778811527645966E-008   6.4345490201687547E-008   7.3629572377944778E-008   8.2383580362654658E-008   1.1481873993976518E-007
   10.878380000000000        8.7210914080222601E-008   9.5154278322747236E-008   1.0149279556680408E-007   1.0875789916037648E-007   1.1657555663357632E-007   1.2547919510431566E-007   1.3843990477865294E-007
   10.987710000000002        8.0361198493540096E-008   9.0089964325121708E-008   9.7977795035095437E-008   1.0692963291444894E-007   1.1677163981186910E-007   1.2944573853537764E-007   1.4482142800016082E-007
   11.098140000000003        2.7152583731128877E-007   2.8601157159177781E-007   2.9336508196794450E-007   3.0089081566906352E-007   3.0839657924816733E-007   3.1679900094807138E-007   3.2708840530800525E-007
   11.209670000000001        5.6431748798501577E-008   7.0558081820854605E-008   8.1897112583214548E-008   9.4023828539585696E-008   1.0764582801857183E-007   1.2696914866734244E-007   1.5106875971890655E-007
   11.322330000000001        2.8627181235638672E-007   3.1315851895909223E-007   3.2388171436562663E-007   3.3397979875914548E-007   3.4368096155403373E-007   3.5474596594691062E-007   3.6429278484774745E-007
   11.436130000000002        1.6308283542529523E-007   1.7745921442756091E-007   1.8807246126629363E-007   1.9785912505263436E-007   2.0859258695811674E-007   2.2131973764152661E-007   2.3403792426681211E-007
   11.551060000000000        1.5730750431354502E-007   1.6835477701003754E-007   1.7764990766540032E-007   1.8663914283028104E-007   1.9597254720925883E-007   2.0642376684148212E-007   2.1525371124723649E-007
   11.667149999999999        1.9309632893405293E-007   2.0630575845310433E-007   2.1577311433187878E-007   2.2518864068987566E-007   2.3505419309797079E-007   2.4531198218474689E-007   2.5454291331160726E-007
   11.784409999999999        7.4937831211841023E-008   8.6261377976273842E-008   9.6220703732397857E-008   1.0667592919804990E-007   1.1863281402944714E-007   1.3693078126879378E-007   1.5752291348587750E-007
   11.902850000000001        2.9093883778093881E-007   3.2051720029968250E-007   3.2979482891493834E-007   3.3816235736273819E-007   3.4674011617625526E-007   3.5578171789208521E-007   3.6585740624025908E-007
   12.022470000000000        5.5021449247114247E-008   6.5700696247740457E-008   7.5304159795853144E-008   8.6215179908891865E-008   9.9318775256245620E-008   1.2208071064735965E-007   1.5131475853882357E-007
   12.143300000000000        2.4223236811274208E-007   2.4998062493261806E-007   2.5883867620504261E-007   2.6696462696424352E-007   2.7623271797264268E-007   2.8446648379796259E-007   2.9383546805049821E-007
   12.265350000000000        6.5978929828424512E-008   7.5192567918429839E-008   8.4452387712659755E-008   9.5115725945767897E-008   1.0748123904628183E-007   1.2936747127567247E-007   1.6068451740205076E-007
   12.388620000000001        1.2166355470404385E-007   1.3119834416643174E-007   1.4005251202822043E-007   1.4900861411841413E-007   1.5934470965662008E-007   1.7315437749104878E-007   1.8787085292393083E-007
   12.513130000000000        1.8036169616816134E-007   1.8782334081138428E-007   1.9571779563768566E-007   2.0417472327398434E-007   2.1394673015618038E-007   2.2358666287931114E-007   2.3619906107593615E-007
   12.638890000000000        1.6949978961597602E-007   1.8207978479214602E-007   1.9258073262850576E-007   2.0302568477506008E-007   2.1475201033443100E-007   2.2723744097026615E-007   2.4213594958265188E-007
   12.765910000000002        2.1160488059521943E-007   2.1977735775774471E-007   2.2756593800684564E-007   2.3608785662884943E-007   2.4579887500620614E-007   2.5528564436634798E-007   2.6473687517254788E-007
   12.894209999999999        1.8188601146763943E-007   1.9049239933517205E-007   1.9980693124928288E-007   2.0968425581243733E-007   2.2061963129678990E-007   2.3175381497724196E-007   2.4599450194639448E-007
   13.023800000000001        1.8885128976876349E-007   1.9648999205868586E-007   2.0555500503713258E-007   2.1478518735741618E-007   2.2579057210347714E-007   2.3662175144179490E-007   2.5068588319012483E-007
   13.154690000000000        2.3429495912679075E-007   2.4192502808563695E-007   2.5027130800687749E-007   2.5885023934260020E-007   2.6891490717887113E-007   2.7929287848081255E-007   2.8753508787152328E-007
   13.286899999999999        2.7455345887772220E-007   2.8148283302190338E-007   2.8956594854628970E-007   2.9752891074461582E-007   3.0715793415038311E-007   3.1541977179954221E-007   3.2531992828081795E-007
   13.420439999999999        1.9802312376280753E-007   2.0537519886224881E-007   2.1474345673084487E-007   2.2439868720505802E-007   2.3545758655206092E-007   2.4575522976292750E-007   2.5620140189117451E-007
   13.555320000000000        2.9732417947628264E-007   3.0628933141307661E-007   3.1431446506477326E-007   3.2256519089973399E-007   3.3163611538738354E-007   3.4332576145158372E-007   3.5557530132675345E-007
   13.691549999999999        3.2374327791780450E-007   3.3000517731409491E-007   3.3764682462173423E-007   3.4606113160629537E-007   3.5557693555861977E-007   3.6687869328467055E-007   3.8325046562129002E-007
   13.829150000000002        3.5273467768447841E-007   3.5803790022219845E-007   3.6750613620660611E-007   3.7651280084271029E-007   3.8731783018469349E-007   3.9980403243130545E-007   4.1348361308552465E-007
   13.968140000000002        4.3518281225294134E-007   4.4627584568425398E-007   4.5888579232989264E-007   4.7154260084451293E-007   4.8436776368162904E-007   5.0388521652868727E-007   5.2212841192337114E-007
   14.108520000000002        3.0592733960365198E-007   3.1179762811740326E-007   3.2026484276548599E-007   3.2895170867897922E-007   3.3938201515184782E-007   3.4974568731854266E-007   3.6462619624387166E-007
   14.250320000000002        4.0019196942231229E-007   4.1320880765286297E-007   4.2479439652020379E-007   4.3600922455068125E-007   4.4758293012969041E-007   4.6164875689406164E-007   4.7482922137032133E-007
   14.393540000000002        3.8198403812358970E-007   4.2185276447664064E-007   4.3681416034037363E-007   4.5208770140251312E-007   4.6469245598868764E-007   4.7863829200210546E-007   4.9309771148730488E-007
   14.538200000000000        3.7373392055784195E-007   4.0508371658298007E-007   4.1851419932714296E-007   4.3273014730960927E-007   4.4626221345877947E-007   4.5894006330074092E-007   4.7013650624167754E-007
   14.684310000000000        4.1414426853230541E-007   4.3507573684137068E-007   4.5103324518170826E-007   4.6565332084512571E-007   4.7956654873459877E-007   4.9378642424883014E-007   5.1241246423261945E-007
   14.831890000000000        4.5643620845437487E-007   4.8358169873278801E-007   5.0339837570207073E-007   5.2090369067402605E-007   5.3719591833188025E-007   5.5541514659876727E-007   5.7173480076201423E-007
   14.980950000000000        3.2967143061788207E-007   3.7813501031450008E-007   4.5185019841910824E-007   5.2205331865536772E-007   5.4604560988681131E-007   5.6610485924232217E-007   5.8341495227746631E-007
   15.131520000000000        4.4752471875410305E-007   4.8912725821403844E-007   5.0982189553476884E-007   5.3053216917789127E-007   5.4940837188047165E-007   5.6947053369494167E-007   5.8872627090541308E-007
   15.283590000000002        4.7589048394923347E-007   4.9583371992340070E-007   5.1550665668740364E-007   5.3397529551841439E-007   5.5246275937074009E-007   5.7241764729274420E-007   5.9410331197177411E-007
   15.437190000000001        4.0331845658322003E-007   4.1555232210641465E-007   4.2922091670091279E-007   4.4352311483936244E-007   4.5745322119771834E-007   4.7114032028767935E-007   4.8809239558426223E-007
   15.592340000000000        3.7891989362533583E-007   4.0364806061419200E-007   4.1775220611772858E-007   4.3117902103877163E-007   4.4394117935053175E-007   4.5783262624676644E-007   4.7192141121824883E-007
   15.749050000000002        3.0060630131915986E-007   3.3092725055381877E-007   3.4523442306948754E-007   3.5972026067494792E-007   3.7369147393616390E-007   3.8901530221718071E-007   4.0629670962077896E-007
   15.907330000000000        2.0419751972756513E-007   2.1794149912811645E-007   2.2972356488618763E-007   2.4161471045473482E-007   2.5549141147430764E-007   2.6951481303325216E-007   2.8549672380716542E-007
   15.993430000000000        2.6713458203405648E-007   2.9293212858930793E-007   3.0364151769965576E-007   3.1453207151657685E-007   3.2732068306664390E-007   3.4085132004190585E-007   3.5547074418081982E-007
