   6.0301510000000009        7.1204081252243935E-010   1.9894304842698843E-009   2.3805661419123427E-009   2.7495959317764295E-009   3.1675451875989021E-009   3.6317090166218074E-009   4.2276034663257279E-009
   6.0907549999999997        6.4056644443135353E-010   1.6665278109970289E-009   2.1625258307585120E-009   2.6262346899183349E-009   3.1748463696819042E-009   3.8383336545754245E-009   4.6279602077226995E-009
   6.1519690000000002        6.5313280430092214E-010   1.7783075008209160E-009   2.8428892115722870E-009   3.7328791592967629E-009   4.7716919255624674E-009   5.8102874389996991E-009   6.8786915697235973E-009
   6.2137979999999997        1.1438670933287274E-009   2.2504701458722712E-009   2.8437023532419106E-009   3.4439033340813615E-009   4.2096401338719902E-009   4.9942361620930604E-009   5.5566879306541152E-009
   6.2762479999999998        2.0509234822645206E-009   2.8605813110694166E-009   3.3777295785048544E-009   3.9521273016694991E-009   4.6468831894625224E-009   5.3595527187723315E-009   5.8060365928934152E-009
   6.3393259999999998        1.7624390000155914E-009   3.5118057629164877E-009   4.0638302665233650E-009   4.6680723998944409E-009   5.3928890141397113E-009   6.0596657139693562E-009   6.5574161360272460E-009
   6.4030379999999996        1.1830070698918308E-009   3.2923208187495453E-009   3.9106253648655886E-009   4.4387283175108646E-009   5.0137013458125952E-009   5.5956879296959874E-009   6.0244805481189988E-009
   6.4673900000000000        1.2083239238141835E-009   2.7716491176589149E-009   3.1594870357206699E-009   3.5343260161037740E-009   4.1908176028932518E-009   5.5224126391608781E-009   6.5530002191738788E-009
   6.5323890000000011        1.2160085932367083E-009   3.1390253236382339E-009   3.5810834342957851E-009   4.0354983805194105E-009   4.7553671813303374E-009   6.3437965849516450E-009   7.9325938414910753E-009
   6.5980410000000012        1.4684290561064644E-009   4.2547666827487281E-009   5.1351823982495282E-009   5.8334895437585490E-009   6.6396010252695922E-009   8.2387680378304542E-009   1.0494211011873978E-008
   6.6643530000000002        2.1298265445612527E-009   4.9330323226206383E-009   6.0806282083859965E-009   6.9616828515043814E-009   7.7785094089606777E-009   8.5449087771358267E-009   9.4255745709986287E-009
   6.7313310000000008        3.0668751912539904E-009   6.7528836416135006E-009   7.8747030408862909E-009   8.6816959646837358E-009   9.4588411870465927E-009   1.0132682002087359E-008   1.1011387929849740E-008
   6.7989830000000007        3.8418274921806883E-009   8.1200973173119577E-009   9.8853315780470868E-009   1.1422669953683318E-008   1.2847892004381858E-008   1.3745961006061413E-008   1.4686524470986135E-008
   6.8673140000000004        4.0447834173033938E-009   9.4287771667610819E-009   1.0938767956880117E-008   1.3277150662308864E-008   1.5414126436890057E-008   1.6371418815223428E-008   1.7281063911533617E-008
   6.9363330000000003        7.0823857944971569E-009   1.2742190949722239E-008   1.4670246154977632E-008   1.7009365599629646E-008   1.8864555591858741E-008   1.9987507818159191E-008   2.1325642849898026E-008
   7.0060440000000010        5.5497001505071589E-009   1.3699976165131675E-008   1.5309369546130511E-008   1.8763819648337236E-008   2.1677835234356743E-008   2.2959588251841347E-008   2.4854568332382645E-008
   7.0764570000000004        8.9995705845601527E-009   1.5722143730840415E-008   1.6895483148525763E-008   1.9074755779700249E-008   2.1084314397806608E-008   2.2370595149239713E-008   2.4318629246594533E-008
   7.1475770000000001        9.1751243486276298E-009   1.7577979224567238E-008   1.9382796303129471E-008   2.2366865405508131E-008   2.4722042325427032E-008   2.6317592347997958E-008   2.9228052791155969E-008
   7.2194120000000011        1.2562847973066135E-008   1.7929355933051114E-008   1.9263436685517484E-008   2.1172699316817196E-008   2.3125023491545244E-008   2.4475924762917552E-008   2.6414750522118231E-008
   7.2919690000000008        9.6989849142137057E-009   1.3378316668595745E-008   1.5221951304767407E-008   1.6590406165383387E-008   1.7701420673146466E-008   1.8771046632256449E-008   1.9511102019659719E-008
   7.3652550000000012        8.0902054942539975E-009   9.4585167468694071E-009   1.0300272953332002E-008   1.1146155864918032E-008   1.1939580506102176E-008   1.2694143419371482E-008   1.3566313986307684E-008
   7.4392779999999998        7.7799489301088841E-009   8.7930559417316600E-009   9.6025547255475067E-009   1.0402028463587571E-008   1.1200298314849710E-008   1.1970513527979433E-008   1.2717061701027164E-008
   7.5140440000000002        8.3568658244050460E-009   9.7736422082550529E-009   1.1187159319151824E-008   1.2566383940938354E-008   1.3910129778350349E-008   1.5307104868761886E-008   1.6871861841792807E-008
   7.5895620000000008        1.3673392040461237E-008   1.6407033950834879E-008   1.9873696908406164E-008   2.2637689215042614E-008   2.5406637833646922E-008   2.8261345094193913E-008   3.0771710866095046E-008
   7.6658390000000001        1.0326001344923734E-008   1.2503508984529922E-008   1.4013316901587826E-008   1.5448847709244317E-008   1.6943627230652964E-008   1.8873227789579502E-008   2.1932534967895201E-008
   7.7428830000000000        1.0227353114020648E-008   1.1284281478034100E-008   1.2393215552418116E-008   1.3587556219478811E-008   1.4951870859412256E-008   1.6441808857966985E-008   1.8316230912576695E-008
   7.8207009999999997        1.2011173212960348E-008   1.3647007752795136E-008   1.5480380885160222E-008   1.7162455990318829E-008   1.8743730502492432E-008   2.0388917769431502E-008   2.3297490103765342E-008
   7.8993010000000004        1.1762127338213330E-008   1.3121819005108264E-008   1.4725269771750711E-008   1.6232267696251449E-008   1.7683505812133095E-008   1.9241916887067788E-008   2.1465190597704784E-008
   7.9786910000000013        1.7569356723499685E-008   1.9195664029242437E-008   2.0993002502221487E-008   2.2560549172420651E-008   2.4059010681758562E-008   2.5767458150581850E-008   2.8847631780026744E-008
   8.0588790000000010        2.0478896077801211E-008   2.2270237372446951E-008   2.4151150167784062E-008   2.5870370276501903E-008   2.7581724034843259E-008   2.9424723996088480E-008   3.3027885576526857E-008
   8.1398720000000022        3.2138834534675354E-008   3.4535373423053743E-008   3.7386014496391661E-008   3.9869885074068901E-008   4.2144927203221162E-008   4.4635886812911350E-008   4.8542045044953431E-008
   8.2216799999999992        3.6244538005174633E-008   3.8589238024227431E-008   4.1101002797745059E-008   4.3190547272965867E-008   4.5296045621434829E-008   4.7489257860979022E-008   5.0389146441783880E-008
   8.3043099999999992        5.1063970130143572E-008   5.4633752134014971E-008   5.7767308156289427E-008   6.0585073837989610E-008   6.3293506237847241E-008   6.6495716292943543E-008   7.0197466292542535E-008
   8.3877710000000008        5.2613645558404935E-008   5.5079058003830447E-008   5.7200488099941708E-008   5.8931621986192330E-008   6.0688347654382101E-008   6.2463394274129807E-008   6.4297675687631045E-008
   8.4720700000000004        6.4235599725712453E-008   6.7325994995713668E-008   6.9681463145736822E-008   7.1964046625414562E-008   7.4906171226912696E-008   8.3163015555482211E-008   8.8128370329792528E-008
   8.5572160000000004        7.0089805307228401E-008   7.3175517593108207E-008   7.5414578164348408E-008   7.7532734172236141E-008   7.9594593232848561E-008   8.1576574539447153E-008   8.3093121898285697E-008
   8.6432179999999992        4.8782696631365855E-008   5.3227194525634951E-008   5.5612390858442435E-008   5.7811281642834335E-008   5.9983794954450023E-008   6.2298837670321266E-008   6.4832998974810079E-008
   8.7300850000000008        5.7275817206188367E-008   6.0712810341963461E-008   6.3317681446310335E-008   6.5890592641605825E-008   6.8416700849688667E-008   7.1078774022409671E-008   7.4892667839596968E-008
   8.8178239999999999        4.0691261149178328E-008   4.3493958937950531E-008   4.5944588493924413E-008   4.8294321350201195E-008   5.0747859085972193E-008   5.3414955661029661E-008   5.6004654724664274E-008
   8.9064460000000008        3.6330534862184712E-008   4.0737854486612855E-008   4.3546312159427091E-008   4.6110595438146812E-008   4.8737198770787970E-008   5.1499991602468580E-008   5.3879048240864623E-008
   8.9959579999999999        3.1222224412334082E-008   3.4451956764277473E-008   3.6989587087183963E-008   3.9757982236045224E-008   4.2617913385464008E-008   4.5873869520158227E-008   4.9160684457866907E-008
   9.0863689999999995        3.0107514746803053E-008   3.2782706115103660E-008   3.5192323595316582E-008   3.7855658399176223E-008   4.0524669700838618E-008   4.3584996120078846E-008   4.6770500451704402E-008
   9.1776900000000001        2.1706665663565693E-008   2.4632500787346882E-008   2.7140253307044952E-008   2.9914738587876933E-008   3.2595563059060953E-008   3.5989628340642592E-008   3.9269907772202325E-008
   9.2699280000000002        3.0199592023576568E-008   3.2853058963973411E-008   3.5561309006684823E-008   3.8786891693180771E-008   4.1913262984727500E-008   4.5569633527743702E-008   4.9759295155320187E-008
   9.3630929999999992        1.8754565780982028E-008   2.1289562166956497E-008   2.3984692559226230E-008   2.7225210803616978E-008   3.0878831398145518E-008   3.6072872663831772E-008   4.3001404939855667E-008
   9.4571939999999994        3.9357024332885947E-008   4.3541993974208739E-008   4.6786793070408976E-008   5.0079351235404827E-008   5.3729043098568994E-008   5.7955069668336005E-008   6.2661462198328453E-008
   9.5522419999999997        2.0179636391183994E-008   2.4507879229571358E-008   2.7959494319078487E-008   3.1677255272375446E-008   3.5985084342158213E-008   4.2275970216263014E-008   4.9666271924408758E-008
   9.6482440000000000        3.4700801248196939E-008   3.8362835162580676E-008   4.1397369506876346E-008   4.4975322169550738E-008   4.8773291900749427E-008   5.3119688554881419E-008   5.9662533369070092E-008
   9.7452110000000012        4.5281294008286763E-008   5.1092745871100245E-008   5.5612071842944248E-008   6.0108475196615353E-008   6.5262565773455924E-008   7.1226043215720236E-008   7.6609345848132266E-008
   9.8431530000000009        6.9244372307162477E-008   7.5587549932550671E-008   8.0268284091153767E-008   8.4846503349626179E-008   8.9288336165080779E-008   9.4553067679115790E-008   9.8990347373026457E-008
   9.9420790000000014        6.3833920176571405E-008   7.3940433795975000E-008   8.0601596250315785E-008   8.7184670731333054E-008   9.3809482233925782E-008   1.0173915013215147E-007   1.0792974738930519E-007
   10.042000000000000        6.8334270904491263E-008   7.6361290928303745E-008   8.2363358114996140E-008   8.8009602968340140E-008   9.3748743768595296E-008   1.0043496282418231E-007   1.0586561498865511E-007
   10.142920000000000        1.3894847441182541E-007   2.1092284086058727E-007   2.2939055642905487E-007   2.4008713985564703E-007   2.5091190215779867E-007   2.6347868115864737E-007   2.9806963749437160E-007
   10.244860000000001        1.1259373291635321E-007   1.7123582035085173E-007   1.8776565726952759E-007   1.9515150305017619E-007   2.0286984923545035E-007   2.1078195698039748E-007   2.2805688803735329E-007
   10.347830000000000        2.5008387148579908E-008   3.2950951675402317E-008   4.0037042099506602E-008   4.7432846297121869E-008   5.4076121266268357E-008   6.1226804462810875E-008   6.9470068711714373E-008
   10.451820000000000        4.6132347754972801E-008   5.1848018057624996E-008   5.6916929109549484E-008   6.1786072234452914E-008   6.6992940022547081E-008   7.2582918203027593E-008   7.8743170192659259E-008
   10.556870000000000        5.5331014158718799E-008   5.9707557077479853E-008   6.4377500359607555E-008   6.9357036067180991E-008   7.4978073878622748E-008   8.1197968336341034E-008   8.8833784613027758E-008
   10.662970000000000        4.8981432249570488E-008   5.2709236964558267E-008   5.6745657277997911E-008   6.0486911395688992E-008   6.4741711518348121E-008   7.0437618101067749E-008   7.9499954311783453E-008
   10.770130000000002        2.2657571793984136E-008   3.1298104111043386E-008   3.7936417797640200E-008   4.4561707923386239E-008   5.0991289188185442E-008   5.7053773843301204E-008   7.9516359845726545E-008
   10.878380000000000        6.1614247035204484E-008   6.7226209848474809E-008   7.1704353111059732E-008   7.6837126827190693E-008   8.2360278188123166E-008   8.8650671839354159E-008   9.7807374025637957E-008
   10.987710000000002        5.7919244124533367E-008   6.4931120176569722E-008   7.0616167202600380E-008   7.7068082968132419E-008   8.4161575982834566E-008   9.3296260778312536E-008   1.0437808046726828E-007
   11.098140000000003        1.9964301492632254E-007   2.1029384541013736E-007   2.1570061257574910E-007   2.2123400925174038E-007   2.2675272262758224E-007   2.3293071591714187E-007   2.4049613852500297E-007
   11.209670000000001        4.2328452441001125E-008   5.2924363931135396E-008   6.1429569503718079E-008   7.0525603749575356E-008   8.0743223606731314E-008   9.5237303207280922E-008   1.1331399340317014E-007
   11.322330000000001        2.1905557014726242E-007   2.3962931366660554E-007   2.4783471700074378E-007   2.5556178455940243E-007   2.6298512718483726E-007   2.7145208320824802E-007   2.7875732168143717E-007
   11.436130000000002        1.2730679608479490E-007   1.3852937965900276E-007   1.4681436224207214E-007   1.5445409212381589E-007   1.6283291778331394E-007   1.7276806989523268E-007   1.8269622442511432E-007
   11.551060000000000        1.2527360136937312E-007   1.3407122130516915E-007   1.4147350320823213E-007   1.4863218179495900E-007   1.5606494340854812E-007   1.6438788977874348E-007   1.7141971537681161E-007
   11.667149999999999        1.5687418935746810E-007   1.6760571677238603E-007   1.7529713062287217E-007   1.8294643743744699E-007   1.9096135178163477E-007   1.9929492475255053E-007   2.0679426378988355E-007
   11.784409999999999        6.2107834969514265E-008   7.1492693889795434E-008   7.9746898081005672E-008   8.8412099719336179E-008   9.8321863824446368E-008   1.1348706291282548E-007   1.3055364635575501E-007
   11.902850000000001        2.4598864784657048E-007   2.7099713917415265E-007   2.7884136971998231E-007   2.8591611101059610E-007   2.9316860197462415E-007   3.0081327189015768E-007   3.0933226155752177E-007
   12.022470000000000        4.7458382160162902E-008   5.6669695062195812E-008   6.4953098159787429E-008   7.4364325406023104E-008   8.5666743720630898E-008   1.0529989848623503E-007   1.3051553049713422E-007
   12.143300000000000        2.1314805176972986E-007   2.1996599215744643E-007   2.2776047637895600E-007   2.3491076181188498E-007   2.4306605318543663E-007   2.5031120856276542E-007   2.5855527914692367E-007
   12.265350000000000        5.9227490650133636E-008   6.7498322948392751E-008   7.5810611306370978E-008   8.5382799990591496E-008   9.6482984753353088E-008   1.1612966011022497E-007   1.4424212058000347E-007
   12.388620000000001        1.1141589597864039E-007   1.2014757502175103E-007   1.2825596087210856E-007   1.3645769508316675E-007   1.4592318660288614E-007   1.5856967320837032E-007   1.7204658747403335E-007
   12.513130000000000        1.6849996566609108E-007   1.7547088517343148E-007   1.8284615051770975E-007   1.9074689688809398E-007   1.9987623454193616E-007   2.0888218407213191E-007   2.2066511087005329E-007
   12.638890000000000        1.6154503209764391E-007   1.7353463827430575E-007   1.8354276842670168E-007   1.9349753081075150E-007   2.0467353075250864E-007   2.1657301037657534E-007   2.3077232034296379E-007
   12.765910000000002        2.0574011336140098E-007   2.1368608499084457E-007   2.2125879966012332E-007   2.2954452775115725E-007   2.3898639892252170E-007   2.4821023628439558E-007   2.5739952006652144E-007
   12.894209999999999        1.8041051860857886E-007   1.8894708987098400E-007   1.9818606058490212E-007   2.0798325847013359E-007   2.1882992417241930E-007   2.2987378530206378E-007   2.4399894919298969E-007
   13.023800000000001        1.9109617062440978E-007   1.9882567439391764E-007   2.0799844344920352E-007   2.1733834521916789E-007   2.2847455129854198E-007   2.3943448118534915E-007   2.5366579368289062E-007
   13.154690000000000        2.4186023042135057E-007   2.4973667062900640E-007   2.5835244790580186E-007   2.6720838879910973E-007   2.7759803990840877E-007   2.8831111090126526E-007   2.9681945726026455E-007
   13.286899999999999        2.8913348682133046E-007   2.9643084201032109E-007   3.0494320745455437E-007   3.1332903888876654E-007   3.2346940690078872E-007   3.3216998542133472E-007   3.4259588489901314E-007
   13.420439999999999        2.1274413087541002E-007   2.2064275805308686E-007   2.3070745070210526E-007   2.4108044945400174E-007   2.5296146559651478E-007   2.6402463394439412E-007   2.7524737282543909E-007
   13.555320000000000        3.2586832391065078E-007   3.3569416128584621E-007   3.4448973538561755E-007   3.5353255929459407E-007   3.6347432374953048E-007   3.7628621606437501E-007   3.8971175392284797E-007
   13.691549999999999        3.6197845890874224E-007   3.6897990989759113E-007   3.7752406171360416E-007   3.8693212693937793E-007   3.9757177966697722E-007   4.1020831337648792E-007   4.2851364764668367E-007
   13.829150000000002        4.0234665453496995E-007   4.0839577298375131E-007   4.1919571218360975E-007   4.2946916022859171E-007   4.4179391218220557E-007   4.5603629326804008E-007   4.7163990090819864E-007
   13.968140000000002        5.0640133921851197E-007   5.1930976948608279E-007   5.3398335881229419E-007   5.4871147904492553E-007   5.6363550511752745E-007   5.8634702768138212E-007   6.0757575804337831E-007
   14.108520000000002        3.6317170992580113E-007   3.7014043236838790E-007   3.8019201136762649E-007   3.9050434223608289E-007   4.0288634196748785E-007   4.1518923894546055E-007   4.3285415205188420E-007
   14.250320000000002        4.8465580324433520E-007   5.0041995312829179E-007   5.1445077660199898E-007   5.2803258708961112E-007   5.4204901920843967E-007   5.5908355535523602E-007   5.7504586616096330E-007
   14.393540000000002        4.7193418310052047E-007   5.2119125388052422E-007   5.3967578053687057E-007   5.5854595678722192E-007   5.7411889692375230E-007   5.9134871825078048E-007   6.0921306241651096E-007
   14.538200000000000        4.7105335285499406E-007   5.1056656189665496E-007   5.2749431070162305E-007   5.4541205804218469E-007   5.6246784233146669E-007   5.7844697439990255E-007   5.9255894470087391E-007
   14.684310000000000        5.3251338116952722E-007   5.5942740077338340E-007   5.7994582241294607E-007   5.9874455154198008E-007   6.1663440440089394E-007   6.3491854972235076E-007   6.5886821239598202E-007
   14.831890000000000        5.9872927141361558E-007   6.3433731327251278E-007   6.6033179912593654E-007   6.8329436056363707E-007   7.0466565717554212E-007   7.2856469293103260E-007   7.4997196620580335E-007
   14.980950000000000        4.4116719538024089E-007   5.0602128811363777E-007   6.0466715115395455E-007   6.9861315552419941E-007   7.3071970419747647E-007   7.5756304565117060E-007   7.8072745872079176E-007
   15.131520000000000        6.1095786144759294E-007   6.6775338016216272E-007   6.9600556564167389E-007   7.2427909772772812E-007   7.5004876798756566E-007   7.7743750198265694E-007   8.0372531030631416E-007
   15.283590000000002        6.6278545659974570E-007   6.9056093689832838E-007   7.1795996422827716E-007   7.4368173348662836E-007   7.6942972085769351E-007   7.9722142913693101E-007   8.2742363668410498E-007
   15.437190000000001        5.7304141222508677E-007   5.9042348701475538E-007   6.0984404816615714E-007   6.3016484352130131E-007   6.4995696483323740E-007   6.6940381747226997E-007   6.9348960132256961E-007
   15.592340000000000        5.4923445808967117E-007   5.8507728826080060E-007   6.0552087763885596E-007   6.2498269408368226E-007   6.4348110818738945E-007   6.6361639650687496E-007   6.8403772119616443E-007
   15.749050000000002        4.4450954110937014E-007   4.8934543167837362E-007   5.1050159061983348E-007   5.3192194341460581E-007   5.5258131604994731E-007   5.7524081402900521E-007   6.0079500381473983E-007
   15.907330000000000        3.0803919185859275E-007   3.2877247164140031E-007   3.4654613519707529E-007   3.6448434951081994E-007   3.8541784455735888E-007   4.0657264256415695E-007   4.3068192109859058E-007
   15.993430000000000        4.0734943936157357E-007   4.4668772363075911E-007   4.6301830732676654E-007   4.7962514631361954E-007   4.9912630451435232E-007   5.1975896593957828E-007   5.4205190226190151E-007
