#  lambda [mu]     flux/flux_star
      6.030151     1.8713864E-009     0.0000000E+000
      6.090755     1.5682665E-009     0.0000000E+000
      6.151969     1.7055650E-009     0.0000000E+000
      6.213798     2.3591616E-009     0.0000000E+000
      6.276248     3.7200927E-009     0.0000000E+000
      6.339326     4.0458260E-009     0.0000000E+000
      6.403038     3.1118596E-009     0.0000000E+000
      6.467390     3.6600301E-009     0.0000000E+000
      6.532389     2.8696197E-009     0.0000000E+000
      6.598041     3.4532467E-009     0.0000000E+000
      6.664353     4.4754603E-009     0.0000000E+000
      6.731331     7.2097310E-009     0.0000000E+000
      6.798983     8.9132346E-009     0.0000000E+000
      6.867314     9.8526751E-009     0.0000000E+000
      6.936333     1.4482175E-008     0.0000000E+000
      7.006044     1.4272907E-008     0.0000000E+000
      7.076457     1.6282204E-008     0.0000000E+000
      7.147577     1.8925500E-008     0.0000000E+000
      7.219412     1.8545141E-008     0.0000000E+000
      7.291969     1.3552419E-008     0.0000000E+000
      7.365255     9.5388073E-009     0.0000000E+000
      7.439278     9.4643240E-009     0.0000000E+000
      7.514044     1.1019631E-008     0.0000000E+000
      7.589562     1.9681629E-008     0.0000000E+000
      7.665839     1.2994366E-008     0.0000000E+000
      7.742883     1.3152562E-008     0.0000000E+000
      7.820701     1.5851324E-008     0.0000000E+000
      7.899301     1.4259007E-008     0.0000000E+000
      7.978691     2.1717438E-008     0.0000000E+000
      8.058879     2.4833068E-008     0.0000000E+000
      8.139872     3.8398081E-008     0.0000000E+000
      8.221680     4.1598074E-008     0.0000000E+000
      8.304310     5.9971314E-008     0.0000000E+000
      8.387771     5.7296048E-008     0.0000000E+000
      8.472070     7.0767487E-008     0.0000000E+000
      8.557216     7.7796597E-008     0.0000000E+000
      8.643218     5.4875187E-008     0.0000000E+000
      8.730085     6.4423682E-008     0.0000000E+000
      8.817824     4.6626773E-008     0.0000000E+000
      8.906446     4.1483246E-008     0.0000000E+000
      8.995958     3.7083880E-008     0.0000000E+000
      9.086369     3.4266433E-008     0.0000000E+000
      9.177690     2.4778320E-008     0.0000000E+000
      9.269928     3.5036512E-008     0.0000000E+000
      9.363093     2.4889204E-008     0.0000000E+000
      9.457194     4.9738376E-008     0.0000000E+000
      9.552242     2.8915207E-008     0.0000000E+000
      9.648244     4.5110978E-008     0.0000000E+000
      9.745211     6.0279708E-008     0.0000000E+000
      9.843153     8.8568352E-008     0.0000000E+000
      9.942079     8.9632391E-008     0.0000000E+000
     10.042000     9.2186015E-008     0.0000000E+000
     10.142920     2.4605321E-007     0.0000000E+000
     10.244860     2.0081175E-007     0.0000000E+000
     10.347830     5.0682152E-008     0.0000000E+000
     10.451820     5.8340988E-008     0.0000000E+000
     10.556870     6.8896267E-008     0.0000000E+000
     10.662970     6.0472100E-008     0.0000000E+000
     10.770130     5.4461421E-008     0.0000000E+000
     10.878380     7.6144429E-008     0.0000000E+000
     10.987710     7.8057034E-008     0.0000000E+000
     11.098140     2.2463683E-007     0.0000000E+000
     11.209670     7.3123947E-008     0.0000000E+000
     11.322330     2.6136338E-007     0.0000000E+000
     11.436130     1.5899370E-007     0.0000000E+000
     11.551060     1.5061299E-007     0.0000000E+000
     11.667150     1.8953729E-007     0.0000000E+000
     11.784410     9.1159955E-008     0.0000000E+000
     11.902850     2.8901396E-007     0.0000000E+000
     12.022470     7.6749780E-008     0.0000000E+000
     12.143300     2.3571995E-007     0.0000000E+000
     12.265350     9.0687149E-008     0.0000000E+000
     12.388620     1.3618747E-007     0.0000000E+000
     12.513130     1.8973361E-007     0.0000000E+000
     12.638890     1.9289547E-007     0.0000000E+000
     12.765910     2.2597646E-007     0.0000000E+000
     12.894210     2.0679953E-007     0.0000000E+000
     13.023800     2.1439684E-007     0.0000000E+000
     13.154690     2.6285792E-007     0.0000000E+000
     13.286900     3.1174926E-007     0.0000000E+000
     13.420440     2.3254851E-007     0.0000000E+000
     13.555320     3.5075163E-007     0.0000000E+000
     13.691550     3.8245986E-007     0.0000000E+000
     13.829150     4.2869543E-007     0.0000000E+000
     13.968140     5.4302166E-007     0.0000000E+000
     14.108520     3.8898990E-007     0.0000000E+000
     14.250320     5.2773848E-007     0.0000000E+000
     14.393540     5.4375434E-007     0.0000000E+000
     14.538200     5.3435571E-007     0.0000000E+000
     14.684310     6.0329455E-007     0.0000000E+000
     14.831890     6.8234145E-007     0.0000000E+000
     14.980950     7.0599831E-007     0.0000000E+000
     15.131520     7.0422966E-007     0.0000000E+000
     15.283590     7.4839871E-007     0.0000000E+000
     15.437190     6.3248395E-007     0.0000000E+000
     15.592340     6.0838085E-007     0.0000000E+000
     15.749050     5.0648378E-007     0.0000000E+000
     15.907330     3.5231358E-007     0.0000000E+000
     15.993430     4.5630158E-007     0.0000000E+000
