   6.0301510000000009        1.1833335346134005E-008   1.8791710170605449E-009   1.2243041647834752E-008
   6.0907549999999997        1.2786954739863903E-008   2.3426359495394635E-009   1.1578919448012542E-008
   6.1519690000000002        1.7099822148345728E-008   4.2131934137480493E-009   1.6080761726414222E-008
   6.2137979999999997        1.4796321380384091E-008   2.8958799406518997E-009   1.4660348833874696E-008
   6.2762479999999998        1.5742118539240194E-008   2.6098706167965951E-009   1.6471555459676132E-008
   6.3393259999999998        1.8047267239692813E-008   2.6943934932926663E-009   1.9014152588159614E-008
   6.4030379999999996        1.7381031483516650E-008   2.3666917720363276E-009   1.7564458923767840E-008
   6.4673900000000000        1.6401450648968811E-008   2.4971145146435114E-009   1.4246986987932167E-008
   6.5323890000000011        1.9089787564733144E-008   2.9058344762680189E-009   1.5931291065832769E-008
   6.5980410000000012        2.3800880048557078E-008   3.5551247706162408E-009   2.2066746481550099E-008
   6.6643530000000002        2.5757768006514617E-008   3.3846992955871700E-009   2.5339123628484318E-008
   6.7313310000000008        3.1928748345655604E-008   3.2101991232457101E-009   3.1087463490047349E-008
   6.7989830000000007        3.5713009966319568E-008   5.2743307162387657E-009   4.0028392434961297E-008
   6.8673140000000004        3.8849063961659484E-008   7.1678398318934352E-009   4.5721450604106301E-008
   6.9363330000000003        5.1106093957048579E-008   6.8115851068081979E-009   5.7224230207833540E-008
   7.0060440000000010        5.1724359878072548E-008   9.6868967935918859E-009   6.2003873940928329E-008
   7.0764570000000004        5.5368033138531362E-008   6.4955420869354849E-009   6.2332645616107787E-008
   7.1475770000000001        6.1884954187200958E-008   8.2295720525431767E-009   7.1211656398979821E-008
   7.2194120000000011        6.1270287232585349E-008   5.8648407239595011E-009   6.6767691875855186E-008
   7.2919690000000008        4.9935639395401047E-008   4.1577723637463076E-009   5.0967091718596423E-008
   7.3652550000000012        3.4233229466067905E-008   2.5401143807613171E-009   3.3768019334743475E-008
   7.4392779999999998        3.1903950754303840E-008   2.3601500415516255E-009   3.0998106620279201E-008
   7.5140440000000002        3.7953294559234376E-008   4.0568547476837987E-009   3.6696688966744154E-008
   7.5895620000000008        6.2727025036154689E-008   8.1786176472992169E-009   6.4866242446654420E-008
   7.6658390000000001        4.5069952944050636E-008   4.4804934948078125E-009   4.3605330845988832E-008
   7.7428830000000000        3.7985510305595355E-008   3.5570278128842014E-009   3.7711995536147393E-008
   7.8207009999999997        4.6333155675633562E-008   4.5606500248384789E-009   4.6396737168748207E-008
   7.8993010000000004        4.4030244425315508E-008   4.0194390002246205E-009   4.3054934132972483E-008
   7.9786910000000013        5.8781074485370399E-008   4.2218292997046368E-009   5.8689841251283147E-008
   8.0588790000000010        6.5907360037979692E-008   4.5993802830194577E-009   6.6126645007967221E-008
   8.1398720000000022        9.8282591962496249E-008   6.1327210642400985E-009   9.9757334309798335E-008
   8.2216799999999992        1.0501599888565034E-007   5.3007691613952317E-009   1.0616264813271286E-007
   8.3043099999999992        1.4196270866779814E-007   7.1429854792433147E-009   1.4601708413462590E-007
   8.3877710000000008        1.3736962705911564E-007   4.3398877045183824E-009   1.3934435906671807E-007
   8.4720700000000004        1.6273840319012530E-007   8.2467548182300554E-009   1.6825389324124237E-007
   8.5572160000000004        1.7314805222744636E-007   4.7377548175507621E-009   1.7632083225690282E-007
   8.6432179999999992        1.2969707745492293E-007   5.1244674193868622E-009   1.2900055735765626E-007
   8.7300850000000008        1.4382882267432796E-007   5.6997888429291471E-009   1.4418834656122786E-007
   8.8178239999999999        1.0514718461632767E-007   5.2300124199305282E-009   1.0378844397483427E-007
   8.9064460000000008        1.0017454348854067E-007   5.5965007530759936E-009   9.7086467683166933E-008
   8.9959579999999999        8.5100744931502355E-008   5.8757885398335958E-009   8.2290310805233305E-008
   9.0863689999999995        8.0431764423804696E-008   5.4851040168723157E-009   7.6838405251714491E-008
   9.1776900000000001        6.4039993560739805E-008   5.5509877377306473E-009   5.9472717983361866E-008
   9.2699280000000002        7.9918222192537444E-008   6.1787045847869793E-009   7.5625417140983454E-008
   9.3630929999999992        5.6274703180310690E-008   7.0019382605146846E-009   5.2544403828238494E-008
   9.4571939999999994        9.6512030681840016E-008   6.6367428453494492E-009   9.4037136688254213E-008
   9.5522419999999997        6.2311672800857923E-008   7.9037226312509961E-009   5.8735719579674095E-008
   9.6482440000000000        8.4282080243194461E-008   6.7586403601132308E-009   8.1161184267320316E-008
   9.7452110000000012        1.0800456604673989E-007   8.6088977728871173E-009   1.0633524019970534E-007
   9.8431530000000009        1.4643705259605455E-007   7.9752806839924393E-009   1.4663555001631677E-007
   9.9420790000000014        1.4876424122986121E-007   1.1406672259679692E-008   1.4771581367138003E-007
   10.042000000000000        1.4720146623695865E-007   9.7174173310573821E-009   1.4624866453332413E-007
   10.142920000000000        3.7877561101273368E-007   2.3142176286271175E-008   3.8972099468965071E-007
   10.244860000000001        3.0300867933122560E-007   1.7632256898485101E-008   3.1022260685093963E-007
   10.347830000000000        8.2451700433902752E-008   1.1076971607976565E-008   7.3832600417779336E-008
   10.451820000000000        9.8557501280019594E-008   7.9244568494459590E-009   9.4912184343592856E-008
   10.556870000000000        1.0629754067560948E-007   8.1014472552579822E-009   1.0480774411691768E-007
   10.662970000000000        9.2407676537713434E-008   6.4609444375494085E-009   8.9535664532554006E-008
   10.770130000000002        7.1633228185730129E-008   9.7986239650851810E-009   6.4208207124781305E-008
   10.878380000000000        1.1208296324747236E-007   7.6835581187066260E-009   1.0922980024939143E-007
   10.987710000000002        1.1160269542114189E-007   9.6443823536572174E-009   1.0743033840062170E-007
   11.098140000000003        2.9607609626576253E-007   7.8332300144235023E-009   3.0104656212860086E-007
   11.209670000000001        9.9198116390819278E-008   1.3840759453027264E-008   9.5010795064031469E-008
   11.322330000000001        3.2812779665770130E-007   1.0251805042492272E-008   3.3391278328300629E-007
   11.436130000000002        1.9819781668388641E-007   1.0610121791348230E-008   1.9818321125135371E-007
   11.551060000000000        1.8882129540502427E-007   9.3473417785184246E-009   1.8682902271368289E-007
   11.667149999999999        2.2545741790964516E-007   9.6680269313287969E-009   2.2550125754584217E-007
   11.784409999999999        1.1180271815088665E-007   1.2131917397397168E-008   1.0764007205354339E-007
   11.902850000000001        3.3259139256339789E-007   9.1220704242499741E-009   3.3812096066054149E-007
   12.022470000000000        9.1572274265862727E-008   1.3547409106336996E-008   8.7645890189037704E-008
   12.143300000000000        2.6480918501673373E-007   8.6912147212346251E-009   2.6718595007662824E-007
   12.265350000000000        1.0023668932691071E-007   1.3082972488343252E-008   9.6433946819314434E-008
   12.388620000000001        1.5207842294567969E-007   1.0317310181537020E-008   1.4980753164228672E-007
   12.513130000000000        2.0517195907868890E-007   9.1063196592438500E-009   2.0470034000600283E-007
   12.638890000000000        2.0413447538800758E-007   1.1350994759423191E-008   2.0345209676239397E-007
   12.765910000000002        2.3547884482042434E-007   8.9499113380698120E-009   2.3642987092607852E-007
   12.894209999999999        2.1087661688555741E-007   1.0402013342513831E-008   2.1010716798392296E-007
   13.023800000000001        2.1532351785449163E-007   1.0137422409129654E-008   2.1543722632381802E-007
   13.154690000000000        2.5765467624666844E-007   9.2687611072741205E-009   2.5934878226262212E-007
   13.286899999999999        2.9455930232529027E-007   8.7654760253721942E-009   2.9802934778339572E-007
   13.420439999999999        2.2480503828294793E-007   1.0148259578786756E-008   2.2480556106951944E-007
   13.555320000000000        3.1754306263944133E-007   9.1336464137408206E-009   3.2307469159456897E-007
   13.691549999999999        3.3984152952993647E-007   9.3326383412670370E-009   3.4666302117150353E-007
   13.829150000000002        3.6829916802397244E-007   1.0347140609499466E-008   3.7732966277256324E-007
   13.968140000000002        4.5103238715583120E-007   1.3612831028217194E-008   4.7194417168583931E-007
   14.108520000000002        3.2092812567244964E-007   9.5496114033451727E-009   3.2972774569391247E-007
   14.250320000000002        4.2394469783427675E-007   1.1799208378874438E-008   4.3621723485023409E-007
   14.393540000000002        4.3169309786750667E-007   1.4530793981179525E-008   4.5120341906179183E-007
   14.538200000000000        4.1276277055825950E-007   1.4003992966735086E-008   4.3206333867224299E-007
   14.684310000000000        4.5226910650799022E-007   1.4989633638580491E-008   4.6533230778043954E-007
   14.831890000000000        5.0269245809920919E-007   1.7671914343448947E-008   5.2036128783317442E-007
   14.980950000000000        5.0934625331174010E-007   4.8729352646895763E-008   5.0566061518129157E-007
   15.131520000000000        5.0229586887880186E-007   2.0052984694194824E-008   5.2965349790331719E-007
   15.283590000000002        5.2101573244291551E-007   1.9254667382133626E-008   5.3406643365389725E-007
   15.437190000000001        4.3434270719023008E-007   1.4173422583841377E-008   4.4366719485831822E-007
   15.592340000000000        4.1323854159153119E-007   1.3513678802159995E-008   4.3093169641498761E-007
   15.749050000000002        3.4437664805816118E-007   1.4469625833342596E-008   3.5969226748169660E-007
   15.907330000000000        2.4192890958416502E-007   1.3117858589037101E-008   2.4239569099173453E-007
   15.993430000000000        3.0785190879674326E-007   1.2321368610017857E-008   3.1524503443501776E-007
