   6.0301510000000009        2.6739646849763313E-009   4.2463403509413646E-010   2.7665455296760387E-009
   6.0907549999999997        2.9435401434673167E-009   5.3927171083992396E-010   2.6654520100039157E-009
   6.1519690000000002        4.0100455545978649E-009   9.8802767496010573E-010   3.7710677056248476E-009
   6.2137979999999997        3.5348153342556504E-009   6.9182065982632551E-010   3.5023317303866208E-009
   6.2762479999999998        3.8311730663300088E-009   6.3516647957853620E-010   4.0086967634229260E-009
   6.3393259999999998        4.4744134180642543E-009   6.6801417853548196E-010   4.7141308622319006E-009
   6.4030379999999996        4.3899207124792168E-009   5.9775446813783331E-010   4.4362489134239774E-009
   6.4673900000000000        4.2200754452613527E-009   6.4250485355180012E-010   3.6657342843335922E-009
   6.5323890000000011        5.0045348557421958E-009   7.6178689114207329E-010   4.1765106691510207E-009
   6.5980410000000012        6.3591673652652448E-009   9.4986544088395840E-010   5.8958380445080394E-009
   6.6643530000000002        7.0139147895593926E-009   9.2166341592663700E-010   6.8999167135657708E-009
   6.7313310000000008        8.8609337557872983E-009   8.9090124880630153E-010   8.6274586037208907E-009
   6.7989830000000007        1.0101127734428834E-008   1.4918005603166397E-009   1.1321697761423878E-008
   6.8673140000000004        1.1198762502461738E-008   2.0662257400147410E-009   1.3179819907340436E-008
   6.9363330000000003        1.5014426312674210E-008   2.0011711860553073E-009   1.6811869607509288E-008
   7.0060440000000010        1.5487378714351681E-008   2.9004639122232245E-009   1.8565284901421590E-008
   7.0764570000000004        1.6896204036972770E-008   1.9821907734560537E-009   1.9021537136040117E-008
   7.1475770000000001        1.9246982429112785E-008   2.5594981974984676E-009   2.2147701609556145E-008
   7.2194120000000011        1.9421170012224012E-008   1.8590098714937283E-009   2.1163711707803876E-008
   7.2919690000000008        1.6131855823270092E-008   1.3431806447262487E-009   1.6465069543327035E-008
   7.3652550000000012        1.1271199670712621E-008   8.3632589792288422E-010   1.1118030473392370E-008
   7.4392779999999998        1.0707824472551852E-008   7.9212987032371131E-010   1.0403798803087747E-008
   7.5140440000000002        1.2985644019829311E-008   1.3880447588379014E-009   1.2555698923180653E-008
   7.5895620000000008        2.1878942545563305E-008   2.8526700493806661E-009   2.2625093264329471E-008
   7.6658390000000001        1.6025688278149103E-008   1.5931454858450898E-009   1.5504907233226236E-008
   7.7428830000000000        1.3769109728280548E-008   1.2893628614733633E-009   1.3669965216530225E-008
   7.8207009999999997        1.7121364206050755E-008   1.6852845214827114E-009   1.7144859301183112E-008
   7.8993010000000004        1.6586565649584642E-008   1.5141566830229751E-009   1.6219158009590671E-008
   7.9786910000000013        2.2573666170788163E-008   1.6213069610577437E-009   2.2538629918252945E-008
   8.0588790000000010        2.5802275640665930E-008   1.8006255715647698E-009   2.5888124189844846E-008
   8.1398720000000022        3.9224771142597287E-008   2.4475807508006771E-009   3.9813343644727632E-008
   8.2216799999999992        4.2728076165069935E-008   2.1567348867306525E-009   4.3194615710310597E-008
   8.3043099999999992        5.8885765514832988E-008   2.9628919591190464E-009   6.0567510004559512E-008
   8.3877710000000008        5.8090523176422567E-008   1.8352408220043050E-009   5.8925592892419411E-008
   8.4720700000000004        7.0158992747378790E-008   3.5553010238502899E-009   7.2536804123851715E-008
   8.5572160000000004        7.6100917457585639E-008   2.0823075031251078E-009   7.7495397314717160E-008
   8.6432179999999992        5.8114133175098677E-008   2.2961502903965289E-009   5.7802039313880003E-008
   8.7300850000000008        6.5701779378971045E-008   2.6036941838340857E-009   6.5866011823201228E-008
   8.8178239999999999        4.8967582154134841E-008   2.4356435578811076E-009   4.8334809681611917E-008
   8.9064460000000008        4.7560736713637527E-008   2.6570991947187698E-009   4.6094584184098591E-008
   8.9959579999999999        4.1191248510784678E-008   2.8440534349718887E-009   3.9830916229186946E-008
   9.0863689999999995        3.9689880313760143E-008   2.7066809176419798E-009   3.7916700320926376E-008
   9.1776900000000001        3.2230738863254662E-008   2.7937609962161049E-009   2.9932071136010594E-008
   9.2699280000000002        4.1032411096478418E-008   3.1723321616925158E-009   3.8828356291454848E-008
   9.3630929999999992        2.9475211520822353E-008   3.6674313611771929E-009   2.7521378693201352E-008
   9.4571939999999994        5.1568902293039365E-008   3.5461852881751958E-009   5.0246501700706877E-008
   9.5522419999999997        3.3965571286649072E-008   4.3082530510713726E-009   3.2016349116992094E-008
   9.6482440000000000        4.6867088191970866E-008   3.7583053586390108E-009   4.5131638538649335E-008
   9.7452110000000012        6.1268650139756312E-008   4.8836411740933921E-009   6.0321677756690976E-008
   9.8431530000000009        8.4744383784885062E-008   4.6153636330061314E-009   8.4859255951900091E-008
   9.9420790000000014        8.7825869401991669E-008   6.7341512981068544E-009   8.7206909757742210E-008
   10.042000000000000        8.8654401620607084E-008   5.8524676472706897E-009   8.8080561786954530E-008
   10.142920000000000        2.3272027438002784E-007   1.4218586040142243E-008   2.3944513368571522E-007
   10.244860000000001        1.8992058773527199E-007   1.1051592979615680E-008   1.9444215245562168E-007
   10.347830000000000        5.2720806222129822E-008   7.0827753775717256E-009   4.7209629383230337E-008
   10.451820000000000        6.4288981569919936E-008   5.1691170507479027E-009   6.1911144162327747E-008
   10.556870000000000        7.0735261533078635E-008   5.3910747770348630E-009   6.9743882536534149E-008
   10.662970000000000        6.2731609093286445E-008   4.3860581286705042E-009   6.0781923296940945E-008
   10.770130000000002        4.9608744637989685E-008   6.7859210927538623E-009   4.4466634152765396E-008
   10.878380000000000        7.9186274548332079E-008   5.4284105725558613E-009   7.7170523519352495E-008
   10.987710000000002        8.0436129403578626E-008   6.9510578045537334E-009   7.7428959657775831E-008
   11.098140000000003        2.1769392221170932E-007   5.7594874660049592E-009   2.2134852392575523E-007
   11.209670000000001        7.4406745161815375E-008   1.0381707828100440E-008   7.1265909809202099E-008
   11.322330000000001        2.5108382479702475E-007   7.8446948029447568E-009   2.5551050422826020E-007
   11.436130000000002        1.5471848381361567E-007   8.2825430880170997E-009   1.5470708242476774E-007
   11.551060000000000        1.5036996355539340E-007   7.4438608185622157E-009   1.4878339477697892E-007
   11.667149999999999        1.8316479585317583E-007   7.8544418524722557E-009   1.8320041179382065E-007
   11.784409999999999        9.2661138650102574E-008   1.0054829602037678E-008   8.9211173089724542E-008
   11.902850000000001        2.8120586294387913E-007   7.7127061699201544E-009   2.8588111011873747E-007
   12.022470000000000        7.8985051227317427E-008   1.1685226896896635E-008   7.5598374966053457E-008
   12.143300000000000        2.3301411911547775E-007   7.6476793740518690E-009   2.3510551113702239E-007
   12.265350000000000        8.9979749525314725E-008   1.1744228539994953E-008   8.6566131012567753E-008
   12.388620000000001        1.3926893548958867E-007   9.4482884439943724E-009   1.3718932019433333E-007
   12.513130000000000        1.9167854813347286E-007   8.5074302500261409E-009   1.9123794572595800E-007
   12.638890000000000        1.9455428501418731E-007   1.0818283709411592E-008   1.9390393095046109E-007
   12.765910000000002        2.2895239510208335E-007   8.7018587099194312E-009   2.2987706289914260E-007
   12.894209999999999        2.0916594689039481E-007   1.0317630292476688E-008   2.0840273990011253E-007
   13.023800000000001        2.1788307486675150E-007   1.0257926248524760E-008   2.1799813499200886E-007
   13.154690000000000        2.6597422154709970E-007   9.5680449356686015E-009   2.6772302942970939E-007
   13.286899999999999        3.1020173085818010E-007   9.2309623678548462E-009   3.1385605139317459E-007
   13.420439999999999        2.4151700860554571E-007   1.0902679560661186E-008   2.4151757025598684E-007
   13.555320000000000        3.4802828943827572E-007   1.0010507901782250E-008   3.5409097380951765E-007
   13.691549999999999        3.7997796872764321E-007   1.0434854635598588E-008   3.8760510170706645E-007
   13.829150000000002        4.2010028357633951E-007   1.1802461372847979E-008   4.3040091342861976E-007
   13.968140000000002        5.2484472836643278E-007   1.5840597719281622E-008   5.4917876774777024E-007
   14.108520000000002        3.8097940613855027E-007   1.1336511169524758E-008   3.9142558938595929E-007
   14.250320000000002        5.1342174196210334E-007   1.4289529154634369E-008   5.2828449968785129E-007
   14.393540000000002        5.3334880298406185E-007   1.7952526029611683E-008   5.5745344238230572E-007
   14.538200000000000        5.2024522343321198E-007   1.7650599738156171E-008   5.4457161400682528E-007
   14.684310000000000        5.8153491284234480E-007   1.9273912734953911E-008   5.9833178776504244E-007
   14.831890000000000        6.5940581314101532E-007   2.3181097825622388E-008   6.8258286473639787E-007
   14.980950000000000        6.8160852649506341E-007   6.5209750810477539E-008   6.7667639563328762E-007
   15.131520000000000        6.8573108256121274E-007   2.7376205449644256E-008   7.2307954136730527E-007
   15.283590000000002        7.2563260197416876E-007   2.6816492329577725E-008   7.4380866401534534E-007
   15.437190000000001        6.1712117126135034E-007   2.0137828956090755E-008   6.3036955475181376E-007
   15.592340000000000        5.9897843916637022E-007   1.9587723364667229E-008   6.2462420352142686E-007
   15.749050000000002        5.0923319014058020E-007   2.1396380285370473E-008   5.3188054960006546E-007
   15.907330000000000        3.6495833002753475E-007   1.9788754359374378E-008   3.6566248631579101E-007
   15.993430000000000        4.6943866832919526E-007   1.8788666586111250E-008   4.8071233256596111E-007
