   6.0301510000000009        8.2816136530200209E-009
   6.0907549999999997        6.8126650868042312E-009
   6.1519690000000002        7.2729491667705943E-009
   6.2137979999999997        9.8751731671898294E-009
   6.2762479999999998        1.5285694378458609E-008
   6.3393259999999998        1.6318586635945795E-008
   6.4030379999999996        1.2320798677655943E-008
   6.4673900000000000        1.4224817403597185E-008
   6.5323890000000011        1.0946158059070528E-008
   6.5980410000000012        1.2924697008790491E-008
   6.6643530000000002        1.6435595674489331E-008
   6.7313310000000008        2.5978942206052330E-008
   6.7989830000000007        3.1513158198199466E-008
   6.8673140000000004        3.4179419938892369E-008
   6.9363330000000003        4.9294418654386175E-008
   7.0060440000000010        4.7668296080588139E-008
   7.0764570000000004        5.3355985502635111E-008
   7.1475770000000001        6.0851290889837995E-008
   7.2194120000000011        5.8506572347885390E-008
   7.2919690000000008        4.1951075576669927E-008
   7.3652550000000012        2.8971554760472423E-008
   7.4392779999999998        2.8198942610162643E-008
   7.5140440000000002        3.2207205003607461E-008
   7.5895620000000008        5.6427317922755050E-008
   7.6658390000000001        3.6544794029072349E-008
   7.7428830000000000        3.6284611286082826E-008
   7.8207009999999997        4.2896224167912649E-008
   7.8993010000000004        3.7851569895072578E-008
   7.9786910000000013        5.6551483972217515E-008
   8.0588790000000010        6.3431691310151635E-008
   8.1398720000000022        9.6211215067618335E-008
   8.2216799999999992        1.0223870849258206E-007
   8.3043099999999992        1.4457976608156648E-007
   8.3877710000000008        1.3549089018018053E-007
   8.4720700000000004        1.6414984477773010E-007
   8.5572160000000004        1.7700613350168845E-007
   8.6432179999999992        1.2246851209801380E-007
   8.7300850000000008        1.4103091868182315E-007
   8.8178239999999999        1.0012080840209617E-007
   8.9064460000000008        8.7373861145488057E-008
   8.9959579999999999        7.6614959623902325E-008
   9.0863689999999995        6.9441117853992892E-008
   9.1776900000000001        4.9232611019951947E-008
   9.2699280000000002        6.8240097494225436E-008
   9.3630929999999992        4.7519000204437593E-008
   9.4571939999999994        9.3086172118227832E-008
   9.5522419999999997        5.3046506706297702E-008
   9.6482440000000000        8.1124029767694023E-008
   9.7452110000000012        1.0626125659373676E-007
   9.8431530000000009        1.5304481376340924E-007
   9.9420790000000014        1.5182422653967105E-007
   10.042000000000000        1.5306534536998784E-007
   10.142920000000000        4.0047630765048106E-007
   10.244860000000001        3.2038498057811812E-007
   10.347830000000000        7.9263386000938854E-008
   10.451820000000000        8.9438996235582200E-008
   10.556870000000000        1.0353398854922613E-007
   10.662970000000000        8.9079274532373126E-008
   10.770130000000002        7.8640317009965455E-008
   10.878380000000000        1.0777743093563673E-007
   10.987710000000002        1.0830177291672774E-007
   11.098140000000003        3.0551884603654015E-007
   11.209670000000001        9.7487906799690300E-008
   11.322330000000001        3.4156158367594343E-007
   11.436130000000002        2.0367446300669451E-007
   11.551060000000000        1.8912646952196187E-007
   11.667149999999999        2.3330131149985809E-007
   11.784409999999999        1.0999142571822520E-007
   11.902850000000001        3.4182628435555855E-007
   12.022470000000000        8.8980785135449788E-008
   12.143300000000000        2.6788423097936075E-007
   12.265350000000000        1.0102472674193615E-007
   12.388620000000001        1.4871353895113659E-007
   12.513130000000000        2.0309010231563418E-007
   12.638890000000000        2.0239397445552801E-007
   12.765910000000002        2.3241808194743175E-007
   12.894209999999999        2.0849084711894607E-007
   13.023800000000001        2.1187824129551803E-007
   13.154690000000000        2.5463585014610163E-007
   13.286899999999999        2.9602879570017793E-007
   13.420439999999999        2.1645712562466088E-007
   13.555320000000000        3.2002785425000605E-007
   13.691549999999999        3.4206126003139766E-007
   13.829150000000002        3.7583447992851333E-007
   13.968140000000002        4.6665297813680028E-007
   14.108520000000002        3.2767597611330944E-007
   14.250320000000002        4.3576637393761070E-007
   14.393540000000002        4.4011535207742329E-007
   14.538200000000000        4.2395803312116431E-007
   14.684310000000000        4.6919193040312632E-007
   14.831890000000000        5.2017725114097548E-007
   14.980950000000000        5.2757203378936824E-007
   15.131520000000000        5.1584601748124786E-007
   15.283590000000002        5.3736215746847876E-007
   15.437190000000001        4.4515534986253980E-007
   15.592340000000000        4.1972531545031423E-007
   15.749050000000002        3.4251731873564360E-007
   15.907330000000000        2.3354677166292894E-007
   15.993430000000000        2.9923677041310057E-007
