   955.67144507929390        1.0000000000000000E-050   1.0000000000000000E-050   1.0000000000000000E-050   1.0000000000000000E-050   1.0000000000000000E-050   8.3052210283658871E-005  0.63459381475322685     
   544.26764250679571        1.0000000000000000E-050   1.0000000000000000E-050   1.0000000000000000E-050   1.0000000000000000E-050   9.7232337078586210E-013   1.6273910314017190E-002  0.90104680177653906     
   309.96768628503588        1.0000000000000000E-050   1.0000000000000000E-050   1.0000000000000000E-050   1.0000000000000000E-050   5.3870391907979589E-008  0.19565920314817817       0.91502145038147853     
   176.53073421446078        1.0000000000000000E-050   1.0000000000000000E-050   1.0000000000000000E-050   1.0000000000000000E-050   7.0897693502986319E-006  0.36694361905826778       0.91502145038147853     
   100.53660914073507        1.0000000000000000E-050   1.0000000000000000E-050   1.0000000000000000E-050   1.0000000000000000E-050   6.7471732787837319E-005  0.47576066513022652       0.93410615181652035     
   57.256940682281140        1.0000000000000000E-050   1.0000000000000000E-050   1.0000000000000000E-050   1.6628879892307503E-011   2.8268875311272275E-004  0.53356314926149739       0.93410615181652035     
   32.608591878258899        1.0000000000000000E-050   1.0000000000000000E-050   1.0000000000000000E-050   6.2728431151846765E-010   9.5428637086356885E-004  0.57534330993477123       0.93410615181652035     
   18.571028273816058        1.0000000000000000E-050   1.0000000000000000E-050   1.0000000000000000E-050   1.2774537685270493E-008   2.8521599248580751E-003  0.63459381475322685       0.97422168706024070     
   10.576448453661053        1.0000000000000000E-050   1.0000000000000000E-050   1.0000000000000000E-050   5.1773002583065820E-008   5.5769103345233700E-003  0.63976090415709375       0.98518167193412665     
   6.0234285492239703        1.0000000000000000E-050   1.0000000000000000E-050   1.0000000000000000E-050   3.0825267910713257E-007   7.3871840257035927E-003  0.65706341716149796       0.98518167193412665     
   3.4304229483619735        1.0000000000000000E-050   1.0000000000000000E-050   1.0000000000000000E-050   8.1013058224883335E-007   9.8193557281543251E-003  0.65874432830995711       0.98518167193412665     
   1.9536716520302315        1.0000000000000000E-050   1.0000000000000000E-050   1.8818085263795183E-011   1.5725714277231323E-006   1.1492513487833958E-002  0.65874432830995711       0.98518167193412665     
   1.1126420798254848        1.0000000000000000E-050   1.0000000000000000E-050   1.0405152828940327E-010   2.9308371289378111E-006   1.5047002344715964E-002  0.66034824746743159       0.98627125185747722     
  0.63366451394833589        1.0000000000000000E-050   1.0000000000000000E-050   3.1404070775830812E-010   4.4116511817258211E-006   1.7090531607405271E-002  0.66034824746743159       0.98627125185747722     
  0.36088039767501873        1.0000000000000000E-050   1.0000000000000000E-050   7.2044240081199935E-010   6.0980975269187163E-006   1.9372187305896457E-002  0.67667613712211505       0.98627125185747722     
  0.20552620283972217        1.0000000000000000E-050   1.0000000000000000E-050   1.3304931366439011E-009   8.1449522289355715E-006   2.0247129032148221E-002  0.67959994507495924       0.98627125185747722     
  0.11704991550068541        1.0000000000000000E-050   1.6570204957649324E-012   1.8308900618551301E-009   8.9475103206054545E-006   2.1710110791603218E-002  0.67959994507495924       0.98627125185747722     
   6.6661489043331051E-002   1.0000000000000000E-050   8.0300203029018779E-012   2.8274800589557495E-009   1.0452086154375066E-005   2.3296139680995444E-002  0.68991935110697500       0.98627125185747722     
   3.7964607684386788E-002   1.0000000000000000E-050   1.3464398327134992E-011   3.2154128531736243E-009   1.0848816948213646E-005   2.3488109342589814E-002  0.68991935110697500       0.98627125185747722     
   2.1621350757594453E-002   1.0189626452530589E-012   1.6097270899123986E-011   3.5194049742938140E-009   1.1792158868410619E-005   2.5079353323227072E-002  0.69412489700619251       0.98627125185747722     
   1.2313647818233240E-002   1.1538931373445359E-012   1.6097270899123986E-011   3.5194049742938140E-009   1.2150875670819475E-005   2.5079353323227072E-002  0.69412489700619251       0.98627125185747722     
   7.0127867722705496E-003   1.1538931373445359E-012   1.6097270899123986E-011   3.5194049742938140E-009   1.2150875670819475E-005   2.5079353323227072E-002  0.69412489700619251       0.98627125185747722     
   3.9938756605099194E-003   1.1538931373445359E-012   1.6097270899123986E-011   3.5194049742938140E-009   1.2150875670819475E-005   2.5079353323227072E-002  0.69412489700619251       0.98627125185747722     
   2.2745654915227128E-003   1.1538931373445359E-012   1.6097270899123986E-011   3.5194049742938140E-009   1.2150875670819475E-005   2.5079353323227072E-002  0.69412489700619251       0.98627125185747722     
   1.2953954041136629E-003   1.1538931373445359E-012   1.6097270899123986E-011   3.5194049742938140E-009   1.2150875670819475E-005   2.5079353323227072E-002  0.69412489700619251       0.98627125185747722     
   7.3774497118367138E-004   1.1538931373445359E-012   1.6097270899123986E-011   3.5194049742938140E-009   1.2150875670819475E-005   2.5079353323227072E-002  0.69412489700619251       0.98627125185747722     
   4.2015560714390185E-004   1.1538931373445359E-012   1.6097270899123986E-011   3.5194049742938140E-009   1.2150875670819475E-005   2.5079353323227072E-002  0.69412489700619251       0.98627125185747722     
   2.3928422572806819E-004   1.1538931373445359E-012   1.6097270899123986E-011   3.5194049742938140E-009   1.2150875670819475E-005   2.5079353323227072E-002  0.69412489700619251       0.98627125185747722     
   1.3627556007522420E-004   1.1538931373445359E-012   1.6097270899123986E-011   3.5194049742938140E-009   1.2150875670819475E-005   2.5079353323227072E-002  0.69412489700619251       0.98627125185747722     
   7.7610750216860799E-005   1.1538931373445359E-012   1.6097270899123986E-011   3.5194049742938140E-009   1.2150875670819475E-005   2.5079353323227072E-002  0.69412489700619251       0.98627125185747722     
   4.4200358053190338E-005   1.1538931373445359E-012   1.6097270899123986E-011   3.5194049742938140E-009   1.2150875670819475E-005   2.5079353323227072E-002  0.69412489700619251       0.98627125185747722     
   2.5172693815885867E-005   1.1538931373445359E-012   1.6097270899123986E-011   3.5194049742938140E-009   1.2150875670819475E-005   2.5079353323227072E-002  0.69412489700619251       0.98627125185747722     
   1.4336185086686174E-005   1.1538931373445359E-012   1.6097270899123986E-011   3.5194049742938140E-009   1.2150875670819475E-005   2.5079353323227072E-002  0.69412489700619251       0.98627125185747722     
   8.1646487397395864E-006   1.1538931373445359E-012   1.6097270899123986E-011   3.5194049742938140E-009   1.2150875670819475E-005   2.5079353323227072E-002  0.69412489700619251       0.98627125185747722     
   4.6498764239057483E-006   1.1538931373445359E-012   1.6097270899123986E-011   3.5194049742938140E-009   1.2150875670819475E-005   2.5079353323227072E-002  0.69412489700619251       0.98627125185747722     
   2.6481666813610068E-006   1.1538931373445359E-012   1.6097270899123986E-011   3.5194049742938140E-009   1.2150875670819475E-005   2.5079353323227072E-002  0.69412489700619251       0.98627125185747722     
   1.5081662678639640E-006   1.1538931373445359E-012   1.6097270899123986E-011   3.5194049742938140E-009   1.2150875670819475E-005   2.5079353323227072E-002  0.69412489700619251       0.98627125185747722     
   8.5892081776126024E-007   1.1538931373445359E-012   1.6097270899123986E-011   3.5194049742938140E-009   1.2150875670819475E-005   2.5079353323227072E-002  0.69412489700619251       0.98627125185747722     
   4.8916686900082311E-007   1.1538931373445359E-012   1.6097270899123986E-011   3.5194049742938140E-009   1.2150875670819475E-005   2.5079353323227072E-002  0.69412489700619251       0.98627125185747722     
   2.7858706039021419E-007   1.1538931373445359E-012   1.6097270899123986E-011   3.5194049742938140E-009   1.2150875670819475E-005   2.5079353323227072E-002  0.69412489700619251       0.98627125185747722     
   1.5865904895683008E-007   1.1538931373445359E-012   1.6097270899123986E-011   3.5194049742938140E-009   1.2150875670819475E-005   2.5079353323227072E-002  0.69412489700619251       0.98627125185747722     
   9.0358445868328011E-008   1.1538931373445359E-012   1.6097270899123986E-011   3.5194049742938140E-009   1.2150875670819475E-005   2.5079353323227072E-002  0.69412489700619251       0.98627125185747722     
   5.1460340859354975E-008   1.1538931373445359E-012   1.6097270899123986E-011   3.5194049742938140E-009   1.2150875670819475E-005   2.5079353323227072E-002  0.69412489700619251       0.98627125185747722     
   2.9307350916813654E-008   1.1538931373445359E-012   1.6097270899123986E-011   3.5194049742938140E-009   1.2150875670819475E-005   2.5079353323227072E-002  0.69412489700619251       0.98627125185747722     
   1.6690927487417033E-008   1.1538931373445359E-012   1.6097270899123986E-011   3.5194049742938140E-009   1.2150875670819475E-005   2.5079353323227072E-002  0.69412489700619251       0.98627125185747722     
   9.5057059637003152E-009   1.1538931373445359E-012   1.6097270899123986E-011   3.5194049742938140E-009   1.2150875670819475E-005   2.5079353323227072E-002  0.69412489700619251       0.98627125185747722     
   5.4136264109018059E-009   1.1538931373445359E-012   1.6097270899123986E-011   3.5194049742938140E-009   1.2150875670819475E-005   2.5079353323227072E-002  0.69412489700619251       0.98627125185747722     
   3.0831324920768950E-009   1.1538931373445359E-012   1.6097270899123986E-011   3.5194049742938140E-009   1.2150875670819475E-005   2.5079353323227072E-002  0.69412489700619251       0.98627125185747722     
   1.7558851021854787E-009   1.1538931373445359E-012   1.6097270899123986E-011   3.5194049742938140E-009   1.2150875670819475E-005   2.5079353323227072E-002  0.69412489700619251       0.98627125185747722     
   1.0000000000000007E-009   1.1538931373445359E-012   1.6097270899123986E-011   3.5194049742938140E-009   1.2150875670819475E-005   2.5079353323227072E-002  0.69412489700619251       0.98627125185747722     
