   955.67144507929390        1.0000000000000000E-050   1.0000000000000000E-050   1.0000000000000000E-050   1.0000000000000000E-050   1.0000000000000000E-050  0.21821839254981684       0.51402877904260280     
   544.26764250679571        1.0000000000000000E-050   1.0000000000000000E-050   1.0000000000000000E-050   1.0000000000000000E-050   2.6437564287466403E-012  0.26045569074078612       0.62034746072682756     
   309.96768628503588        1.0000000000000000E-050   1.0000000000000000E-050   1.0000000000000000E-050   1.0000000000000000E-050   6.2379132568282803E-003  0.33339427686155720       0.63064575968891567     
   176.53073421446078        1.0000000000000000E-050   1.0000000000000000E-050   1.0000000000000000E-050   1.0000000000000000E-050   2.6256890488637167E-002  0.38712154186810682       0.63064575968891567     
   100.53660914073507        1.0000000000000000E-050   1.0000000000000000E-050   1.0000000000000000E-050   1.0000000000000000E-050   5.8834678265820145E-002  0.42678510566170536       0.74492037393894017     
   57.256940682281140        1.0000000000000000E-050   1.0000000000000000E-050   1.0000000000000000E-050   6.2309105412242632E-009   8.4073417793853453E-002  0.46034858962093084       0.86254253649840718     
   32.608591878258899        1.0000000000000000E-050   1.0000000000000000E-050   1.0000000000000000E-050   4.2581370534094409E-006  0.11660153040509449       0.47578577286833634       0.89826267016180861     
   18.571028273816058        1.0000000000000000E-050   1.0000000000000000E-050   1.0000000000000000E-050   1.3372219030278660E-004  0.14527837560816487       0.49538334097900188       0.89826267016180861     
   10.576448453661053        1.0000000000000000E-050   1.0000000000000000E-050   1.0000000000000000E-050   4.9907651447391637E-004  0.15994085767385793       0.49897414316810074       0.89826267016180861     
   6.0234285492239703        1.0000000000000000E-050   1.0000000000000000E-050   1.0000000000000000E-050   1.4718597787303164E-003  0.17695174929080687       0.50875307782149437       0.89826267016180861     
   3.4304229483619735        1.0000000000000000E-050   1.0000000000000000E-050   1.0000000000000000E-050   3.0721931723175174E-003  0.19346328559639261       0.51133359319802463       0.89826267016180861     
   1.9536716520302315        1.0000000000000000E-050   1.0000000000000000E-050   2.1146160437851239E-009   6.0867172245820146E-003  0.20420110637168207       0.51906370237539090       0.89826267016180861     
   1.1126420798254848        1.0000000000000000E-050   1.0000000000000000E-050   4.8388394354881933E-008   7.8720140016787059E-003  0.20794265457109753       0.51906370237539090       0.89826267016180861     
  0.63366451394833589        1.0000000000000000E-050   1.0000000000000000E-050   1.7229255812382772E-007   1.1192989469453178E-002  0.21356479325449590       0.52204987297317540       0.89826267016180861     
  0.36088039767501873        1.0000000000000000E-050   1.0000000000000000E-050   5.5544299642827745E-007   1.4481256575444117E-002  0.21949635156225114       0.52487404811084715       0.89826267016180861     
  0.20552620283972217        1.0000000000000000E-050   1.0000000000000000E-050   1.1322114840838208E-006   1.5690363086025259E-002  0.22593585879657491       0.54374756938907376       0.89826267016180861     
  0.11704991550068541        1.0000000000000000E-050   1.4777599732029335E-011   1.7570114542686589E-006   1.6489222240769357E-002  0.22593585879657491       0.54397595295455592       0.89826267016180861     
   6.6661489043331051E-002   1.0000000000000000E-050   4.2387982970270478E-010   2.8224512971978778E-006   1.7315362989176693E-002  0.22752430786128822       0.54397595295455592       0.89826267016180861     
   3.7964607684386788E-002   1.0000000000000000E-050   8.2770215292070320E-010   3.0616861967604079E-006   1.7449963931925928E-002  0.22752430786128822       0.54397595295455592       0.89826267016180861     
   2.1621350757594453E-002   4.5912885706477540E-012   1.3473403806185690E-009   3.8240243882517103E-006   1.8133158973892931E-002  0.22967236536052435       0.54397595295455592       0.89826267016180861     
   1.2313647818233240E-002   8.5097011443886590E-012   1.3473403806185690E-009   3.9121394596033097E-006   1.8133158973892931E-002  0.22967236536052435       0.54397595295455592       0.89826267016180861     
   7.0127867722705496E-003   8.5097011443886590E-012   1.3473403806185690E-009   3.9121394596033097E-006   1.8133158973892931E-002  0.22967236536052435       0.54397595295455592       0.89826267016180861     
   3.9938756605099194E-003   8.5097011443886590E-012   1.3473403806185690E-009   3.9121394596033097E-006   1.8133158973892931E-002  0.22967236536052435       0.54397595295455592       0.89826267016180861     
   2.2745654915227128E-003   8.5097011443886590E-012   1.3473403806185690E-009   3.9121394596033097E-006   1.8133158973892931E-002  0.22967236536052435       0.54397595295455592       0.89826267016180861     
   1.2953954041136629E-003   8.5097011443886590E-012   1.3473403806185690E-009   3.9121394596033097E-006   1.8133158973892931E-002  0.22967236536052435       0.54397595295455592       0.89826267016180861     
   7.3774497118367138E-004   8.5097011443886590E-012   1.3473403806185690E-009   3.9121394596033097E-006   1.8133158973892931E-002  0.22967236536052435       0.54397595295455592       0.89826267016180861     
   4.2015560714390185E-004   8.5097011443886590E-012   1.3473403806185690E-009   3.9121394596033097E-006   1.8133158973892931E-002  0.22967236536052435       0.54397595295455592       0.89826267016180861     
   2.3928422572806819E-004   8.5097011443886590E-012   1.3473403806185690E-009   3.9121394596033097E-006   1.8133158973892931E-002  0.22967236536052435       0.54397595295455592       0.89826267016180861     
   1.3627556007522420E-004   8.5097011443886590E-012   1.3473403806185690E-009   3.9121394596033097E-006   1.8133158973892931E-002  0.22967236536052435       0.54397595295455592       0.89826267016180861     
   7.7610750216860799E-005   8.5097011443886590E-012   1.3473403806185690E-009   3.9121394596033097E-006   1.8133158973892931E-002  0.22967236536052435       0.54397595295455592       0.89826267016180861     
   4.4200358053190338E-005   8.5097011443886590E-012   1.3473403806185690E-009   3.9121394596033097E-006   1.8133158973892931E-002  0.22967236536052435       0.54397595295455592       0.89826267016180861     
   2.5172693815885867E-005   8.5097011443886590E-012   1.3473403806185690E-009   3.9121394596033097E-006   1.8133158973892931E-002  0.22967236536052435       0.54397595295455592       0.89826267016180861     
   1.4336185086686174E-005   8.5097011443886590E-012   1.3473403806185690E-009   3.9121394596033097E-006   1.8133158973892931E-002  0.22967236536052435       0.54397595295455592       0.89826267016180861     
   8.1646487397395864E-006   8.5097011443886590E-012   1.3473403806185690E-009   3.9121394596033097E-006   1.8133158973892931E-002  0.22967236536052435       0.54397595295455592       0.89826267016180861     
   4.6498764239057483E-006   8.5097011443886590E-012   1.3473403806185690E-009   3.9121394596033097E-006   1.8133158973892931E-002  0.22967236536052435       0.54397595295455592       0.89826267016180861     
   2.6481666813610068E-006   8.5097011443886590E-012   1.3473403806185690E-009   3.9121394596033097E-006   1.8133158973892931E-002  0.22967236536052435       0.54397595295455592       0.89826267016180861     
   1.5081662678639640E-006   8.5097011443886590E-012   1.3473403806185690E-009   3.9121394596033097E-006   1.8133158973892931E-002  0.22967236536052435       0.54397595295455592       0.89826267016180861     
   8.5892081776126024E-007   8.5097011443886590E-012   1.3473403806185690E-009   3.9121394596033097E-006   1.8133158973892931E-002  0.22967236536052435       0.54397595295455592       0.89826267016180861     
   4.8916686900082311E-007   8.5097011443886590E-012   1.3473403806185690E-009   3.9121394596033097E-006   1.8133158973892931E-002  0.22967236536052435       0.54397595295455592       0.89826267016180861     
   2.7858706039021419E-007   8.5097011443886590E-012   1.3473403806185690E-009   3.9121394596033097E-006   1.8133158973892931E-002  0.22967236536052435       0.54397595295455592       0.89826267016180861     
   1.5865904895683008E-007   8.5097011443886590E-012   1.3473403806185690E-009   3.9121394596033097E-006   1.8133158973892931E-002  0.22967236536052435       0.54397595295455592       0.89826267016180861     
   9.0358445868328011E-008   8.5097011443886590E-012   1.3473403806185690E-009   3.9121394596033097E-006   1.8133158973892931E-002  0.22967236536052435       0.54397595295455592       0.89826267016180861     
   5.1460340859354975E-008   8.5097011443886590E-012   1.3473403806185690E-009   3.9121394596033097E-006   1.8133158973892931E-002  0.22967236536052435       0.54397595295455592       0.89826267016180861     
   2.9307350916813654E-008   8.5097011443886590E-012   1.3473403806185690E-009   3.9121394596033097E-006   1.8133158973892931E-002  0.22967236536052435       0.54397595295455592       0.89826267016180861     
   1.6690927487417033E-008   8.5097011443886590E-012   1.3473403806185690E-009   3.9121394596033097E-006   1.8133158973892931E-002  0.22967236536052435       0.54397595295455592       0.89826267016180861     
   9.5057059637003152E-009   8.5097011443886590E-012   1.3473403806185690E-009   3.9121394596033097E-006   1.8133158973892931E-002  0.22967236536052435       0.54397595295455592       0.89826267016180861     
   5.4136264109018059E-009   8.5097011443886590E-012   1.3473403806185690E-009   3.9121394596033097E-006   1.8133158973892931E-002  0.22967236536052435       0.54397595295455592       0.89826267016180861     
   3.0831324920768950E-009   8.5097011443886590E-012   1.3473403806185690E-009   3.9121394596033097E-006   1.8133158973892931E-002  0.22967236536052435       0.54397595295455592       0.89826267016180861     
   1.7558851021854787E-009   8.5097011443886590E-012   1.3473403806185690E-009   3.9121394596033097E-006   1.8133158973892931E-002  0.22967236536052435       0.54397595295455592       0.89826267016180861     
   1.0000000000000007E-009   8.5097011443886590E-012   1.3473403806185690E-009   3.9121394596033097E-006   1.8133158973892931E-002  0.22967236536052435       0.54397595295455592       0.89826267016180861     
