   955.67144507929390        500000000.00000048        500000000.00000048        500000000.00000048        500000000.00000048        500000000.00000048        500000000.00000048        500000000.00000048     
   544.26764250679571        500000000.00000048        500000000.00000048        500000000.00000048        500000000.00000048        500000000.00000048        500000000.00000048        500000000.00000048     
   309.96768628503588        500000000.00000048        500000000.00000048        500000000.00000048        500000000.00000048        500000000.00000048        500000000.00000048        500000000.00000048     
   176.53073421446078        500000000.00000048        500000000.00000048        500000000.00000048        500000000.00000048        500000000.00000048        500000000.00000048        500000000.00000048     
   100.53660914073507        500000000.00000048        500000000.00000048        500000000.00000048        500000000.00000048        500000000.00000048        500000000.00000048        500000000.00000048     
   57.256940682281140        500000000.00000048        500000000.00000048        500000000.00000048        500000000.00000048        500000000.00000048        500000000.00000048        500000000.00000048     
   32.608591878258899        500000000.00000048        500000000.00000048        500000000.00000048        500000000.00000048        500000000.00000048        500000000.00000048        500000000.00000048     
   18.571028273816058        500000000.00000048        500000000.00000048        500000000.00000048        500000000.00000048        500000000.00000048        500000000.00000048        500000000.00000048     
   10.576448453661053        500000000.00000048        500000000.00000048        500000000.00000048        500000000.00000048        500000000.00000048        500000000.00000048        500000000.00000048     
   6.0234285492239703        500000000.00000048        500000000.00000048        500000000.00000048        500000000.00000048        500000000.00000048        500000000.00000048        500000000.00000048     
   3.4304229483619735        500000000.00000048        500000000.00000048        500000000.00000048        500000000.00000048        500000000.00000048        500000000.00000048        500000000.00000048     
   1.9536716520302315        500000000.00000048        500000000.00000048        500000000.00000048        500000000.00000048        500000000.00000048        500000000.00000048        500000000.00000048     
   1.1126420798254848        500000000.00000048        500000000.00000048        500000000.00000048        500000000.00000048        500000000.00000048        500000000.00000048        500000000.00000048     
  0.63366451394833589        500000000.00000048        500000000.00000048        500000000.00000048        500000000.00000048        500000000.00000048        500000000.00000048        500000000.00000048     
  0.36088039767501873        500000000.00000048        500000000.00000048        500000000.00000048        500000000.00000048        500000000.00000048        500000000.00000048        500000000.00000048     
  0.20552620283972217        500000000.00000048        500000000.00000048        500000000.00000048        500000000.00000048        500000000.00000048        500000000.00000048        500000000.00000048     
  0.11704991550068541        500000000.00000048        500000000.00000048        500000000.00000048        500000000.00000048        500000000.00000048        500000000.00000048        500000000.00000048     
   6.6661489043331051E-002   500000000.00000048        500000000.00000048        500000000.00000048        500000000.00000048        500000000.00000048        500000000.00000048        500000000.00000048     
   3.7964607684386788E-002   500000000.00000048        500000000.00000048        500000000.00000048        500000000.00000048        500000000.00000048        500000000.00000048        500000000.00000048     
   2.1621350757594453E-002   500000000.00000048        500000000.00000048        500000000.00000048        500000000.00000048        500000000.00000048        500000000.00000048        500000000.00000048     
   1.2313647818233240E-002   500000000.00000048        500000000.00000048        500000000.00000048        500000000.00000048        500000000.00000048        500000000.00000048        500000000.00000048     
   7.0127867722705496E-003   500000000.00000048        500000000.00000048        500000000.00000048        500000000.00000048        500000000.00000048        500000000.00000048        500000000.00000048     
   3.9938756605099194E-003   500000000.00000048        500000000.00000048        500000000.00000048        500000000.00000048        500000000.00000048        500000000.00000048        500000000.00000048     
   2.2745654915227128E-003   500000000.00000048        500000000.00000048        500000000.00000048        500000000.00000048        500000000.00000048        500000000.00000048        500000000.00000048     
   1.2953954041136629E-003   500000000.00000048        500000000.00000048        500000000.00000048        500000000.00000048        500000000.00000048        500000000.00000048        500000000.00000048     
   7.3774497118367138E-004   500000000.00000048        500000000.00000048        500000000.00000048        500000000.00000048        500000000.00000048        500000000.00000048        500000000.00000048     
   4.2015560714390185E-004   500000000.00000048        500000000.00000048        500000000.00000048        500000000.00000048        500000000.00000048        500000000.00000048        500000000.00000048     
   2.3928422572806819E-004   500000000.00000048        500000000.00000048        500000000.00000048        500000000.00000048        500000000.00000048        500000000.00000048        500000000.00000048     
   1.3627556007522420E-004   500000000.00000048        500000000.00000048        500000000.00000048        500000000.00000048        500000000.00000048        500000000.00000048        500000000.00000048     
   7.7610750216860799E-005   500000000.00000048        500000000.00000048        500000000.00000048        500000000.00000048        500000000.00000048        500000000.00000048        500000000.00000048     
   4.4200358053190338E-005   500000000.00000048        500000000.00000048        500000000.00000048        500000000.00000048        500000000.00000048        500000000.00000048        500000000.00000048     
   2.5172693815885867E-005   500000000.00000048        500000000.00000048        500000000.00000048        500000000.00000048        500000000.00000048        500000000.00000048        500000000.00000048     
   1.4336185086686174E-005   500000000.00000048        500000000.00000048        500000000.00000048        500000000.00000048        500000000.00000048        500000000.00000048        500000000.00000048     
   8.1646487397395864E-006   500000000.00000048        500000000.00000048        500000000.00000048        500000000.00000048        500000000.00000048        500000000.00000048        500000000.00000048     
   4.6498764239057483E-006   500000000.00000048        500000000.00000048        500000000.00000048        500000000.00000048        500000000.00000048        500000000.00000048        500000000.00000048     
   2.6481666813610068E-006   500000000.00000048        500000000.00000048        500000000.00000048        500000000.00000048        500000000.00000048        500000000.00000048        500000000.00000048     
   1.5081662678639640E-006   500000000.00000048        500000000.00000048        500000000.00000048        500000000.00000048        500000000.00000048        500000000.00000048        500000000.00000048     
   8.5892081776126024E-007   500000000.00000048        500000000.00000048        500000000.00000048        500000000.00000048        500000000.00000048        500000000.00000048        500000000.00000048     
   4.8916686900082311E-007   500000000.00000048        500000000.00000048        500000000.00000048        500000000.00000048        500000000.00000048        500000000.00000048        500000000.00000048     
   2.7858706039021419E-007   500000000.00000048        500000000.00000048        500000000.00000048        500000000.00000048        500000000.00000048        500000000.00000048        500000000.00000048     
   1.5865904895683008E-007   500000000.00000048        500000000.00000048        500000000.00000048        500000000.00000048        500000000.00000048        500000000.00000048        500000000.00000048     
   9.0358445868328011E-008   500000000.00000048        500000000.00000048        500000000.00000048        500000000.00000048        500000000.00000048        500000000.00000048        500000000.00000048     
   5.1460340859354975E-008   500000000.00000048        500000000.00000048        500000000.00000048        500000000.00000048        500000000.00000048        500000000.00000048        500000000.00000048     
   2.9307350916813654E-008   500000000.00000048        500000000.00000048        500000000.00000048        500000000.00000048        500000000.00000048        500000000.00000048        500000000.00000048     
   1.6690927487417033E-008   500000000.00000048        500000000.00000048        500000000.00000048        500000000.00000048        500000000.00000048        500000000.00000048        500000000.00000048     
   9.5057059637003152E-009   500000000.00000048        500000000.00000048        500000000.00000048        500000000.00000048        500000000.00000048        500000000.00000048        500000000.00000048     
   5.4136264109018059E-009   500000000.00000048        500000000.00000048        500000000.00000048        500000000.00000048        500000000.00000048        500000000.00000048        500000000.00000048     
   3.0831324920768950E-009   500000000.00000048        500000000.00000048        500000000.00000048        500000000.00000048        500000000.00000048        500000000.00000048        500000000.00000048     
   1.7558851021854787E-009   500000000.00000048        500000000.00000048        500000000.00000048        500000000.00000048        500000000.00000048        500000000.00000048        500000000.00000048     
   1.0000000000000007E-009   500000000.00000048        500000000.00000048        500000000.00000048        500000000.00000048        500000000.00000048        500000000.00000048        500000000.00000048     
