#     T[K]       P[bar]  Kzz[cm^2/s]
   511.089   7.361E-001   5.000E+008
   459.860   5.086E-001   5.000E+008
   413.765   3.514E-001   5.000E+008
   372.291   2.428E-001   5.000E+008
   334.974   1.678E-001   5.000E+008
   301.404   1.159E-001   5.000E+008
   271.747   8.010E-002   5.000E+008
   249.019   5.534E-002   5.000E+008
   233.957   3.824E-002   5.000E+008
   223.673   2.642E-002   5.000E+008
   216.745   1.826E-002   5.000E+008
   212.299   1.261E-002   5.000E+008
   209.659   8.716E-003   5.000E+008
   208.402   6.022E-003   5.000E+008
   208.406   4.161E-003   5.000E+008
   209.858   2.875E-003   5.000E+008
   212.605   1.987E-003   5.000E+008
   216.435   1.373E-003   5.000E+008
   221.149   9.485E-004   5.000E+008
   226.093   6.554E-004   5.000E+008
   230.392   4.528E-004   5.000E+008
   233.745   3.129E-004   5.000E+008
   236.515   2.162E-004   5.000E+008
   239.300   1.494E-004   5.000E+008
   241.603   1.032E-004   5.000E+008
   242.873   7.131E-005   5.000E+008
   243.752   4.928E-005   5.000E+008
   244.417   3.405E-005   5.000E+008
   244.223   2.353E-005   5.000E+008
   243.426   1.625E-005   5.000E+008
   242.162   1.123E-005   5.000E+008
   240.150   7.760E-006   5.000E+008
   237.704   5.362E-006   5.000E+008
   235.080   3.705E-006   5.000E+008
   232.289   2.560E-006   5.000E+008
   229.116   1.769E-006   5.000E+008
   225.407   1.222E-006   5.000E+008
   221.236   8.445E-007   5.000E+008
   216.591   5.835E-007   5.000E+008
   211.228   4.032E-007   5.000E+008
   205.646   2.786E-007   5.000E+008
   201.492   1.925E-007   5.000E+008
   198.329   1.330E-007   5.000E+008
   194.400   9.190E-008   5.000E+008
   189.866   6.350E-008   5.000E+008
   185.370   4.387E-008   5.000E+008
   181.125   3.031E-008   5.000E+008
   177.269   2.095E-008   5.000E+008
   173.762   1.447E-008   5.000E+008
   169.770   1.000E-008   5.000E+008
