   955.67144507929390        1.0000000000000000E-050   1.0000000000000000E-050   1.0000000000000000E-050   1.0000000000000000E-050   1.0000000000000000E-050   2.4848839077756471E-004  0.90087522646342300     
   544.26764250679571        1.0000000000000000E-050   1.0000000000000000E-050   1.0000000000000000E-050   1.0000000000000000E-050   5.4195131717043499E-013   6.7273190383258120E-003  0.99140508243288628     
   309.96768628503588        1.0000000000000000E-050   1.0000000000000000E-050   1.0000000000000000E-050   1.0000000000000000E-050   1.2458509521809293E-007  0.15282370525325129       0.99240598447515960     
   176.53073421446078        1.0000000000000000E-050   1.0000000000000000E-050   1.0000000000000000E-050   1.0000000000000000E-050   5.3332599561822021E-006  0.33527290194900683       0.99404542251281314     
   100.53660914073507        1.0000000000000000E-050   1.0000000000000000E-050   1.0000000000000000E-050   1.0000000000000000E-050   8.2941407056632519E-005  0.38415008541516082       0.99404542251281314     
   57.256940682281140        1.0000000000000000E-050   1.0000000000000000E-050   1.0000000000000000E-050   1.8200758641817535E-011   3.1395597758481847E-004  0.47135763139708925       0.99688737872328681     
   32.608591878258899        1.0000000000000000E-050   1.0000000000000000E-050   1.0000000000000000E-050   8.8344644108022814E-010   1.1208903824382833E-003  0.56662779969682098       0.99688737872328681     
   18.571028273816058        1.0000000000000000E-050   1.0000000000000000E-050   1.0000000000000000E-050   2.2290911805838667E-008   2.4339184874917108E-003  0.69282094022368701       0.99688737872328681     
   10.576448453661053        1.0000000000000000E-050   1.0000000000000000E-050   1.0000000000000000E-050   9.3240022984362088E-008   4.5738526180870622E-003  0.70865649188283431       0.99944482799613277     
   6.0234285492239703        1.0000000000000000E-050   1.0000000000000000E-050   1.0000000000000000E-050   3.2357872914721902E-007   6.4572530942564937E-003  0.79968074990640658       0.99944482799613277     
   3.4304229483619735        1.0000000000000000E-050   1.0000000000000000E-050   1.0000000000000000E-050   7.2024616376823544E-007   7.8528872014271590E-003  0.82563919290143506       0.99944482799613277     
   1.9536716520302315        1.0000000000000000E-050   1.0000000000000000E-050   2.0690115491429224E-011   1.3552321580945629E-006   1.0473459657349101E-002  0.84793977422245581       0.99944482799613277     
   1.1126420798254848        1.0000000000000000E-050   1.0000000000000000E-050   1.2713401921715994E-010   2.7188213817904635E-006   1.3542389001602845E-002  0.86839671379410754       0.99944482799613277     
  0.63366451394833589        1.0000000000000000E-050   1.0000000000000000E-050   4.3767010512535560E-010   4.0880837190778938E-006   1.4748754150799908E-002  0.86839671379410754       0.99944482799613277     
  0.36088039767501873        1.0000000000000000E-050   1.0000000000000000E-050   7.8156121452105175E-010   5.1508360363659408E-006   1.8335470408510777E-002  0.87942451142508604       0.99944482799613277     
  0.20552620283972217        1.0000000000000000E-050   1.0000000000000000E-050   1.3982414661568668E-009   6.5101200280892764E-006   1.9333758708428794E-002  0.87942451142508604       0.99944482799613277     
  0.11704991550068541        1.0000000000000000E-050   2.2371643659658171E-012   2.0144136885607984E-009   7.4701967973537034E-006   2.0420185436424817E-002  0.87969808239416403       0.99944482799613277     
   6.6661489043331051E-002   1.0000000000000000E-050   8.6592248895591930E-012   3.4216228591088088E-009   8.6563252093094227E-006   2.1175737491962630E-002  0.87969808239416403       0.99944482799613277     
   3.7964607684386788E-002   1.0000000000000000E-050   1.3274627246922966E-011   3.9089328619780465E-009   9.2843109429826957E-006   2.1745744171087128E-002  0.87969808239416403       0.99944482799613277     
   2.1621350757594453E-002   1.4429598102460435E-012   1.6634446143214829E-011   4.6444771458416208E-009   1.0259172137737686E-005   2.2265774604083740E-002  0.87969808239416403       0.99944482799613277     
   1.2313647818233240E-002   1.5012645729205934E-012   1.6906673715820229E-011   4.6444771458416208E-009   1.0259172137737686E-005   2.2265774604083740E-002  0.87969808239416403       0.99944482799613277     
   7.0127867722705496E-003   1.5012645729205934E-012   1.6906673715820229E-011   4.6444771458416208E-009   1.0259172137737686E-005   2.2265774604083740E-002  0.87969808239416403       0.99944482799613277     
   3.9938756605099194E-003   1.5012645729205934E-012   1.6906673715820229E-011   4.6444771458416208E-009   1.0259172137737686E-005   2.2265774604083740E-002  0.87969808239416403       0.99944482799613277     
   2.2745654915227128E-003   1.5012645729205934E-012   1.6906673715820229E-011   4.6444771458416208E-009   1.0259172137737686E-005   2.2265774604083740E-002  0.87969808239416403       0.99944482799613277     
   1.2953954041136629E-003   1.5012645729205934E-012   1.6906673715820229E-011   4.6444771458416208E-009   1.0259172137737686E-005   2.2265774604083740E-002  0.87969808239416403       0.99944482799613277     
   7.3774497118367138E-004   1.5012645729205934E-012   1.6906673715820229E-011   4.6444771458416208E-009   1.0259172137737686E-005   2.2265774604083740E-002  0.87969808239416403       0.99944482799613277     
   4.2015560714390185E-004   1.5012645729205934E-012   1.6906673715820229E-011   4.6444771458416208E-009   1.0259172137737686E-005   2.2265774604083740E-002  0.87969808239416403       0.99944482799613277     
   2.3928422572806819E-004   1.5012645729205934E-012   1.6906673715820229E-011   4.6444771458416208E-009   1.0259172137737686E-005   2.2265774604083740E-002  0.87969808239416403       0.99944482799613277     
   1.3627556007522420E-004   1.5012645729205934E-012   1.6906673715820229E-011   4.6444771458416208E-009   1.0259172137737686E-005   2.2265774604083740E-002  0.87969808239416403       0.99944482799613277     
   7.7610750216860799E-005   1.5012645729205934E-012   1.6906673715820229E-011   4.6444771458416208E-009   1.0259172137737686E-005   2.2265774604083740E-002  0.87969808239416403       0.99944482799613277     
   4.4200358053190338E-005   1.5012645729205934E-012   1.6906673715820229E-011   4.6444771458416208E-009   1.0259172137737686E-005   2.2265774604083740E-002  0.87969808239416403       0.99944482799613277     
   2.5172693815885867E-005   1.5012645729205934E-012   1.6906673715820229E-011   4.6444771458416208E-009   1.0259172137737686E-005   2.2265774604083740E-002  0.87969808239416403       0.99944482799613277     
   1.4336185086686174E-005   1.5012645729205934E-012   1.6906673715820229E-011   4.6444771458416208E-009   1.0259172137737686E-005   2.2265774604083740E-002  0.87969808239416403       0.99944482799613277     
   8.1646487397395864E-006   1.5012645729205934E-012   1.6906673715820229E-011   4.6444771458416208E-009   1.0259172137737686E-005   2.2265774604083740E-002  0.87969808239416403       0.99944482799613277     
   4.6498764239057483E-006   1.5012645729205934E-012   1.6906673715820229E-011   4.6444771458416208E-009   1.0259172137737686E-005   2.2265774604083740E-002  0.87969808239416403       0.99944482799613277     
   2.6481666813610068E-006   1.5012645729205934E-012   1.6906673715820229E-011   4.6444771458416208E-009   1.0259172137737686E-005   2.2265774604083740E-002  0.87969808239416403       0.99944482799613277     
   1.5081662678639640E-006   1.5012645729205934E-012   1.6906673715820229E-011   4.6444771458416208E-009   1.0259172137737686E-005   2.2265774604083740E-002  0.87969808239416403       0.99944482799613277     
   8.5892081776126024E-007   1.5012645729205934E-012   1.6906673715820229E-011   4.6444771458416208E-009   1.0259172137737686E-005   2.2265774604083740E-002  0.87969808239416403       0.99944482799613277     
   4.8916686900082311E-007   1.5012645729205934E-012   1.6906673715820229E-011   4.6444771458416208E-009   1.0259172137737686E-005   2.2265774604083740E-002  0.87969808239416403       0.99944482799613277     
   2.7858706039021419E-007   1.5012645729205934E-012   1.6906673715820229E-011   4.6444771458416208E-009   1.0259172137737686E-005   2.2265774604083740E-002  0.87969808239416403       0.99944482799613277     
   1.5865904895683008E-007   1.5012645729205934E-012   1.6906673715820229E-011   4.6444771458416208E-009   1.0259172137737686E-005   2.2265774604083740E-002  0.87969808239416403       0.99944482799613277     
   9.0358445868328011E-008   1.5012645729205934E-012   1.6906673715820229E-011   4.6444771458416208E-009   1.0259172137737686E-005   2.2265774604083740E-002  0.87969808239416403       0.99944482799613277     
   5.1460340859354975E-008   1.5012645729205934E-012   1.6906673715820229E-011   4.6444771458416208E-009   1.0259172137737686E-005   2.2265774604083740E-002  0.87969808239416403       0.99944482799613277     
   2.9307350916813654E-008   1.5012645729205934E-012   1.6906673715820229E-011   4.6444771458416208E-009   1.0259172137737686E-005   2.2265774604083740E-002  0.87969808239416403       0.99944482799613277     
   1.6690927487417033E-008   1.5012645729205934E-012   1.6906673715820229E-011   4.6444771458416208E-009   1.0259172137737686E-005   2.2265774604083740E-002  0.87969808239416403       0.99944482799613277     
   9.5057059637003152E-009   1.5012645729205934E-012   1.6906673715820229E-011   4.6444771458416208E-009   1.0259172137737686E-005   2.2265774604083740E-002  0.87969808239416403       0.99944482799613277     
   5.4136264109018059E-009   1.5012645729205934E-012   1.6906673715820229E-011   4.6444771458416208E-009   1.0259172137737686E-005   2.2265774604083740E-002  0.87969808239416403       0.99944482799613277     
   3.0831324920768950E-009   1.5012645729205934E-012   1.6906673715820229E-011   4.6444771458416208E-009   1.0259172137737686E-005   2.2265774604083740E-002  0.87969808239416403       0.99944482799613277     
   1.7558851021854787E-009   1.5012645729205934E-012   1.6906673715820229E-011   4.6444771458416208E-009   1.0259172137737686E-005   2.2265774604083740E-002  0.87969808239416403       0.99944482799613277     
   1.0000000000000007E-009   1.5012645729205934E-012   1.6906673715820229E-011   4.6444771458416208E-009   1.0259172137737686E-005   2.2265774604083740E-002  0.87969808239416403       0.99944482799613277     
