   955.67144507929390        1.0000000000000000E-050   1.0000000000000000E-050   1.0000000000000000E-050   1.0000000000000000E-050   1.0000000000000000E-050  0.55169370235634108       0.68858478849684868     
   544.26764250679571        1.0000000000000000E-050   1.0000000000000000E-050   1.0000000000000000E-050   1.0000000000000000E-050   9.8576783934621582E-004  0.60653896016453812       0.68858478849684868     
   309.96768628503588        1.0000000000000000E-050   1.0000000000000000E-050   1.0000000000000000E-050   1.0000000000000000E-050  0.46006161693814723       0.62481689694717524       0.69173869187670334     
   176.53073421446078        1.0000000000000000E-050   1.0000000000000000E-050   1.0000000000000000E-050   1.0000000000000000E-050  0.52751305883753563       0.63737376272464008       0.69251245916255255     
   100.53660914073507        1.0000000000000000E-050   1.0000000000000000E-050   1.0000000000000000E-050   1.0000000000000000E-050  0.55414447493511154       0.64679282124807169       0.69505462453899225     
   57.256940682281140        1.0000000000000000E-050   1.0000000000000000E-050   1.0000000000000000E-050   6.8712792060635589E-002  0.57056512748035215       0.65406877016013809       0.69861530109212477     
   32.608591878258899        1.0000000000000000E-050   1.0000000000000000E-050   1.0000000000000000E-050  0.30814168664260433       0.57983465795436706       0.65879096722853014       0.69861530109212477     
   18.571028273816058        1.0000000000000000E-050   1.0000000000000000E-050   1.0000000000000000E-050  0.39644629220300293       0.58605793332474854       0.65879096722853014       0.69861530109212477     
   10.576448453661053        1.0000000000000000E-050   1.0000000000000000E-050   1.0000000000000000E-050  0.42951295290324648       0.58817630733888793       0.65986001553485918       0.69861530109212477     
   6.0234285492239703        1.0000000000000000E-050   1.0000000000000000E-050   1.0000000000000000E-050  0.45796378172345381       0.59219892381335493       0.66091003083820066       0.69861530109212477     
   3.4304229483619735        1.0000000000000000E-050   1.0000000000000000E-050   1.0000000000000000E-050  0.47741649602722241       0.59485567604827672       0.66350249146193174       0.69861530109212477     
   1.9536716520302315        1.0000000000000000E-050   1.0000000000000000E-050   4.1317321575908866E-002  0.48836799457063540       0.59637341202654415       0.66544165498849683       0.69861530109212477     
   1.1126420798254848        1.0000000000000000E-050   1.0000000000000000E-050  0.14466159973690396       0.49816542539923292       0.59908339217933604       0.66561255035019073       0.69861530109212477     
  0.63366451394833589        1.0000000000000000E-050   1.0000000000000000E-050  0.20317588512760185       0.50188163280373632       0.59968297068538978       0.66561255035019073       0.69861530109212477     
  0.36088039767501873        1.0000000000000000E-050   1.0000000000000000E-050  0.24626942652848446       0.50910235661507397       0.60132292714821856       0.66686716467327134       0.69861530109212477     
  0.20552620283972217        1.0000000000000000E-050   1.0000000000000000E-050  0.26215976607404351       0.51278124539019476       0.60257672413877150       0.66686716467327134       0.69861530109212477     
  0.11704991550068541        1.0000000000000000E-050   2.5028844270070491E-004  0.28216604420042124       0.51475462868890931       0.60268605548945353       0.66798339017250052       0.69861530109212477     
   6.6661489043331051E-002   1.0000000000000000E-050   3.8352363745787162E-003  0.29087303778954510       0.51658383899187643       0.60332049315800096       0.66946348387553511       0.69861530109212477     
   3.7964607684386788E-002   1.0000000000000000E-050   1.0762703651365446E-002  0.29731490046649234       0.51705720351886342       0.60366201040284273       0.66958066046945908       0.70038565256979635     
   2.1621350757594453E-002   8.3641991279535664E-005   1.4878466563034300E-002  0.30052396543584114       0.51739291874095172       0.60387182056801136       0.66958066046945908       0.70038565256979635     
   1.2313647818233240E-002   1.1423627151531379E-004   1.4878466563034300E-002  0.30154514228456686       0.51739291874095172       0.60408361178849013       0.66958066046945908       0.70038565256979635     
   7.0127867722705496E-003   1.1423627151531379E-004   1.4878466563034300E-002  0.30154514228456686       0.51739291874095172       0.60408361178849013       0.66958066046945908       0.70038565256979635     
   3.9938756605099194E-003   1.1423627151531379E-004   1.4878466563034300E-002  0.30154514228456686       0.51739291874095172       0.60408361178849013       0.66958066046945908       0.70038565256979635     
   2.2745654915227128E-003   1.1423627151531379E-004   1.4878466563034300E-002  0.30154514228456686       0.51739291874095172       0.60408361178849013       0.66958066046945908       0.70038565256979635     
   1.2953954041136629E-003   1.1423627151531379E-004   1.4878466563034300E-002  0.30154514228456686       0.51739291874095172       0.60408361178849013       0.66958066046945908       0.70038565256979635     
   7.3774497118367138E-004   1.1423627151531379E-004   1.4878466563034300E-002  0.30154514228456686       0.51739291874095172       0.60408361178849013       0.66958066046945908       0.70038565256979635     
   4.2015560714390185E-004   1.1423627151531379E-004   1.4878466563034300E-002  0.30154514228456686       0.51739291874095172       0.60408361178849013       0.66958066046945908       0.70038565256979635     
   2.3928422572806819E-004   1.1423627151531379E-004   1.4878466563034300E-002  0.30154514228456686       0.51739291874095172       0.60408361178849013       0.66958066046945908       0.70038565256979635     
   1.3627556007522420E-004   1.1423627151531379E-004   1.4878466563034300E-002  0.30154514228456686       0.51739291874095172       0.60408361178849013       0.66958066046945908       0.70038565256979635     
   7.7610750216860799E-005   1.1423627151531379E-004   1.4878466563034300E-002  0.30154514228456686       0.51739291874095172       0.60408361178849013       0.66958066046945908       0.70038565256979635     
   4.4200358053190338E-005   1.1423627151531379E-004   1.4878466563034300E-002  0.30154514228456686       0.51739291874095172       0.60408361178849013       0.66958066046945908       0.70038565256979635     
   2.5172693815885867E-005   1.1423627151531379E-004   1.4878466563034300E-002  0.30154514228456686       0.51739291874095172       0.60408361178849013       0.66958066046945908       0.70038565256979635     
   1.4336185086686174E-005   1.1423627151531379E-004   1.4878466563034300E-002  0.30154514228456686       0.51739291874095172       0.60408361178849013       0.66958066046945908       0.70038565256979635     
   8.1646487397395864E-006   1.1423627151531379E-004   1.4878466563034300E-002  0.30154514228456686       0.51739291874095172       0.60408361178849013       0.66958066046945908       0.70038565256979635     
   4.6498764239057483E-006   1.1423627151531379E-004   1.4878466563034300E-002  0.30154514228456686       0.51739291874095172       0.60408361178849013       0.66958066046945908       0.70038565256979635     
   2.6481666813610068E-006   1.1423627151531379E-004   1.4878466563034300E-002  0.30154514228456686       0.51739291874095172       0.60408361178849013       0.66958066046945908       0.70038565256979635     
   1.5081662678639640E-006   1.1423627151531379E-004   1.4878466563034300E-002  0.30154514228456686       0.51739291874095172       0.60408361178849013       0.66958066046945908       0.70038565256979635     
   8.5892081776126024E-007   1.1423627151531379E-004   1.4878466563034300E-002  0.30154514228456686       0.51739291874095172       0.60408361178849013       0.66958066046945908       0.70038565256979635     
   4.8916686900082311E-007   1.1423627151531379E-004   1.4878466563034300E-002  0.30154514228456686       0.51739291874095172       0.60408361178849013       0.66958066046945908       0.70038565256979635     
   2.7858706039021419E-007   1.1423627151531379E-004   1.4878466563034300E-002  0.30154514228456686       0.51739291874095172       0.60408361178849013       0.66958066046945908       0.70038565256979635     
   1.5865904895683008E-007   1.1423627151531379E-004   1.4878466563034300E-002  0.30154514228456686       0.51739291874095172       0.60408361178849013       0.66958066046945908       0.70038565256979635     
   9.0358445868328011E-008   1.1423627151531379E-004   1.4878466563034300E-002  0.30154514228456686       0.51739291874095172       0.60408361178849013       0.66958066046945908       0.70038565256979635     
   5.1460340859354975E-008   1.1423627151531379E-004   1.4878466563034300E-002  0.30154514228456686       0.51739291874095172       0.60408361178849013       0.66958066046945908       0.70038565256979635     
   2.9307350916813654E-008   1.1423627151531379E-004   1.4878466563034300E-002  0.30154514228456686       0.51739291874095172       0.60408361178849013       0.66958066046945908       0.70038565256979635     
   1.6690927487417033E-008   1.1423627151531379E-004   1.4878466563034300E-002  0.30154514228456686       0.51739291874095172       0.60408361178849013       0.66958066046945908       0.70038565256979635     
   9.5057059637003152E-009   1.1423627151531379E-004   1.4878466563034300E-002  0.30154514228456686       0.51739291874095172       0.60408361178849013       0.66958066046945908       0.70038565256979635     
   5.4136264109018059E-009   1.1423627151531379E-004   1.4878466563034300E-002  0.30154514228456686       0.51739291874095172       0.60408361178849013       0.66958066046945908       0.70038565256979635     
   3.0831324920768950E-009   1.1423627151531379E-004   1.4878466563034300E-002  0.30154514228456686       0.51739291874095172       0.60408361178849013       0.66958066046945908       0.70038565256979635     
   1.7558851021854787E-009   1.1423627151531379E-004   1.4878466563034300E-002  0.30154514228456686       0.51739291874095172       0.60408361178849013       0.66958066046945908       0.70038565256979635     
   1.0000000000000007E-009   1.1423627151531379E-004   1.4878466563034300E-002  0.30154514228456686       0.51739291874095172       0.60408361178849013       0.66958066046945908       0.70038565256979635     
