   6.0301510000000009        8.2816136530200209E-009   4.2520569999999998E-009  -9.2180290000000002E-008
   6.0907549999999997        6.8126650868042312E-009   4.3821510000000001E-009   1.4884719999999999E-007
   6.1519690000000002        7.2729491667705943E-009   5.0244319999999996E-009   6.2201089999999998E-007
   6.2137979999999997        9.8751731671898294E-009   6.3246780000000003E-009  -1.9296780000000000E-007
   6.2762479999999998        1.5285694378458609E-008   8.5003430000000002E-009  -3.6250090000000001E-007
   6.3393259999999998        1.6318586635945795E-008   7.5335300000000006E-009   2.5027090000000001E-007
   6.4030379999999996        1.2320798677655943E-008   6.3871010000000003E-009  -8.6120989999999998E-008
   6.4673900000000000        1.4224817403597185E-008   6.7701920000000004E-009   4.4560919999999999E-007
   6.5323890000000011        1.0946158059070528E-008   7.2324899999999997E-009  -1.3284609999999999E-007
   6.5980410000000012        1.2924697008790491E-008   8.0351879999999992E-009  -2.9810020000000000E-008
   6.6643530000000002        1.6435595674489331E-008   8.7278319999999999E-009   5.1319300000000003E-007
   6.7313310000000008        2.5978942206052330E-008   1.1711020000000000E-008   2.6581529999999998E-007
   6.7989830000000007        3.1513158198199466E-008   1.2641700000000000E-008   1.1750840000000000E-007
   6.8673140000000004        3.4179419938892369E-008   1.3311320000000000E-008  -1.7283760000000001E-007
   6.9363330000000003        4.9294418654386175E-008   2.1987290000000000E-008  -2.5486079999999998E-007
   7.0060440000000010        4.7668296080588139E-008   1.8306670000000000E-008  -3.3456130000000000E-007
   7.0764570000000004        5.3355985502635111E-008   2.6248989999999999E-008  -3.6961920000000001E-007
   7.1475770000000001        6.0851290889837995E-008   2.6659250000000001E-008  -1.5938879999999999E-007
   7.2194120000000011        5.8506572347885390E-008   3.5764700000000000E-008   2.0158289999999999E-007
   7.2919690000000008        4.1951075576669927E-008   2.6611329999999999E-008   1.5388500000000000E-007
   7.3652550000000012        2.8971554760472423E-008   2.7126060000000000E-008  -2.8214460000000002E-007
   7.4392779999999998        2.8198942610162643E-008   2.7436999999999999E-008   3.0417860000000001E-009
   7.5140440000000002        3.2207205003607461E-008   3.7876060000000000E-008   4.7602309999999998E-008
   7.5895620000000008        5.6427317922755050E-008   4.4429199999999998E-008   2.1894230000000001E-007
   7.6658390000000001        3.6544794029072349E-008   3.2189039999999997E-008  -3.0112099999999997E-008
   7.7428830000000000        3.6284611286082826E-008   3.8635339999999997E-008  -3.0278680000000000E-008
   7.8207009999999997        4.2896224167912649E-008   5.2253140000000003E-008  -2.4947700000000000E-008
   7.8993010000000004        3.7851569895072578E-008   4.7165940000000001E-008  -2.9755830000000000E-007
   7.9786910000000013        5.6551483972217515E-008   7.3536399999999999E-008  -1.9224370000000001E-007
   8.0588790000000010        6.3431691310151635E-008   8.4739019999999995E-008   1.6681490000000001E-007
   8.1398720000000022        9.6211215067618335E-008   1.1031510000000000E-007   2.0538659999999999E-007
   8.2216799999999992        1.0223870849258206E-007   1.2169889999999999E-007  -1.3309660000000001E-008
   8.3043099999999992        1.4457976608156648E-007   1.7965900000000001E-007  -2.3232580000000000E-007
   8.3877710000000008        1.3549089018018053E-007   1.6573800000000000E-007   1.7315529999999999E-007
   8.4720700000000004        1.6414984477773010E-007   1.7724310000000001E-007   2.3300490000000001E-008
   8.5572160000000004        1.7700613350168845E-007   1.7754240000000001E-007  -5.4128479999999998E-009
   8.6432179999999992        1.2246851209801380E-007   1.1838830000000000E-007  -4.3454950000000002E-007
   8.7300850000000008        1.4103091868182315E-007   1.2949559999999999E-007   2.6108650000000000E-008
   8.8178239999999999        1.0012080840209617E-007   9.6629340000000000E-008   1.5070139999999999E-007
   8.9064460000000008        8.7373861145488057E-008   8.2108879999999999E-008  -2.2133739999999999E-007
   8.9959579999999999        7.6614959623902325E-008   7.9244839999999995E-008   2.2605180000000001E-007
   9.0863689999999995        6.9441117853992892E-008   7.9157089999999994E-008   1.0741610000000001E-007
   9.1776900000000001        4.9232611019951947E-008   6.4516850000000006E-008   1.7875710000000001E-008
   9.2699280000000002        6.8240097494225436E-008   7.6915090000000006E-008  -7.0653829999999997E-008
   9.3630929999999992        4.7519000204437593E-008   7.0382509999999998E-008   1.4333260000000001E-007
   9.4571939999999994        9.3086172118227832E-008   9.2097529999999998E-008   8.6111400000000004E-008
   9.5522419999999997        5.3046506706297702E-008   7.3400750000000003E-008  -3.7502119999999999E-007
   9.6482440000000000        8.1124029767694023E-008   8.9424020000000000E-008   6.6202220000000003E-008
   9.7452110000000012        1.0626125659373676E-007   1.2360209999999999E-007  -6.8133149999999994E-008
   9.8431530000000009        1.5304481376340924E-007   1.4513789999999999E-007   1.0296830000000000E-007
   9.9420790000000014        1.5182422653967105E-007   1.4975740000000000E-007  -9.7723870000000000E-008
   10.042000000000000        1.5306534536998784E-007   1.5895049999999999E-007   3.1065679999999999E-008
   10.142920000000000        4.0047630765048106E-007   3.6515200000000001E-007   1.5154350000000001E-007
   10.244860000000001        3.2038498057811812E-007   2.9229910000000001E-007   1.5770779999999999E-007
   10.347830000000000        7.9263386000938854E-008   8.3402910000000000E-008  -1.3284420000000000E-008
   10.451820000000000        8.9438996235582200E-008   9.4891990000000004E-008   4.5891689999999999E-008
   10.556870000000000        1.0353398854922613E-007   1.2076489999999999E-007  -3.1528220000000000E-008
   10.662970000000000        8.9079274532373126E-008   1.1229800000000000E-007   7.3799650000000000E-008
   10.770130000000002        7.8640317009965455E-008   8.9023580000000002E-008  -2.5510229999999999E-008
   10.878380000000000        1.0777743093563673E-007   1.2386060000000000E-007  -2.0658120000000000E-007
   10.987710000000002        1.0830177291672774E-007   1.3659410000000000E-007   3.0711460000000001E-007
   11.098140000000003        3.0551884603654015E-007   2.8915130000000002E-007   3.7091510000000000E-007
   11.209670000000001        9.7487906799690300E-008   1.4805920000000000E-007  -6.0600650000000002E-008
   11.322330000000001        3.4156158367594343E-007   3.0103069999999999E-007  -1.5004799999999999E-007
   11.436130000000002        2.0367446300669451E-007   2.3022829999999999E-007  -2.2344730000000001E-007
   11.551060000000000        1.8912646952196187E-007   2.1652629999999999E-007  -1.0698020000000001E-007
   11.667149999999999        2.3330131149985809E-007   2.3139980000000001E-007   5.3837270000000001E-008
   11.784409999999999        1.0999142571822520E-007   1.6215550000000000E-007   1.2209899999999999E-007
   11.902850000000001        3.4182628435555855E-007   2.9477199999999999E-007   4.9385250000000001E-007
   12.022470000000000        8.8980785135449788E-008   1.4392869999999999E-007   1.7111410000000000E-007
   12.143300000000000        2.6788423097936075E-007   2.5692219999999999E-007   1.3352699999999999E-008
   12.265350000000000        1.0102472674193615E-007   1.7531800000000001E-007   1.6543570000000000E-007
   12.388620000000001        1.4871353895113659E-007   2.1192150000000000E-007  -8.7222750000000006E-008
   12.513130000000000        2.0309010231563418E-007   2.2551720000000000E-007  -1.3349350000000000E-007
   12.638890000000000        2.0239397445552801E-007   2.0526400000000000E-007  -1.0396969999999999E-007
   12.765910000000002        2.3241808194743175E-007   2.3243810000000000E-007  -3.4637279999999999E-007
   12.894209999999999        2.0849084711894607E-007   2.2815360000000000E-007  -3.8595640000000001E-008
   13.023800000000001        2.1187824129551803E-007   2.4830160000000000E-007   2.4636260000000000E-007
   13.154690000000000        2.5463585014610163E-007   2.6736440000000001E-007  -1.9659650000000001E-007
   13.286899999999999        2.9602879570017793E-007   2.8625480000000001E-007  -6.5038810000000003E-008
   13.420439999999999        2.1645712562466088E-007   2.6421520000000002E-007  -1.1288480000000000E-007
   13.555320000000000        3.2002785425000605E-007   3.7656480000000003E-007  -3.1673939999999997E-008
   13.691549999999999        3.4206126003139766E-007   3.4457280000000001E-007  -1.3931069999999999E-007
   13.829150000000002        3.7583447992851333E-007   3.9574830000000001E-007  -2.9444150000000002E-007
   13.968140000000002        4.6665297813680028E-007   5.0129430000000004E-007   3.7634709999999999E-008
   14.108520000000002        3.2767597611330944E-007   3.4570520000000000E-007   3.9756609999999998E-008
   14.250320000000002        4.3576637393761070E-007   4.5073589999999997E-007   9.8689940000000000E-008
   14.393540000000002        4.4011535207742329E-007   3.8572790000000001E-007   5.1388330000000005E-007
   14.538200000000000        4.2395803312116431E-007   3.9541830000000000E-007   2.5538379999999999E-008
   14.684310000000000        4.6919193040312632E-007   5.1188249999999996E-007   4.9090120000000005E-007
   14.831890000000000        5.2017725114097548E-007   5.1492539999999996E-007   1.7118290000000001E-007
   14.980950000000000        5.2757203378936824E-007   5.0133350000000005E-007  -7.7311389999999995E-008
   15.131520000000000        5.1584601748124786E-007   4.9113090000000001E-007  -1.2269889999999999E-007
   15.283590000000002        5.3736215746847876E-007   5.4580660000000004E-007   3.1829090000000002E-008
   15.437190000000001        4.4515534986253980E-007   4.5530960000000000E-007  -1.5963640000000001E-007
   15.592340000000000        4.1972531545031423E-007   3.9394790000000001E-007  -3.4347279999999998E-007
   15.749050000000002        3.4251731873564360E-007   3.2103029999999999E-007   3.3102429999999999E-008
   15.907330000000000        2.3354677166292894E-007   2.7699699999999998E-007   2.0685040000000000E-007
   15.993430000000000        2.9923677041310057E-007   3.2402320000000003E-007   9.8865560000000004E-007
