#  lambda [mu]   flux(180.0) [Jy]         fstar [Jy]
      6.030151     8.2816137E-009     4.4253895E+000     6.5538043E-009
      6.090755     6.8126651E-009     4.3440735E+000     6.4373624E-009
      6.151969     7.2729492E-009     4.2642464E+000     6.3235816E-009
      6.213798     9.8751732E-009     4.1858824E+000     6.2028828E-009
      6.276248     1.5285694E-008     4.1089552E+000     6.0839354E-009
      6.339326     1.6318587E-008     4.0334376E+000     5.9699626E-009
      6.403038     1.2320799E-008     3.9593042E+000     5.8629390E-009
      6.467390     1.4224817E-008     3.8865302E+000     5.7607791E-009
      6.532389     1.0946158E-008     3.8144979E+000     5.6506781E-009
      6.598041     1.2924697E-008     3.7427667E+000     5.5410960E-009
      6.664353     1.6435596E-008     3.6723811E+000     5.4345886E-009
      6.731331     2.5978942E-008     3.6033164E+000     5.3294618E-009
      6.798983     3.1513158E-008     3.5355468E+000     5.2279428E-009
      6.867314     3.4179420E-008     3.4690497E+000     5.1295454E-009
      6.936333     4.9294419E-008     3.4037993E+000     5.0300924E-009
      7.006044     4.7668296E-008     3.3397750E+000     4.9364104E-009
      7.076457     5.3355986E-008     3.2769510E+000     4.8432647E-009
      7.147577     6.0851291E-008     3.2153068E+000     4.7510793E-009
      7.219412     5.8506572E-008     3.1548196E+000     4.6618244E-009
      7.291969     4.1951076E-008     3.0954677E+000     4.5782797E-009
      7.365255     2.8971555E-008     3.0372303E+000     4.4964210E-009
      7.439278     2.8198943E-008     2.9794989E+000     4.4121153E-009
      7.514044     3.2207205E-008     2.9227118E+000     4.3242193E-009
      7.589562     5.6427318E-008     2.8670044E+000     4.2365541E-009
      7.665839     3.6544794E-008     2.8123568E+000     4.1687378E-009
      7.742883     3.6284611E-008     2.7587485E+000     4.0879466E-009
      7.820701     4.2896224E-008     2.7061603E+000     4.0037716E-009
      7.899301     3.7851570E-008     2.6545727E+000     3.9265116E-009
      7.978691     5.6551484E-008     2.6039667E+000     3.8498538E-009
      8.058879     6.3431691E-008     2.5543235E+000     3.7753633E-009
      8.139872     9.6211215E-008     2.5056256E+000     3.7005070E-009
      8.221680     1.0223871E-007     2.4577750E+000     3.6291617E-009
      8.304310     1.4457977E-007     2.4108154E+000     3.5557404E-009
      8.387771     1.3549089E-007     2.3647511E+000     3.4887165E-009
      8.472070     1.6414984E-007     2.3195658E+000     3.4208912E-009
      8.557216     1.7700613E-007     2.2752426E+000     3.3536145E-009
      8.643218     1.2246851E-007     2.2317648E+000     3.2935377E-009
      8.730085     1.4103092E-007     2.1891161E+000     3.2293910E-009
      8.817824     1.0012081E-007     2.1472815E+000     3.1684132E-009
      8.906446     8.7373861E-008     2.1062446E+000     3.1097752E-009
      8.995958     7.6614960E-008     2.0659909E+000     3.0498313E-009
      9.086369     6.9441118E-008     2.0265056E+000     2.9928498E-009
      9.177690     4.9232611E-008     1.9869229E+000     2.9350487E-009
      9.269928     6.8240097E-008     1.9476853E+000     2.8765841E-009
      9.363093     4.7519000E-008     1.9092214E+000     2.8200826E-009
      9.457194     9.3086172E-008     1.8715161E+000     2.7631960E-009
      9.552242     5.3046507E-008     1.8345539E+000     2.7095653E-009
      9.648244     8.1124030E-008     1.7983212E+000     2.6560154E-009
      9.745211     1.0626126E-007     1.7628031E+000     2.6020792E-009
      9.843153     1.5304481E-007     1.7279853E+000     2.5504778E-009
      9.942079     1.5182423E-007     1.6938545E+000     2.4996680E-009
     10.042000     1.5306535E-007     1.6603966E+000     2.4509458E-009
     10.142920     4.0047631E-007     1.6276004E+000     2.3965603E-009
     10.244860     3.2038498E-007     1.5954494E+000     2.3518261E-009
     10.347830     7.9263386E-008     1.5639309E+000     2.3191300E-009
     10.451820     8.9438996E-008     1.5330388E+000     2.2687016E-009
     10.556870     1.0353399E-007     1.5027518E+000     2.2213724E-009
     10.662970     8.9079275E-008     1.4730640E+000     2.1788758E-009
     10.770130     7.8640317E-008     1.4439637E+000     2.1406774E-009
     10.878380     1.0777743E-007     1.4154342E+000     2.0909080E-009
     10.987710     1.0830177E-007     1.3874697E+000     2.0503782E-009
     11.098140     3.0551885E-007     1.3600568E+000     2.0045041E-009
     11.209670     9.7487907E-008     1.3331871E+000     1.9694087E-009
     11.322330     3.4156158E-007     1.3068456E+000     1.9257145E-009
     11.436130     2.0367446E-007     1.2810222E+000     1.8904336E-009
     11.551060     1.8912647E-007     1.2557115E+000     1.8535837E-009
     11.667150     2.3330131E-007     1.2308993E+000     1.8164256E-009
     11.784410     1.0999143E-007     1.2065761E+000     1.7823331E-009
     11.902850     3.4182628E-007     1.1827328E+000     1.7427668E-009
     12.022470     8.8980785E-008     1.1593621E+000     1.7125711E-009
     12.143300     2.6788423E-007     1.1364512E+000     1.6752982E-009
     12.265350     1.0102473E-007     1.1139916E+000     1.6458880E-009
     12.388620     1.4871354E-007     1.0919766E+000     1.6127753E-009
     12.513130     2.0309010E-007     1.0703960E+000     1.5795662E-009
     12.638890     2.0239397E-007     1.0492417E+000     1.5482021E-009
     12.765910     2.3241808E-007     1.0285057E+000     1.5170348E-009
     12.894210     2.0849085E-007     1.0081785E+000     1.4876163E-009
     13.023800     2.1187824E-007     9.8825261E-001     1.4581931E-009
     13.154690     2.5463585E-007     9.6872048E-001     1.4284283E-009
     13.286900     2.9602880E-007     9.4957337E-001     1.4000721E-009
     13.420440     2.1645713E-007     9.3080417E-001     1.3732514E-009
     13.555320     3.2002785E-007     9.1240589E-001     1.3446982E-009
     13.691550     3.4206126E-007     8.9437167E-001     1.3184049E-009
     13.829150     3.7583448E-007     8.7669345E-001     1.2916896E-009
     13.968140     4.6665298E-007     8.5936347E-001     1.2654575E-009
     14.108520     3.2767598E-007     8.4237657E-001     1.2418146E-009
     14.250320     4.3576637E-007     8.2572408E-001     1.2160940E-009
     14.393540     4.4011535E-007     8.0940108E-001     1.1921113E-009
     14.538200     4.2395803E-007     7.9340040E-001     1.1687237E-009
     14.684310     4.6919193E-007     7.7771617E-001     1.1452096E-009
     14.831890     5.2017725E-007     7.6234156E-001     1.1221257E-009
     14.980950     5.2757203E-007     7.4727095E-001     1.1000742E-009
     15.131520     5.1584602E-007     7.3249687E-001     1.0783571E-009
     15.283590     5.3736216E-007     7.1801588E-001     1.0566695E-009
     15.437190     4.4515535E-007     7.0382078E-001     1.0364397E-009
     15.592340     4.1972532E-007     6.8990554E-001     1.0160138E-009
     15.749050     3.4251732E-007     6.7626513E-001     9.9673257E-010
     15.907330     2.3354677E-007     6.6289461E-001     9.7809171E-010
     15.993430     2.9923677E-007     6.5578728E-001     9.6679156E-010
