   955.67144507929390        9.2925330747886647        358.14349577958353        753.70381201231203        1320.3935318287547        2799.2905924091638        5823.3610898792358        8816.7756173058388     
   544.26764250679571        18.028002951796946        358.14349577958353        753.70381201231203        1318.7438587670999        2739.9919341980008        5608.9500085425989        7123.3209729233486     
   309.96768628503588        34.757749225689039        358.14349577958353        753.70381201231203        1313.1059568981007        2658.6183492752916        5056.1217263928338        6092.3559783808805     
   176.53073421446078        47.842376776930095        368.93158167781422        753.70381201231203        1300.4540899430374        2514.2771494986800        4404.7679073099416        5225.4568329452150     
   100.53660914073507        68.384886936885536        371.43920406505293        752.67508872623569        1280.6260620055386        2347.4370590613812        3732.1922058357068        4390.5074408892524     
   57.256940682281140        102.20540706782100        383.38594347232021        750.06935792310946        1254.6600964313543        2150.4812992660145        3190.1949116446849        3636.8386723015865     
   32.608591878258899        147.39398082161026        396.08272268459228        748.52846872172643        1206.8409629756445        1975.1884950200042        2742.8724682193019        3060.2313015144041     
   18.571028273816058        189.22832364033115        421.20787865705046        747.89327413612136        1145.2690691892212        1757.9365606624635        2331.7592581519971        2628.9900723712112     
   10.576448453661053        235.08712119865933        430.10130596869794        737.81215941218898        1090.6225781549788        1556.4980509995614        1974.3601452443199        2259.1873961715373     
   6.0234285492239703        278.35156391768578        434.04191290339588        717.20300656533402        1018.6772606233604        1376.8961570230520        1687.3472394615078        1926.1824750750102     
   3.4304229483619735        284.40053590565310        436.88740773000069        685.51619233798294        943.96887419648601        1214.4291781604466        1444.4847998063312        1647.1256849159624     
   1.9536716520302315        312.77938221715482        434.04191290339588        651.61713245019632        863.88444927812714        1063.9835650565528        1246.5490155673813        1406.4445192131561     
   1.1126420798254848        293.98677989889586        424.64305217942967        612.49517444988930        778.27814667818120        931.96426310214974        1072.7298253414526        1232.0916961266653     
  0.63366451394833589        272.01963681514059        407.95427998501322        577.66972608773312        700.36813375243423        815.48761058159994        924.99850866555096        1044.5052289496145     
  0.36088039767501873        250.09234530177037        381.95078084145661        534.38476838561121        624.36687471892105        712.33026703770315        797.97557857638208        928.00526431674928     
  0.20552620283972217        232.45975769628021        357.48303401491114        488.51315150988148        555.76858512443300        622.67494409208064        690.51040183880377        901.98401374019443     
  0.11704991550068541        225.51757711960252        327.02825500211452        443.76676424801650        493.11227989852438        544.89054763334059        598.41607083297401        798.84161123851766     
   6.6661489043331051E-002   207.57311148354492        299.21792038028377        399.71310958493075        436.19164094619430        474.91046392871834        519.69303158436276        662.10258505308639     
   3.7964607684386788E-002   197.61441698847344        262.48523941827693        358.38637638697236        384.91614829604430        414.93489280408335        449.95189298632852        525.83146915154953     
   2.1621350757594453E-002   182.56579022668689        237.47845636167114        317.32343499730536        338.61589145109161        361.78866504902612        391.44720492741482        421.19062423201854     
   1.2313647818233240E-002   163.21957362657540        218.38871563801669        278.81506757032952        297.36006596966052        316.36338345211175        338.69000661972973        359.00812028483978     
   7.0127867722705496E-003   148.61133696142838        200.15663533981365        243.85053539703179        260.48857798518742        277.30014787789474        294.44891479470175        308.74507616595008     
   3.9938756605099194E-003   127.04589887217735        179.37899562437474        212.38183366776249        228.12682337558093        242.96987425768174        257.26081626379818        269.17484190900558     
   2.2745654915227128E-003   106.52227552554818        154.08044738107060        182.99764259327264        199.59917188050795        214.22571333246944        227.09665099650340        239.17526317436190     
   1.2953954041136629E-003   69.255843093758827        123.83785416443932        156.56245646004777        173.33983431304910        189.70325289731872        204.89815967237703        230.69541403180298     
   7.3774497118367138E-004   30.200240797287176        96.545707560343388        131.78385656912673        149.79082888757162        167.62687104013185        194.31978146686365        236.01115493425968     
   4.2015560714390185E-004   20.412330088794512        69.130033816544028        108.39383267699985        128.90200672199097        148.78298115591915        188.61607213465669        246.05165833169113     
   2.3928422572806819E-004   11.967427428250945        40.708341079083127        84.995460001499950        110.35538244100700        132.30063914903434        186.52165353928149        280.09159376339619     
   1.3627556007522420E-004   6.9799398629563312        25.306278642515025        63.683588610313500        93.747944957803924        117.47235323704808        178.97520170845354        268.81202608320558     
   7.7610750216860799E-005   4.0813214020788910        17.126177787842519        46.134489190750884        78.777884349522452        105.21680294810359        170.66208921659450        278.84388445482057     
   4.4200358053190338E-005   4.3573100425051763        11.177544298949559        32.953255826772562        65.320161164314982        93.748211844230099        171.71227550337912        288.94639156403559     
   2.5172693815885867E-005   3.4713104502391703        8.4509144820507736        23.599670467324096        53.929315153404495        83.849035174929313        169.15165831305856        302.71922053238040     
   1.4336185086686174E-005   3.6199710337905260        6.1106717167258910        17.938329076798382        44.090673043272695        74.821628562439514        164.67890612631396        312.21928231844606     
   8.1646487397395864E-006   3.4651702815818868        5.3779442531513126        14.309865657462696        36.262103260059895        67.452191202618081        159.93058582913866        318.00566445446429     
   4.6498764239057483E-006   3.4535277712206103        4.6798322948895876        11.667370763176812        30.564966278485691        62.449660871202674        164.95676467221261        324.93524127726641     
   2.6481666813610068E-006   3.4578676055352777        4.5210675612528366        10.094441582088695        26.434069866581442        58.649074827786791        189.20767755937459        360.80841972324760     
   1.5081662678639640E-006   3.3731616265607456        4.4457339359263619        9.4585879872319243        24.412520055070203        58.963097968692786        202.05261030180938        429.78072716133539     
   8.5892081776126024E-007   3.2977827545551084        4.3611057230374426        8.8335377143762823        23.172561161136056        63.246833373963199        226.07866033704744        475.51394150253583     
   4.8916686900082311E-007   3.3081446569901369        4.0541020430746482        8.6543614032723397        23.903791156354153        73.427037152632991        251.67736047367364        479.66431388861855     
   2.7858706039021419E-007   3.2718144903814643        4.0687055086409920        8.8202990878088556        26.657161514058380        88.443487274578956        278.90427307021571        567.55612006818194     
   1.5865904895683008E-007   3.2921755253425937        4.1394930207051175        9.3274455539766077        32.467280968940621        115.86585604306070        295.88366199750658        536.38432041723775     
   9.0358445868328011E-008   3.3008959931847235        4.3084353860249545        10.685130185341443        41.633619455873799        157.58026718920487        323.34121973876421        675.93391852847299     
   5.1460340859354975E-008   3.3474430602929059        4.5751595309091950        12.475616514254511        60.128015029677307        209.39808665465500        371.55123770558191        735.58907742104873     
   2.9307350916813654E-008   3.4368662294761068        5.2261581304179261        15.465794618528324        90.005156235102461        263.04150056316666        400.44292271452434        757.94826279391714     
   1.6690927487417033E-008   3.6059501987656999        5.4464275283939587        22.510477917558681        137.85733722958383        325.36911558239069        453.01578886152510        778.20723231332863     
   9.5057059637003152E-009   3.5585336710566056        6.4020306924613388        33.303037457875547        212.24905550264910        386.78626210913876        514.12840158675181        837.00947847119323     
   5.4136264109018059E-009   3.7749793029770071        8.5857734347969412        51.350771507896567        310.70000972287630        447.95863117521088        551.84583965810793        860.59869449919051     
   3.0831324920768950E-009   4.1333600415308300        10.478728147351090        91.964380689686763        417.82746846180424        515.37848217410669        612.87133370542529        842.84888894407027     
   1.7558851021854787E-009   3.9597569356545761        17.120521733193833        221.68059403886025        500.88741596386171        600.63449844637239        719.16799052473448        905.15233121051460     
   1.0000000000000007E-009   4.3094292714845039        63.890855942407455        500.49449010597345        661.12557004597738        842.06994002225122        1007.7135000129840        1229.7399000071430     
