#      par      median  1sig lower  1sig upper  (  3sig lower  3sig upper)
      pmax  1.6816E-01  1.2088E-03  2.7107E+01  (  1.0076E-04  9.2596E+02)
        H2  3.9028E-04  2.0683E-07  7.8234E-01  (  1.0181E-09  8.9359E+02)
       H2O  3.5841E-01  1.0444E-04  2.5213E+01  (  1.3369E-09  7.2574E+02)
       CO2  5.4153E-06  3.0481E-08  6.0555E-04  (  1.0226E-09  3.6439E-01)
       CH4  1.8595E+01  6.9088E-01  1.8417E+02  (  8.1385E-04  8.2975E+02)
       NH3  2.6365E+01  9.6693E-01  2.5725E+02  (  8.0518E-04  9.5173E+02)
        N2  3.6593E-04  1.8819E-07  9.2245E-01  (  1.0681E-09  9.4216E+02)
        Rp  8.2583E-02  7.8843E-02  8.6218E-02  (  7.1023E-02  9.6099E-02)
        Mp  3.9313E-03  2.4938E-03  5.1965E-03  (  1.0766E-03  5.9948E-03)
 Tpoint001  6.6113E+02  5.0049E+02  8.4207E+02  (  4.1329E+00  1.2297E+03)
 Tpoint002  1.3155E+02  2.2547E+01  4.0662E+02  (  2.7398E+00  1.0628E+03)
 Tpoint003  2.1233E+01  5.3015E+00  1.0965E+02  (  2.7103E+00  6.0998E+02)
 Tpoint004  2.6724E+01  9.0531E+00  6.7335E+01  (  2.7778E+00  4.1262E+02)
 Tpoint005  1.4663E+02  7.6141E+01  2.7441E+02  (  2.5748E+01  1.4116E+03)
 Tpoint006  2.1147E+03  1.1081E+03  5.3051E+03  (  6.4723E+00  9.9637E+03)
 Ppoint002  1.6035E-08  3.3067E-09  1.4671E-07  (  1.0076E-09  3.3586E-05)
 Ppoint003  2.1103E-07  2.3755E-08  2.9569E-06  (  2.2440E-09  5.2859E-04)
 Ppoint004  3.7828E-06  3.1951E-07  4.0540E-05  (  6.7192E-09  2.1281E-02)
 Ppoint005  6.7111E-04  6.2669E-05  9.8962E-03  (  1.8339E-06  7.8197E+01)
       C/O  1.6997E+01  1.0522E+00  1.4167E+04  (  1.4666E-02  2.0943E+08)
       [Z]  2.5338E+00  2.5158E+00  2.6170E+00  (  8.8863E-01  6.0787E+00)
   hotspot  0.0000E+00  0.0000E+00  0.0000E+00  (  0.0000E+00  0.0000E+00)
       MMW  1.6572E+01  1.6324E+01  1.7175E+01  (  2.1821E+00  2.7805E+01)
