#  lambda [mu]      flux_star[Jy]
      6.030151     4.4253895E+000
      6.090755     4.3440735E+000
      6.151969     4.2642464E+000
      6.213798     4.1858824E+000
      6.276248     4.1089552E+000
      6.339326     4.0334376E+000
      6.403038     3.9593042E+000
      6.467390     3.8865302E+000
      6.532389     3.8144979E+000
      6.598041     3.7427667E+000
      6.664353     3.6723811E+000
      6.731331     3.6033164E+000
      6.798983     3.5355468E+000
      6.867314     3.4690497E+000
      6.936333     3.4037993E+000
      7.006044     3.3397750E+000
      7.076457     3.2769510E+000
      7.147577     3.2153068E+000
      7.219412     3.1548196E+000
      7.291969     3.0954677E+000
      7.365255     3.0372303E+000
      7.439278     2.9794989E+000
      7.514044     2.9227118E+000
      7.589562     2.8670044E+000
      7.665839     2.8123568E+000
      7.742883     2.7587485E+000
      7.820701     2.7061603E+000
      7.899301     2.6545727E+000
      7.978691     2.6039667E+000
      8.058879     2.5543235E+000
      8.139872     2.5056256E+000
      8.221680     2.4577750E+000
      8.304310     2.4108154E+000
      8.387771     2.3647511E+000
      8.472070     2.3195658E+000
      8.557216     2.2752426E+000
      8.643218     2.2317648E+000
      8.730085     2.1891161E+000
      8.817824     2.1472815E+000
      8.906446     2.1062446E+000
      8.995958     2.0659909E+000
      9.086369     2.0265056E+000
      9.177690     1.9869229E+000
      9.269928     1.9476853E+000
      9.363093     1.9092214E+000
      9.457194     1.8715161E+000
      9.552242     1.8345539E+000
      9.648244     1.7983212E+000
      9.745211     1.7628031E+000
      9.843153     1.7279853E+000
      9.942079     1.6938545E+000
     10.042000     1.6603966E+000
     10.142920     1.6276004E+000
     10.244860     1.5954494E+000
     10.347830     1.5639309E+000
     10.451820     1.5330388E+000
     10.556870     1.5027518E+000
     10.662970     1.4730640E+000
     10.770130     1.4439637E+000
     10.878380     1.4154342E+000
     10.987710     1.3874697E+000
     11.098140     1.3600568E+000
     11.209670     1.3331871E+000
     11.322330     1.3068456E+000
     11.436130     1.2810222E+000
     11.551060     1.2557115E+000
     11.667150     1.2308993E+000
     11.784410     1.2065761E+000
     11.902850     1.1827328E+000
     12.022470     1.1593621E+000
     12.143300     1.1364512E+000
     12.265350     1.1139916E+000
     12.388620     1.0919766E+000
     12.513130     1.0703960E+000
     12.638890     1.0492417E+000
     12.765910     1.0285057E+000
     12.894210     1.0081785E+000
     13.023800     9.8825261E-001
     13.154690     9.6872048E-001
     13.286900     9.4957337E-001
     13.420440     9.3080417E-001
     13.555320     9.1240589E-001
     13.691550     8.9437167E-001
     13.829150     8.7669345E-001
     13.968140     8.5936347E-001
     14.108520     8.4237657E-001
     14.250320     8.2572408E-001
     14.393540     8.0940108E-001
     14.538200     7.9340040E-001
     14.684310     7.7771617E-001
     14.831890     7.6234156E-001
     14.980950     7.4727095E-001
     15.131520     7.3249687E-001
     15.283590     7.1801588E-001
     15.437190     7.0382078E-001
     15.592340     6.8990554E-001
     15.749050     6.7626513E-001
     15.907330     6.6289461E-001
     15.993430     6.5578728E-001
