   1.0000000000000001E-005   1.0000000000000000     
   1.0050000000000000E-005   1.0000000000000000     
   1.0100250000000000E-005   1.0000000000000000     
   1.0150751250000001E-005   1.0000000000000000     
   1.0201505006250001E-005   1.0000000000000000     
   1.0252512531281252E-005   1.0000000000000000     
   1.0303775093937658E-005   1.0000000000000000     
   1.0355293969407346E-005   1.0000000000000000     
   1.0407070439254383E-005   1.0000000000000000     
   1.0459105791450655E-005   1.0000000000000000     
   1.0511401320407909E-005   1.0000000000000000     
   1.0563958327009949E-005   1.0000000000000000     
   1.0616778118644999E-005   1.0000000000000000     
   1.0669862009238224E-005   1.0000000000000000     
   1.0723211319284415E-005   1.0000000000000000     
   1.0776827375880837E-005   1.0000000000000000     
   1.0830711512760241E-005   1.0000000000000000     
   1.0884865070324042E-005   1.0000000000000000     
   1.0939289395675661E-005   1.0000000000000000     
   1.0993985842654040E-005   1.0000000000000000     
   1.1000000000000001E-005   1.0000000000000000     
   1.1048955771867310E-005   1.0000000000000000     
   1.1104200550726648E-005   1.0000000000000000     
   1.1159721553480281E-005   1.0000000000000000     
   1.1215520161247683E-005   1.0000000000000000     
   1.1271597762053922E-005   1.0000000000000000     
   1.1327955750864192E-005   1.0000000000000000     
   1.1384595529618513E-005   1.0000000000000000     
   1.1441518507266605E-005   1.0000000000000000     
   1.1498726099802938E-005   1.0000000000000000     
   1.1556219730301953E-005   1.0000000000000000     
   1.1614000828953462E-005   1.0000000000000000     
   1.1672070833098230E-005   1.0000000000000000     
   1.1730431187263721E-005   1.0000000000000000     
   1.1789083343200039E-005   1.0000000000000000     
   1.1848028759916040E-005   1.0000000000000000     
   1.1907268903715619E-005   1.0000000000000000     
   1.1966805248234197E-005   1.0000000000000000     
   1.2026639274475368E-005   1.0000000000000000     
   1.2086772470847744E-005   1.0000000000000000     
   1.2100000000000001E-005   1.0000000000000000     
   1.2147206333201983E-005   1.0000000000000000     
   1.2207942364867992E-005   1.0000000000000000     
   1.2268982076692333E-005   1.0000000000000000     
   1.2330326987075795E-005   1.0000000000000000     
   1.2391978622011175E-005   1.0000000000000000     
   1.2453938515121230E-005   1.0000000000000000     
   1.2516208207696837E-005   1.0000000000000000     
   1.2578789248735320E-005   1.0000000000000000     
   1.2641683194978997E-005   1.0000000000000000     
   1.2704891610953892E-005   1.0000000000000000     
   1.2768416069008662E-005   1.0000000000000000     
   1.2832258149353705E-005   1.0000000000000000     
   1.2896419440100473E-005   1.0000000000000000     
   1.2960901537300975E-005   1.0000000000000000     
   1.3025706044987479E-005   1.0000000000000000     
   1.3090834575212417E-005   1.0000000000000000     
   1.3156288748088479E-005   1.0000000000000000     
   1.3222070191828922E-005   1.0000000000000000     
   1.3288180542788067E-005   1.0000000000000000     
   1.3310000000000001E-005   1.0000000000000000     
   1.3354621445502007E-005   1.0000000000000000     
   1.3421394552729517E-005   1.0000000000000000     
   1.3488501525493165E-005   1.0000000000000000     
   1.3555944033120630E-005   1.0000000000000000     
   1.3623723753286233E-005   1.0000000000000000     
   1.3691842372052664E-005   1.0000000000000000     
   1.3760301583912927E-005   1.0000000000000000     
   1.3829103091832491E-005   1.0000000000000000     
   1.3898248607291654E-005   1.0000000000000000     
   1.3967739850328112E-005   1.0000000000000000     
   1.4037578549579753E-005   1.0000000000000000     
   1.4107766442327652E-005   1.0000000000000000     
   1.4178305274539290E-005   1.0000000000000000     
   1.4249196800911986E-005   1.0000000000000000     
   1.4320442784916546E-005   1.0000000000000000     
   1.4392044998841129E-005   1.0000000000000000     
   1.4464005223835334E-005   1.0000000000000000     
   1.4536325249954510E-005   1.0000000000000000     
   1.4609006876204283E-005   1.0000000000000000     
   1.4641000000000001E-005   1.0000000000000000     
   1.4682051910585305E-005   1.0000000000000000     
   1.4755462170138232E-005   1.0000000000000000     
   1.4829239480988923E-005   1.0000000000000000     
   1.4903385678393867E-005   1.0000000000000000     
   1.4977902606785836E-005   1.0000000000000000     
   1.5052792119819765E-005   1.0000000000000000     
   1.5128056080418865E-005   1.0000000000000000     
   1.5203696360820959E-005   1.0000000000000000     
   1.5279714842625063E-005   1.0000000000000000     
   1.5356113416838187E-005   1.0000000000000000     
   1.5432893983922379E-005   1.0000000000000000     
   1.5510058453841992E-005   1.0000000000000000     
   1.5587608746111203E-005   1.0000000000000000     
   1.5665546789841757E-005   1.0000000000000000     
   1.5743874523790967E-005   1.0000000000000000     
   1.5822593896409921E-005   1.0000000000000000     
   1.5901706865891970E-005   1.0000000000000000     
   1.5981215400221431E-005   1.0000000000000000     
   1.6061121477222539E-005   1.0000000000000000     
   1.6105100000000003E-005   1.0000000000000000     
   1.6141427084608652E-005   1.0000000000000000     
   1.6222134220031697E-005   1.0000000000000000     
   1.6303244891131855E-005   1.0000000000000000     
   1.6384761115587515E-005   1.0000000000000000     
   1.6466684921165453E-005   1.0000000000000000     
   1.6549018345771280E-005   1.0000000000000000     
   1.6631763437500135E-005   1.0000000000000000     
   1.6714922254687637E-005   1.0000000000000000     
   1.6798496865961075E-005   1.0000000000000000     
   1.6882489350290882E-005   1.0000000000000000     
   1.6966901797042334E-005   1.0000000000000000     
   1.7051736306027545E-005   1.0000000000000000     
   1.7136994987557684E-005   1.0000000000000000     
   1.7222679962495474E-005   1.0000000000000000     
   1.7308793362307952E-005   1.0000000000000000     
   1.7395337329119490E-005   1.0000000000000000     
   1.7482314015765088E-005   1.0000000000000000     
   1.7569725585843915E-005   1.0000000000000000     
   1.7657574213773136E-005   1.0000000000000000     
   1.7715610000000004E-005   1.0000000000000000     
   1.7745862084842000E-005   1.0000000000000000     
   1.7834591395266209E-005   1.0000000000000000     
   1.7923764352242542E-005   1.0000000000000000     
   1.8013383174003755E-005   1.0000000000000000     
   1.8103450089873774E-005   1.0000000000000000     
   1.8193967340323143E-005   1.0000000000000000     
   1.8284937177024759E-005   1.0000000000000000     
   1.8376361862909884E-005   1.0000000000000000     
   1.8468243672224434E-005   1.0000000000000000     
   1.8560584890585555E-005   1.0000000000000000     
   1.8653387815038481E-005   1.0000000000000000     
   1.8746654754113672E-005   1.0000000000000000     
   1.8840388027884241E-005   1.0000000000000000     
   1.8934589968023662E-005   1.0000000000000000     
   1.9029262917863781E-005   1.0000000000000000     
   1.9124409232453099E-005   1.0000000000000000     
   1.9220031278615364E-005   1.0000000000000000     
   1.9316131435008442E-005   1.0000000000000000     
   1.9412712092183484E-005   1.0000000000000000     
   1.9487171000000006E-005   1.0000000000000000     
   1.9509775652644401E-005   1.0000000000000000     
   1.9607324530907624E-005   1.0000000000000000     
   1.9705361153562163E-005   1.0000000000000000     
   1.9803887959329973E-005   1.0000000000000000     
   1.9902907399126622E-005   1.0000000000000000     
   2.0002421936122254E-005   1.0000000000000000     
   2.0102434045802865E-005   1.0000000000000000     
   2.0202946216031879E-005   1.0000000000000000     
   2.0303960947112039E-005   1.0000000000000000     
   2.0405480751847601E-005   1.0000000000000000     
   2.0507508155606839E-005   1.0000000000000000     
   2.0610045696384872E-005   1.0000000000000000     
   2.0713095924866798E-005   1.0000000000000000     
   2.0816661404491131E-005   1.0000000000000000     
   2.0920744711513586E-005   1.0000000000000000     
   2.1025348435071153E-005   1.0000000000000000     
   2.1130475177246508E-005   1.0000000000000000     
   2.1236127553132740E-005   1.0000000000000000     
   2.1342308190898403E-005   1.0000000000000000     
   2.1435888100000008E-005   1.0000000000000000     
   2.1449019731852895E-005   1.0000000000000000     
   2.1556264830512160E-005   1.0000000000000000     
   2.1664046154664720E-005   1.0000000000000000     
   2.1772366385438045E-005   1.0000000000000000     
   2.1881228217365236E-005   1.0000000000000000     
   2.1990634358452060E-005   1.0000000000000000     
   2.2100587530244320E-005   1.0000000000000000     
   2.2211090467895543E-005   1.0000000000000000     
   2.2322145920235019E-005   1.0000000000000000     
   2.2433756649836194E-005   1.0000000000000000     
   2.2545925433085377E-005   1.0000000000000000     
   2.2658655060250803E-005   1.0000000000000000     
   2.2771948335552057E-005   1.0000000000000000     
   2.2885808077229817E-005   1.0000000000000000     
   2.3000237117615964E-005   1.0000000000000000     
   2.3115238303204045E-005   1.0000000000000000     
   2.3230814494720065E-005   1.0000000000000000     
   2.3346968567193666E-005   1.0000000000000000     
   2.3463703410029634E-005   1.0000000000000000     
   2.3579476910000009E-005   1.0000000000000000     
   2.3581021927079781E-005   1.0000000000000000     
   2.3698927036715180E-005   1.0000000000000000     
   2.3817421671898756E-005   1.0000000000000000     
   2.3936508780258249E-005   1.0000000000000000     
   2.4056191324159540E-005   1.0000000000000000     
   2.4176472280780337E-005   1.0000000000000000     
   2.4297354642184239E-005   1.0000000000000000     
   2.4418841415395162E-005   1.0000000000000000     
   2.4540935622472139E-005   1.0000000000000000     
   2.4663640300584500E-005   1.0000000000000000     
   2.4786958502087423E-005   1.0000000000000000     
   2.4910893294597859E-005   1.0000000000000000     
   2.5035447761070849E-005   1.0000000000000000     
   2.5160624999876204E-005   1.0000000000000000     
   2.5286428124875586E-005   1.0000000000000000     
   2.5412860265499962E-005   1.0000000000000000     
   2.5539924566827464E-005   1.0000000000000000     
   2.5667624189661601E-005   1.0000000000000000     
   2.5795962310609910E-005   1.0000000000000000     
   2.5924942122162959E-005   1.0000000000000000     
   2.5937424601000009E-005   1.0000000000000000     
   2.6054566832773774E-005   1.0000000000000000     
   2.6184839666937643E-005   1.0000000000000000     
   2.6315763865272330E-005   1.0000000000000000     
   2.6447342684598691E-005   1.0000000000000000     
   2.6579579398021685E-005   1.0000000000000000     
   2.6712477295011793E-005   1.0000000000000000     
   2.6846039681486853E-005   1.0000000000000000     
   2.6980269879894287E-005   1.0000000000000000     
   2.7115171229293758E-005   1.0000000000000000     
   2.7250747085440229E-005   1.0000000000000000     
   2.7387000820867429E-005   1.0000000000000000     
   2.7523935824971766E-005   1.0000000000000000     
   2.7661555504096625E-005   1.0000000000000000     
   2.7799863281617110E-005   1.0000000000000000     
   2.7938862598025194E-005   1.0000000000000000     
   2.8078556911015321E-005   1.0000000000000000     
   2.8218949695570398E-005   1.0000000000000000     
   2.8360044444048251E-005   1.0000000000000000     
   2.8501844666268492E-005   1.0000000000000000     
   2.8531167061100009E-005   1.0000000000000000     
   2.8644353889599834E-005   1.0000000000000000     
   2.8787575659047832E-005   1.0000000000000000     
   2.8931513537343070E-005   1.0000000000000000     
   2.9076171105029783E-005   1.0000000000000000     
   2.9221551960554933E-005   1.0000000000000000     
   2.9367659720357708E-005   1.0000000000000000     
   2.9514498018959495E-005   1.0000000000000000     
   2.9662070509054292E-005   1.0000000000000000     
   2.9810380861599563E-005   1.0000000000000000     
   2.9959432765907561E-005   1.0000000000000000     
   3.0109229929737097E-005   1.0000000000000000     
   3.0259776079385783E-005   1.0000000000000000     
   3.0411074959782712E-005   1.0000000000000000     
   3.0563130334581627E-005   1.0000000000000000     
   3.0715945986254533E-005   1.0000000000000000     
   3.0869525716185806E-005   1.0000000000000000     
   3.1023873344766735E-005   1.0000000000000000     
   3.1178992711490571E-005   1.0000000000000000     
   3.1334887675048025E-005   1.0000000000000000     
   3.1384283767210010E-005   1.0000000000000000     
   3.1491562113423266E-005   1.0000000000000000     
   3.1649019923990383E-005   1.0000000000000000     
   3.1807265023610332E-005   1.0000000000000000     
   3.1966301348728386E-005   1.0000000000000000     
   3.2126132855472029E-005   1.0000000000000000     
   3.2286763519749387E-005   1.0000000000000000     
   3.2448197337348134E-005   1.0000000000000000     
   3.2610438324034872E-005   1.0000000000000000     
   3.2773490515655044E-005   1.0000000000000000     
   3.2937357968233316E-005   1.0000000000000000     
   3.3102044758074480E-005   1.0000000000000000     
   3.3267554981864852E-005   1.0000000000000000     
   3.3433892756774177E-005   1.0000000000000000     
   3.3601062220558051E-005   1.0000000000000000     
   3.3769067531660841E-005   1.0000000000000000     
   3.3937912869319142E-005   1.0000000000000000     
   3.4107602433665735E-005   1.0000000000000000     
   3.4278140445834066E-005   1.0000000000000000     
   3.4449531148063237E-005   1.0000000000000000     
   3.4522712143931010E-005   1.0000000000000000     
   3.4621778803803551E-005   1.0000000000000000     
   3.4794887697822570E-005   1.0000000000000000     
   3.4968862136311683E-005   1.0000000000000000     
   3.5143706446993242E-005   1.0000000000000000     
   3.5319424979228205E-005   1.0000000000000000     
   3.5496022104124344E-005   1.0000000000000000     
   3.5673502214644968E-005   1.0000000000000000     
   3.5851869725718195E-005   1.0000000000000000     
   3.6031129074346786E-005   1.0000000000000000     
   3.6211284719718521E-005   1.0000000000000000     
   3.6392341143317113E-005   1.0000000000000000     
   3.6574302849033699E-005   1.0000000000000000     
   3.6757174363278868E-005   1.0000000000000000     
   3.6940960235095263E-005   1.0000000000000000     
   3.7125665036270737E-005   1.0000000000000000     
   3.7311293361452090E-005   1.0000000000000000     
   3.7497849828259349E-005   1.0000000000000000     
   3.7685339077400647E-005   1.0000000000000000     
   3.7873765772787651E-005   1.0000000000000000     
   3.7974983358324110E-005   1.0000000000000000     
   3.8063134601651586E-005   1.0000000000000000     
   3.8253450274659844E-005   1.0000000000000000     
   3.8444717526033144E-005   1.0000000000000000     
   3.8636941113663312E-005   1.0000000000000000     
   3.8830125819231626E-005   1.0000000000000000     
   3.9024276448327782E-005   1.0000000000000000     
   3.9219397830569423E-005   1.0000000000000000     
   3.9415494819722273E-005   1.0000000000000000     
   3.9612572293820887E-005   1.0000000000000000     
   3.9810635155289990E-005   1.0000000000000000     
   4.0009688331066437E-005   1.0000000000000000     
   4.0209736772721772E-005   1.0000000000000000     
   4.0410785456585380E-005   1.0000000000000000     
   4.0612839383868310E-005   1.0000000000000000     
   4.0815903580787654E-005   1.0000000000000000     
   4.1019983098691594E-005   1.0000000000000000     
   4.1225083014185050E-005   1.0000000000000000     
   4.1431208429255975E-005   1.0000000000000000     
   4.1638364471402254E-005   1.0000000000000000     
   4.1772481694156519E-005   1.0000000000000000     
   4.1846556293759266E-005   1.0000000000000000     
   4.2055789075228060E-005   1.0000000000000000     
   4.2266068020604203E-005   1.0000000000000000     
   4.2477398360707221E-005   1.0000000000000000     
   4.2689785352510757E-005   1.0000000000000000     
   4.2903234279273308E-005   1.0000000000000000     
   4.3117750450669672E-005   1.0000000000000000     
   4.3333339202923020E-005   1.0000000000000000     
   4.3550005898937637E-005   1.0000000000000000     
   4.3767755928432327E-005   1.0000000000000000     
   4.3986594708074489E-005   1.0000000000000000     
   4.4206527681614858E-005   1.0000000000000000     
   4.4427560320022931E-005   1.0000000000000000     
   4.4649698121623043E-005   1.0000000000000000     
   4.4872946612231160E-005   1.0000000000000000     
   4.5097311345292313E-005   1.0000000000000000     
   4.5322797902018773E-005   1.0000000000000000     
   4.5549411891528867E-005   1.0000000000000000     
   4.5777158950986514E-005   1.0000000000000000     
   4.5949729863572171E-005   1.0000000000000000     
   4.6006044745741447E-005   1.0000000000000000     
   4.6236074969470155E-005   1.0000000000000000     
   4.6467255344317509E-005   1.0000000000000000     
   4.6699591621039100E-005   1.0000000000000000     
   4.6933089579144293E-005   1.0000000000000000     
   4.7167755027040012E-005   1.0000000000000000     
   4.7403593802175209E-005   1.0000000000000000     
   4.7640611771186083E-005   1.0000000000000000     
   4.7878814830042013E-005   1.0000000000000000     
   4.8118208904192226E-005   1.0000000000000000     
   4.8358799948713187E-005   1.0000000000000000     
   4.8600593948456751E-005   1.0000000000000000     
   4.8843596918199033E-005   1.0000000000000000     
   4.9087814902790029E-005   1.0000000000000000     
   4.9333253977303981E-005   1.0000000000000000     
   4.9579920247190503E-005   1.0000000000000000     
   4.9827819848426455E-005   1.0000000000000000     
   5.0076958947668586E-005   1.0000000000000000     
   5.0327343742406929E-005   1.0000000000000000     
   5.0544702849929390E-005   1.0000000000000000     
   5.0578980461118967E-005   1.0000000000000000     
   5.0831875363424563E-005   1.0000000000000000     
   5.1086034740241688E-005   1.0000000000000000     
   5.1341464913942896E-005   1.0000000000000000     
   5.1598172238512613E-005   1.0000000000000000     
   5.1856163099705175E-005   1.0000000000000000     
   5.2115443915203701E-005   1.0000000000000000     
   5.2376021134779719E-005   1.0000000000000000     
   5.2637901240453615E-005   1.0000000000000000     
   5.2901090746655884E-005   1.0000000000000000     
   5.3165596200389164E-005   1.0000000000000000     
   5.3431424181391113E-005   1.0000000000000000     
   5.3698581302298072E-005   1.0000000000000000     
   5.3967074208809562E-005   1.0000000000000000     
   5.4236909579853609E-005   1.0000000000000000     
   5.4508094127752875E-005   1.0000000000000000     
   5.4780634598391638E-005   1.0000000000000000     
   5.5054537771383595E-005   1.0000000000000000     
   5.5329810460240516E-005   1.0000000000000000     
   5.5599173134922327E-005   1.0000000000000000     
   5.5606459512541722E-005   1.0000000000000000     
   5.5884491810104430E-005   1.0000000000000000     
   5.6163914269154956E-005   1.0000000000000000     
   5.6444733840500733E-005   1.0000000000000000     
   5.6726957509703238E-005   1.0000000000000000     
   5.7010592297251756E-005   1.0000000000000000     
   5.7295645258738015E-005   1.0000000000000000     
   5.7582123485031708E-005   1.0000000000000000     
   5.7870034102456868E-005   1.0000000000000000     
   5.8159384272969155E-005   1.0000000000000000     
   5.8450181194334003E-005   1.0000000000000000     
   5.8742432100305672E-005   1.0000000000000000     
   5.9036144260807200E-005   1.0000000000000000     
   5.9331324982111234E-005   1.0000000000000000     
   5.9627981607021791E-005   1.0000000000000000     
   5.9926121515056903E-005   1.0000000000000000     
   6.0225752122632187E-005   1.0000000000000000     
   6.0526880883245351E-005   1.0000000000000000     
   6.0829515287661576E-005   1.0000000000000000     
   6.1133662864099885E-005   1.0000000000000000     
   6.1159090448414561E-005   1.0000000000000000     
   6.1439331178420387E-005   1.0000000000000000     
   6.1746527834312487E-005   1.0000000000000000     
   6.2055260473484051E-005   1.0000000000000000     
   6.2365536775851473E-005   1.0000000000000000     
   6.2677364459730729E-005   1.0000000000000000     
   6.2990751282029377E-005   1.0000000000000000     
   6.3305705038439527E-005   1.0000000000000000     
   6.3622233563631728E-005   1.0000000000000000     
   6.3940344731449889E-005   1.0000000000000000     
   6.4260046455107134E-005   1.0000000000000000     
   6.4581346687382670E-005   1.0000000000000000     
   6.4904253420819581E-005   1.0000000000000000     
   6.5228774687923680E-005   1.0000000000000000     
   6.5554918561363301E-005   1.0000000000000000     
   6.5882693154170120E-005   1.0000000000000000     
   6.6212106619940967E-005   1.0000000000000000     
   6.6543167153040666E-005   1.0000000000000000     
   6.6875882988805865E-005   1.0000000000000000     
   6.7210262403749895E-005   1.0000000000000000     
   6.7274999493256016E-005   1.0000000000000000     
   6.7546313715768647E-005   1.0000000000000000     
   6.7884045284347496E-005   1.0000000000000000     
   6.8223465510769228E-005   1.0000000000000000     
   6.8564582838323072E-005   1.0000000000000000     
   6.8907405752514686E-005   1.0000000000000000     
   6.9251942781277260E-005   1.0000000000000000     
   6.9598202495183646E-005   1.0000000000000000     
   6.9946193507659560E-005   1.0000000000000000     
   7.0295924475197855E-005   1.0000000000000000     
   7.0647404097573847E-005   1.0000000000000000     
   7.1000641118061720E-005   1.0000000000000000     
   7.1355644323652033E-005   1.0000000000000000     
   7.1712422545270292E-005   1.0000000000000000     
   7.2070984657996638E-005   1.0000000000000000     
   7.2431339581286618E-005   1.0000000000000000     
   7.2793496279193053E-005   1.0000000000000000     
   7.3157463760589018E-005   1.0000000000000000     
   7.3523251079391958E-005   1.0000000000000000     
   7.3890867334788923E-005   1.0000000000000000     
   7.4002499442581612E-005   1.0000000000000000     
   7.4260321671462874E-005   1.0000000000000000     
   7.4631623279820182E-005   1.0000000000000000     
   7.5004781396219284E-005   1.0000000000000000     
   7.5379805303200383E-005   1.0000000000000000     
   7.5756704329716387E-005   1.0000000000000000     
   7.6135487851364966E-005   1.0000000000000000     
   7.6516165290621790E-005   1.0000000000000000     
   7.6898746117074897E-005   1.0000000000000000     
   7.7283239847660272E-005   1.0000000000000000     
   7.7669656046898573E-005   1.0000000000000000     
   7.8058004327133070E-005   1.0000000000000000     
   7.8448294348768739E-005   1.0000000000000000     
   7.8840535820512577E-005   1.0000000000000000     
   7.9234738499615146E-005   1.0000000000000000     
   7.9630912192113222E-005   1.0000000000000000     
   8.0029066753073788E-005   1.0000000000000000     
   8.0429212086839151E-005   1.0000000000000000     
   8.0831358147273353E-005   1.0000000000000000     
   8.1235514938009717E-005   1.0000000000000000     
   8.1402749386839777E-005   1.0000000000000000     
   8.1641692512699759E-005   1.0000000000000000     
   8.2049900975263255E-005   1.0000000000000000     
   8.2460150480139573E-005   1.0000000000000000     
   8.2872451232540267E-005   1.0000000000000000     
   8.3286813488702970E-005   1.0000000000000000     
   8.3703247556146489E-005   1.0000000000000000     
   8.4121763793927224E-005   1.0000000000000000     
   8.4542372612896854E-005   1.0000000000000000     
   8.4965084475961339E-005   1.0000000000000000     
   8.5389909898341140E-005   1.0000000000000000     
   8.5816859447832841E-005   1.0000000000000000     
   8.6245943745072012E-005   1.0000000000000000     
   8.6677173463797373E-005   1.0000000000000000     
   8.7110559331116360E-005   1.0000000000000000     
   8.7546112127771943E-005   1.0000000000000000     
   8.7983842688410806E-005   1.0000000000000000     
   8.8423761901852864E-005   1.0000000000000000     
   8.8865880711362126E-005   1.0000000000000000     
   8.9310210114918937E-005   1.0000000000000000     
   8.9543024325523752E-005   1.0000000000000000     
   8.9756761165493535E-005   1.0000000000000000     
   9.0205544971321008E-005   1.0000000000000000     
   9.0656572696177611E-005   1.0000000000000000     
   9.1109855559658504E-005   1.0000000000000000     
   9.1565404837456793E-005   1.0000000000000000     
   9.2023231861644071E-005   1.0000000000000000     
   9.2483348020952296E-005   1.0000000000000000     
   9.2945764761057052E-005   1.0000000000000000     
   9.3410493584862342E-005   1.0000000000000000     
   9.3877546052786656E-005   1.0000000000000000     
   9.4346933783050592E-005   1.0000000000000000     
   9.4818668451965844E-005   1.0000000000000000     
   9.5292761794225678E-005   1.0000000000000000     
   9.5769225603196807E-005   1.0000000000000000     
   9.6248071731212784E-005   1.0000000000000000     
   9.6729312089868842E-005   1.0000000000000000     
   9.7212958650318189E-005   1.0000000000000000     
   9.7699023443569786E-005   1.0000000000000000     
   9.8187518560787640E-005   1.0000000000000000     
   9.8497326758076125E-005   1.0000000000000000     
   9.8678456153591577E-005   1.0000000000000000     
   9.9171848434359528E-005   1.0000000000000000     
   9.9667707676531328E-005   1.0000000000000000     
   1.0016604621491398E-004   1.0000000000000000     
   1.0066687644598855E-004   1.0000000000000000     
   1.0117021082821850E-004   1.0000000000000000     
   1.0167606188235960E-004   1.0000000000000000     
   1.0218444219177140E-004   1.0000000000000000     
   1.0269536440273026E-004   1.0000000000000000     
   1.0320884122474391E-004   1.0000000000000000     
   1.0372488543086762E-004   1.0000000000000000     
   1.0424350985802196E-004   1.0000000000000000     
   1.0476472740731207E-004   1.0000000000000000     
   1.0528855104434863E-004   1.0000000000000000     
   1.0581499379957037E-004   1.0000000000000000     
   1.0634406876856823E-004   1.0000000000000000     
   1.0687578911241107E-004   1.0000000000000000     
   1.0741016805797313E-004   1.0000000000000000     
   1.0794721889826299E-004   1.0000000000000000     
   1.0834705943388374E-004   1.0000000000000000     
   1.0848695499275430E-004   1.0000000000000000     
   1.0902938976771808E-004   1.0000000000000000     
   1.0957453671655666E-004   1.0000000000000000     
   1.1012240940013944E-004   1.0000000000000000     
   1.1067302144714014E-004   1.0000000000000000     
   1.1122638655437584E-004   1.0000000000000000     
   1.1178251848714771E-004   1.0000000000000000     
   1.1234143107958345E-004   1.0000000000000000     
   1.1290313823498136E-004   1.0000000000000000     
   1.1346765392615627E-004   1.0000000000000000     
   1.1403499219578705E-004   1.0000000000000000     
   1.1460516715676599E-004   1.0000000000000000     
   1.1517819299254981E-004   1.0000000000000000     
   1.1575408395751256E-004   1.0000000000000000     
   1.1633285437730012E-004   1.0000000000000000     
   1.1691451864918663E-004   1.0000000000000000     
   1.1749909124243256E-004   1.0000000000000000     
   1.1808658669864473E-004   1.0000000000000000     
   1.1867701963213795E-004   1.0000000000000000     
   1.1918176537727212E-004   1.0000000000000000     
   1.1927040473029863E-004   1.0000000000000000     
   1.1986675675395013E-004   1.0000000000000000     
   1.2046609053771988E-004   1.0000000000000000     
   1.2106842099040848E-004   1.0000000000000000     
   1.2167376309536053E-004   1.0000000000000000     
   1.2228213191083732E-004   1.0000000000000000     
   1.2289354257039151E-004   1.0000000000000000     
   1.2350801028324345E-004   1.0000000000000000     
   1.2412555033465967E-004   1.0000000000000000     
   1.2474617808633297E-004   1.0000000000000000     
   1.2536990897676464E-004   1.0000000000000000     
   1.2599675852164845E-004   1.0000000000000000     
   1.2662674231425668E-004   1.0000000000000000     
   1.2725987602582798E-004   1.0000000000000000     
   1.2789617540595713E-004   1.0000000000000000     
   1.2853565628298693E-004   1.0000000000000000     
   1.2917833456440187E-004   1.0000000000000000     
   1.2982422623722390E-004   1.0000000000000000     
   1.3047334736841001E-004   1.0000000000000000     
   1.3109994191499934E-004   1.0000000000000000     
   1.3112571410525207E-004   1.0000000000000000     
   1.3178134267577833E-004   1.0000000000000000     
   1.3244024938915722E-004   1.0000000000000000     
   1.3310245063610302E-004   1.0000000000000000     
   1.3376796288928355E-004   1.0000000000000000     
   1.3443680270372997E-004   1.0000000000000000     
   1.3510898671724862E-004   1.0000000000000000     
   1.3578453165083486E-004   1.0000000000000000     
   1.3646345430908904E-004   1.0000000000000000     
   1.3714577158063448E-004   1.0000000000000000     
   1.3783150043853766E-004   1.0000000000000000     
   1.3852065794073035E-004   1.0000000000000000     
   1.3921326123043400E-004   1.0000000000000000     
   1.3990932753658617E-004   1.0000000000000000     
   1.4060887417426910E-004   1.0000000000000000     
   1.4131191854514045E-004   1.0000000000000000     
   1.4201847813786615E-004   1.0000000000000000     
   1.4272857052855548E-004   1.0000000000000000     
   1.4344221338119826E-004   1.0000000000000000     
   1.4415942444810425E-004   1.0000000000000000     
   1.4420993610649927E-004   1.0000000000000000     
   1.4488022157034476E-004   1.0000000000000000     
   1.4560462267819649E-004   1.0000000000000000     
   1.4633264579158746E-004   1.0000000000000000     
   1.4706430902054540E-004   1.0000000000000000     
   1.4779963056564812E-004   1.0000000000000000     
   1.4853862871847635E-004   1.0000000000000000     
   1.4928132186206873E-004   1.0000000000000000     
   1.5002772847137906E-004   1.0000000000000000     
   1.5077786711373595E-004   1.0000000000000000     
   1.5153175644930464E-004   1.0000000000000000     
   1.5228941523155116E-004   1.0000000000000000     
   1.5305086230770891E-004   1.0000000000000000     
   1.5381611661924747E-004   1.0000000000000000     
   1.5458519720234370E-004   1.0000000000000000     
   1.5535812318835543E-004   1.0000000000000000     
   1.5613491380429720E-004   1.0000000000000000     
   1.5691558837331869E-004   1.0000000000000000     
   1.5770016631518530E-004   1.0000000000000000     
   1.5848866714676123E-004   1.0000000000000000     
   1.5863092971714921E-004   1.0000000000000000     
   1.5928111048249503E-004   1.0000000000000000     
   1.6007751603490749E-004   1.0000000000000000     
   1.6087790361508204E-004   1.0000000000000000     
   1.6168229313315744E-004   1.0000000000000000     
   1.6249070459882321E-004   1.0000000000000000     
   1.6330315812181732E-004   1.0000000000000000     
   1.6411967391242641E-004   1.0000000000000000     
   1.6494027228198854E-004   1.0000000000000000     
   1.6576497364339848E-004   1.0000000000000000     
   1.6659379851161548E-004   1.0000000000000000     
   1.6742676750417356E-004   1.0000000000000000     
   1.6826390134169444E-004   1.0000000000000000     
   1.6910522084840292E-004   1.0000000000000000     
   1.6995074695264493E-004   1.0000000000000000     
   1.7080050068740815E-004   1.0000000000000000     
   1.7165450319084520E-004   1.0000000000000000     
   1.7251277570679943E-004   1.0000000000000000     
   1.7337533958533343E-004   1.0000000000000000     
   1.7424221628326009E-004   1.0000000000000000     
   1.7449402268886413E-004   1.0000000000000000     
   1.7511342736467638E-004   1.0000000000000000     
   1.7598899450149976E-004   1.0000000000000000     
   1.7686893947400724E-004   1.0000000000000000     
   1.7775328417137727E-004   1.0000000000000000     
   1.7864205059223417E-004   1.0000000000000000     
   1.7953526084519533E-004   1.0000000000000000     
   1.8043293714942131E-004   1.0000000000000000     
   1.8133510183516842E-004   1.0000000000000000     
   1.8224177734434425E-004   1.0000000000000000     
   1.8315298623106598E-004   1.0000000000000000     
   1.8406875116222131E-004   1.0000000000000000     
   1.8498909491803241E-004   1.0000000000000000     
   1.8591404039262256E-004   1.0000000000000000     
   1.8684361059458568E-004   1.0000000000000000     
   1.8777782864755861E-004   1.0000000000000000     
   1.8871671779079641E-004   1.0000000000000000     
   1.8966030137975039E-004   1.0000000000000000     
   1.9060860288664915E-004   1.0000000000000000     
   1.9156164590108241E-004   1.0000000000000000     
   1.9194342495775055E-004   1.0000000000000000     
   1.9251945413058781E-004   1.0000000000000000     
   1.9348205140124074E-004   1.0000000000000000     
   1.9444946165824694E-004   1.0000000000000000     
   1.9542170896653818E-004   1.0000000000000000     
   1.9639881751137088E-004   1.0000000000000000     
   1.9738081159892772E-004   1.0000000000000000     
   1.9836771565692236E-004   1.0000000000000000     
   1.9935955423520696E-004   1.0000000000000000     
   2.0035635200638300E-004   1.0000000000000000     
   2.0135813376641492E-004   1.0000000000000000     
   2.0236492443524698E-004   1.0000000000000000     
   2.0337674905742322E-004   1.0000000000000000     
   2.0439363280271033E-004   1.0000000000000000     
   2.0541560096672389E-004   1.0000000000000000     
   2.0644267897155751E-004   1.0000000000000000     
   2.0747489236641530E-004   1.0000000000000000     
   2.0851226682824738E-004   1.0000000000000000     
   2.0955482816238861E-004   1.0000000000000000     
   2.1060260230320056E-004   1.0000000000000000     
   2.1113776745352561E-004   1.0000000000000000     
   2.1165561531471657E-004   1.0000000000000000     
   2.1271389339129015E-004   1.0000000000000000     
   2.1377746285824661E-004   1.0000000000000000     
   2.1484635017253784E-004   1.0000000000000000     
   2.1592058192340053E-004   1.0000000000000000     
   2.1700018483301753E-004   1.0000000000000000     
   2.1808518575718261E-004   1.0000000000000000     
   2.1917561168596853E-004   1.0000000000000000     
   2.2027148974439837E-004   1.0000000000000000     
   2.2137284719312038E-004   1.0000000000000000     
   2.2247971142908598E-004   1.0000000000000000     
   2.2359210998623141E-004   1.0000000000000000     
   2.2471007053616256E-004   1.0000000000000000     
   2.2583362088884337E-004   1.0000000000000000     
   2.2696278899328757E-004   1.0000000000000000     
   2.2809760293825401E-004   1.0000000000000000     
   2.2923809095294528E-004   1.0000000000000000     
   2.3038428140771000E-004   1.0000000000000000     
   2.3153620281474854E-004   1.0000000000000000     
   2.3225154419887818E-004   1.0000000000000000     
   2.3269388382882229E-004   1.0000000000000000     
   2.3385735324796641E-004   1.0000000000000000     
   2.3502664001420623E-004   1.0000000000000000     
   2.3620177321427726E-004   1.0000000000000000     
   2.3738278208034866E-004   1.0000000000000000     
   2.3856969599075041E-004   1.0000000000000000     
   2.3976254447070417E-004   1.0000000000000000     
   2.4096135719305770E-004   1.0000000000000000     
   2.4216616397902297E-004   1.0000000000000000     
   2.4337699479891808E-004   1.0000000000000000     
   2.4459387977291265E-004   1.0000000000000000     
   2.4581684917177721E-004   1.0000000000000000     
   2.4704593341763609E-004   1.0000000000000000     
   2.4828116308472426E-004   1.0000000000000000     
   2.4952256890014787E-004   1.0000000000000000     
   2.5077018174464861E-004   1.0000000000000000     
   2.5202403265337187E-004   1.0000000000000000     
   2.5328415281663873E-004   1.0000000000000000     
   2.5455057358072191E-004   1.0000000000000000     
   2.5547669861876601E-004   1.0000000000000000     
   2.5582332644862553E-004   1.0000000000000000     
   2.5710244308086865E-004   1.0000000000000000     
   2.5838795529627297E-004   1.0000000000000000     
   2.5967989507275432E-004   1.0000000000000000     
   2.6097829454811808E-004   1.0000000000000000     
   2.6228318602085869E-004   1.0000000000000000     
   2.6359460195096300E-004   1.0000000000000000     
   2.6491257496071783E-004   1.0000000000000000     
   2.6623713783552143E-004   1.0000000000000000     
   2.6756832352469904E-004   1.0000000000000000     
   2.6890616514232252E-004   1.0000000000000000     
   2.7025069596803416E-004   1.0000000000000000     
   2.7160194944787433E-004   1.0000000000000000     
   2.7295995919511372E-004   1.0000000000000000     
   2.7432475899108927E-004   1.0000000000000000     
   2.7569638278604469E-004   1.0000000000000000     
   2.7707486469997491E-004   1.0000000000000000     
   2.7846023902347480E-004   1.0000000000000000     
   2.7985254021859217E-004   1.0000000000000000     
   2.8102436848064259E-004   1.0000000000000000     
   2.8125180291968511E-004   1.0000000000000000     
   2.8265806193428352E-004   1.0000000000000000     
   2.8407135224395492E-004   1.0000000000000000     
   2.8549170900517469E-004   1.0000000000000000     
   2.8691916755020056E-004   1.0000000000000000     
   2.8835376338795158E-004   1.0000000000000000     
   2.8979553220489135E-004   1.0000000000000000     
   2.9124450986591578E-004   1.0000000000000000     
   2.9270073241524538E-004   1.0000000000000000     
   2.9416423607732162E-004   1.0000000000000000     
   2.9563505725770822E-004   1.0000000000000000     
   2.9711323254399675E-004   1.0000000000000000     
   2.9859879870671672E-004   1.0000000000000000     
   3.0009179270025033E-004   1.0000000000000000     
   3.0159225166375157E-004   1.0000000000000000     
   3.0310021292207032E-004   1.0000000000000000     
   3.0461571398668070E-004   1.0000000000000000     
   3.0613879255661410E-004   1.0000000000000000     
   3.0766948651939720E-004   1.0000000000000000     
   3.0912680532870683E-004   1.0000000000000000     
   3.0920783395199419E-004   1.0000000000000000     
   3.1075387312175419E-004   1.0000000000000000     
   3.1230764248736296E-004   1.0000000000000000     
   3.1386918069979978E-004   1.0000000000000000     
   3.1543852660329881E-004   1.0000000000000000     
   3.1701571923631528E-004   1.0000000000000000     
   3.1860079783249684E-004   1.0000000000000000     
   3.2019380182165934E-004   1.0000000000000000     
   3.2179477083076763E-004   1.0000000000000000     
   3.2340374468492147E-004   1.0000000000000000     
   3.2502076340834606E-004   1.0000000000000000     
   3.2664586722538778E-004   1.0000000000000000     
   3.2827909656151470E-004   1.0000000000000000     
   3.2992049204432226E-004   1.0000000000000000     
   3.3157009450454389E-004   1.0000000000000000     
   3.3322794497706661E-004   1.0000000000000000     
   3.3489408470195196E-004   1.0000000000000000     
   3.3656855512546175E-004   1.0000000000000000     
   3.3825139790108906E-004   1.0000000000000000     
   3.3994265489059448E-004   1.0000000000000000     
   3.4003948586157752E-004   1.0000000000000000     
   3.4164236816504746E-004   1.0000000000000000     
   3.4335058000587267E-004   1.0000000000000000     
   3.4506733290590202E-004   1.0000000000000000     
   3.4679266957043155E-004   1.0000000000000000     
   3.4852663291828369E-004   1.0000000000000000     
   3.5026926608287508E-004   1.0000000000000000     
   3.5202061241328944E-004   1.0000000000000000     
   3.5378071547535587E-004   1.0000000000000000     
   3.5554961905273267E-004   1.0000000000000000     
   3.5732736714799631E-004   1.0000000000000000     
   3.5911400398373631E-004   1.0000000000000000     
   3.6090957400365496E-004   1.0000000000000000     
   3.6271412187367325E-004   1.0000000000000000     
   3.6452769248304163E-004   1.0000000000000000     
   3.6635033094545684E-004   1.0000000000000000     
   3.6818208260018412E-004   1.0000000000000000     
   3.7002299301318504E-004   1.0000000000000000     
   3.7187310797825096E-004   1.0000000000000000     
   3.7373247351814222E-004   1.0000000000000000     
   3.7404343444773528E-004   1.0000000000000000     
   3.7560113588573293E-004   1.0000000000000000     
   3.7747914156516162E-004   1.0000000000000000     
   3.7936653727298745E-004   1.0000000000000000     
   3.8126336995935239E-004   1.0000000000000000     
   3.8316968680914915E-004   1.0000000000000000     
   3.8508553524319489E-004   1.0000000000000000     
   3.8701096291941084E-004   1.0000000000000000     
   3.8894601773400788E-004   1.0000000000000000     
   3.9089074782267793E-004   1.0000000000000000     
   3.9284520156179130E-004   1.0000000000000000     
   3.9480942756960026E-004   1.0000000000000000     
   3.9678347470744826E-004   1.0000000000000000     
   3.9876739208098553E-004   1.0000000000000000     
   4.0076122904139048E-004   1.0000000000000000     
   4.0276503518659742E-004   1.0000000000000000     
   4.0477886036253041E-004   1.0000000000000000     
   4.0680275466434306E-004   1.0000000000000000     
   4.0883676843766478E-004   1.0000000000000000     
   4.1088095227985309E-004   1.0000000000000000     
   4.1144777789250882E-004   1.0000000000000000     
   4.1293535704125237E-004   1.0000000000000000     
   4.1500003382645862E-004   1.0000000000000000     
   4.1707503399559089E-004   1.0000000000000000     
   4.1916040916556885E-004   1.0000000000000000     
   4.2125621121139669E-004   1.0000000000000000     
   4.2336249226745368E-004   1.0000000000000000     
   4.2547930472879096E-004   1.0000000000000000     
   4.2760670125243489E-004   1.0000000000000000     
   4.2974473475869705E-004   1.0000000000000000     
   4.3189345843249052E-004   1.0000000000000000     
   4.3405292572465295E-004   1.0000000000000000     
   4.3622319035327623E-004   1.0000000000000000     
   4.3840430630504262E-004   1.0000000000000000     
   4.4059632783656781E-004   1.0000000000000000     
   4.4279930947575065E-004   1.0000000000000000     
   4.4501330602312938E-004   1.0000000000000000     
   4.4723837255324501E-004   1.0000000000000000     
   4.4947456441601122E-004   1.0000000000000000     
   4.5172193723809126E-004   1.0000000000000000     
   4.5259255568175970E-004   1.0000000000000000     
   4.5398054692428173E-004   1.0000000000000000     
   4.5625044965890316E-004   1.0000000000000000     
   4.5853170190719765E-004   1.0000000000000000     
   4.6082436041673365E-004   1.0000000000000000     
   4.6312848221881733E-004   1.0000000000000000     
   4.6544412462991140E-004   1.0000000000000000     
   4.6777134525306097E-004   1.0000000000000000     
   4.7011020197932626E-004   1.0000000000000000     
   4.7246075298922291E-004   1.0000000000000000     
   4.7482305675416905E-004   1.0000000000000000     
   4.7719717203793989E-004   1.0000000000000000     
   4.7958315789812958E-004   1.0000000000000000     
   4.8198107368762022E-004   1.0000000000000000     
   4.8439097905605830E-004   1.0000000000000000     
   4.8681293395133862E-004   1.0000000000000000     
   4.8924699862109536E-004   1.0000000000000000     
   4.9169323361420087E-004   1.0000000000000000     
   4.9415169978227192E-004   1.0000000000000000     
   4.9662245828118324E-004   1.0000000000000000     
   4.9785181124993572E-004   1.0000000000000000     
   4.9910557057258919E-004   1.0000000000000000     
   5.0160109842545210E-004   1.0000000000000000     
   5.0410910391757938E-004   1.0000000000000000     
   5.0662964943716732E-004   1.0000000000000000     
   5.0916279768435321E-004   1.0000000000000000     
   5.1170861167277497E-004   1.0000000000000000     
   5.1426715473113882E-004   1.0000000000000000     
   5.1683849050479448E-004   1.0000000000000000     
   5.1942268295731848E-004   1.0000000000000000     
   5.2201979637210506E-004   1.0000000000000000     
   5.2462989535396554E-004   1.0000000000000000     
   5.2725304483073536E-004   1.0000000000000000     
   5.2988931005488907E-004   1.0000000000000000     
   5.3253875660516355E-004   1.0000000000000000     
   5.3520145038818932E-004   1.0000000000000000     
   5.3787745764013030E-004   1.0000000000000000     
   5.4056684492833100E-004   1.0000000000000000     
   5.4326967915297266E-004   1.0000000000000000     
   5.4598602754873753E-004   1.0000000000000000     
   5.4763699237492930E-004   1.0000000000000000     
   5.4871595768648119E-004   1.0000000000000000     
   5.5145953747491355E-004   1.0000000000000000     
   5.5421683516228813E-004   1.0000000000000000     
   5.5698791933809957E-004   1.0000000000000000     
   5.5977285893479009E-004   1.0000000000000000     
   5.6257172322946405E-004   1.0000000000000000     
   5.6538458184561134E-004   1.0000000000000000     
   5.6821150475483938E-004   1.0000000000000000     
   5.7105256227861360E-004   1.0000000000000000     
   5.7390782509000665E-004   1.0000000000000000     
   5.7677736421545673E-004   1.0000000000000000     
   5.7966125103653399E-004   1.0000000000000000     
   5.8255955729171664E-004   1.0000000000000000     
   5.8547235507817527E-004   1.0000000000000000     
   5.8839971685356617E-004   1.0000000000000000     
   5.9134171543783398E-004   1.0000000000000000     
   5.9429842401502312E-004   1.0000000000000000     
   5.9726991613509822E-004   1.0000000000000000     
   6.0025626571577368E-004   1.0000000000000000     
   6.0240069161242218E-004   1.0000000000000000     
   6.0325754704435258E-004   1.0000000000000000     
   6.0627383477957430E-004   1.0000000000000000     
   6.0930520395347215E-004   1.0000000000000000     
   6.1235172997323953E-004   1.0000000000000000     
   6.1541348862310572E-004   1.0000000000000000     
   6.1849055606622125E-004   1.0000000000000000     
   6.2158300884655238E-004   1.0000000000000000     
   6.2469092389078518E-004   1.0000000000000000     
   6.2781437851023908E-004   1.0000000000000000     
   6.3095345040279022E-004   1.0000000000000000     
   6.3410821765480421E-004   1.0000000000000000     
   6.3727875874307826E-004   1.0000000000000000     
   6.4046515253679364E-004   1.0000000000000000     
   6.4366747829947761E-004   1.0000000000000000     
   6.4688581569097498E-004   1.0000000000000000     
   6.5012024476942989E-004   1.0000000000000000     
   6.5337084599327707E-004   1.0000000000000000     
   6.5663770022324349E-004   1.0000000000000000     
   6.5992088872435966E-004   1.0000000000000000     
   6.6264076077366437E-004   1.0000000000000000     
   6.6322049316798145E-004   1.0000000000000000     
   6.6653659563382136E-004   1.0000000000000000     
   6.6986927861199049E-004   1.0000000000000000     
   6.7321862500505049E-004   1.0000000000000000     
   6.7658471813007574E-004   1.0000000000000000     
   6.7996764172072611E-004   1.0000000000000000     
   6.8336747992932972E-004   1.0000000000000000     
   6.8678431732897632E-004   1.0000000000000000     
   6.9021823891562116E-004   1.0000000000000000     
   6.9366933011019921E-004   1.0000000000000000     
   6.9713767676075021E-004   1.0000000000000000     
   7.0062336514455396E-004   1.0000000000000000     
   7.0412648197027675E-004   1.0000000000000000     
   7.0764711438012814E-004   1.0000000000000000     
   7.1118534995202876E-004   1.0000000000000000     
   7.1474127670178894E-004   1.0000000000000000     
   7.1831498308529791E-004   1.0000000000000000     
   7.2190655800072443E-004   1.0000000000000000     
   7.2551609079072807E-004   1.0000000000000000     
   7.2890483685103080E-004   1.0000000000000000     
   7.2914367124468171E-004   1.0000000000000000     
   7.3278938960090511E-004   1.0000000000000000     
   7.3645333654890959E-004   1.0000000000000000     
   7.4013560323165414E-004   1.0000000000000000     
   7.4383628124781236E-004   1.0000000000000000     
   7.4755546265405147E-004   1.0000000000000000     
   7.5129323996732172E-004   1.0000000000000000     
   7.5504970616715832E-004   1.0000000000000000     
   7.5882495469799412E-004   1.0000000000000000     
   7.6261907947148405E-004   1.0000000000000000     
   7.6643217486884146E-004   1.0000000000000000     
   7.7026433574318564E-004   1.0000000000000000     
   7.7411565742190156E-004   1.0000000000000000     
   7.7798623570901105E-004   1.0000000000000000     
   7.8187616688755611E-004   1.0000000000000000     
   7.8578554772199384E-004   1.0000000000000000     
   7.8971447546060379E-004   1.0000000000000000     
   7.9366304783790682E-004   1.0000000000000000     
   7.9763136307709631E-004   1.0000000000000000     
   8.0161951989248176E-004   1.0000000000000000     
   8.0179532053613388E-004   1.0000000000000000     
   8.0562761749194414E-004   1.0000000000000000     
   8.0965575557940389E-004   1.0000000000000000     
   8.1370403435730091E-004   1.0000000000000000     
   8.1777255452908739E-004   1.0000000000000000     
   8.2186141730173278E-004   1.0000000000000000     
   8.2597072438824143E-004   1.0000000000000000     
   8.3010057801018264E-004   1.0000000000000000     
   8.3425108090023361E-004   1.0000000000000000     
   8.3842233630473473E-004   1.0000000000000000     
   8.4261444798625843E-004   1.0000000000000000     
   8.4682752022618968E-004   1.0000000000000000     
   8.5106165782732068E-004   1.0000000000000000     
   8.5531696611645730E-004   1.0000000000000000     
   8.5959355094703959E-004   1.0000000000000000     
   8.6389151870177477E-004   1.0000000000000000     
   8.6821097629528367E-004   1.0000000000000000     
   8.7255203117676014E-004   1.0000000000000000     
   8.7691479133264396E-004   1.0000000000000000     
   8.8129936528930715E-004   1.0000000000000000     
   8.8197485258974728E-004   1.0000000000000000     
   8.8570586211575365E-004   1.0000000000000000     
   8.9013439142633243E-004   1.0000000000000000     
   8.9458506338346410E-004   1.0000000000000000     
   8.9905798870038142E-004   1.0000000000000000     
   9.0355327864388333E-004   1.0000000000000000     
   9.0807104503710272E-004   1.0000000000000000     
   9.1261140026228829E-004   1.0000000000000000     
   9.1717445726359969E-004   1.0000000000000000     
   9.2176032954991772E-004   1.0000000000000000     
   9.2636913119766733E-004   1.0000000000000000     
   9.3100097685365566E-004   1.0000000000000000     
   9.3565598173792389E-004   1.0000000000000000     
   9.4033426164661347E-004   1.0000000000000000     
   9.4503593295484651E-004   1.0000000000000000     
   9.4976111261962069E-004   1.0000000000000000     
   9.5450991818271875E-004   1.0000000000000000     
   9.5928246777363232E-004   1.0000000000000000     
   9.6407888011250051E-004   1.0000000000000000     
   9.6889927451306306E-004   1.0000000000000000     
   9.7017233784872203E-004   1.0000000000000000     
   9.7374377088562834E-004   1.0000000000000000     
   9.7861248974005647E-004   1.0000000000000000     
   9.8350555218875671E-004   1.0000000000000000     
   9.8842307994970050E-004   1.0000000000000000     
   9.9336519534944903E-004   1.0000000000000000     
   9.9833202132619623E-004   1.0000000000000000     
   1.0033236814328272E-003   1.0000000000000000     
   1.0083402998399913E-003   1.0000000000000000     
   1.0133820013391913E-003   1.0000000000000000     
   1.0184489113458874E-003   1.0000000000000000     
   1.0235411559026168E-003   1.0000000000000000     
   1.0286588616821299E-003   1.0000000000000000     
   1.0338021559905407E-003   1.0000000000000000     
   1.0389711667704933E-003   1.0000000000000000     
   1.0441660226043457E-003   1.0000000000000000     
   1.0493868527173674E-003   1.0000000000000000     
   1.0546337869809543E-003   1.0000000000000000     
   1.0599069559158591E-003   1.0000000000000000     
   1.0652064906954385E-003   1.0000000000000000     
   1.0671895716335943E-003   1.0000000000000000     
   1.0705325231489156E-003   1.0000000000000000     
   1.0758851857646601E-003   1.0000000000000000     
   1.0812646116934834E-003   1.0000000000000000     
   1.0866709347519508E-003   1.0000000000000000     
   1.0921042894257106E-003   1.0000000000000000     
   1.0975648108728392E-003   1.0000000000000000     
   1.1030526349272035E-003   1.0000000000000000     
   1.1085678981018394E-003   1.0000000000000000     
   1.1141107375923485E-003   1.0000000000000000     
   1.1196812912803102E-003   1.0000000000000000     
   1.1252796977367118E-003   1.0000000000000000     
   1.1309060962253954E-003   1.0000000000000000     
   1.1365606267065224E-003   1.0000000000000000     
   1.1422434298400551E-003   1.0000000000000000     
   1.1479546469892554E-003   1.0000000000000000     
   1.1536944202242016E-003   1.0000000000000000     
   1.1594628923253226E-003   1.0000000000000000     
   1.1652602067869491E-003   1.0000000000000000     
   1.1710865078208839E-003   1.0000000000000000     
   1.1739085287969537E-003   1.0000000000000000     
   1.1769419403599884E-003   1.0000000000000000     
   1.1828266500617884E-003   1.0000000000000000     
   1.1887407833120972E-003   1.0000000000000000     
   1.1946844872286577E-003   1.0000000000000000     
   1.2006579096648009E-003   1.0000000000000000     
   1.2066611992131249E-003   1.0000000000000000     
   1.2126945052091905E-003   1.0000000000000000     
   1.2187579777352365E-003   1.0000000000000000     
   1.2248517676239127E-003   1.0000000000000000     
   1.2309760264620322E-003   1.0000000000000000     
   1.2371309065943423E-003   1.0000000000000000     
   1.2433165611273141E-003   1.0000000000000000     
   1.2495331439329506E-003   1.0000000000000000     
   1.2557808096526153E-003   1.0000000000000000     
   1.2620597137008784E-003   1.0000000000000000     
   1.2683700122693828E-003   1.0000000000000000     
   1.2747118623307296E-003   1.0000000000000000     
   1.2810854216423833E-003   1.0000000000000000     
   1.2874908487505953E-003   1.0000000000000000     
   1.2912993816766491E-003   1.0000000000000000     
   1.2939283029943483E-003   1.0000000000000000     
   1.3003979445093202E-003   1.0000000000000000     
   1.3068999342318668E-003   1.0000000000000000     
   1.3134344339030262E-003   1.0000000000000000     
   1.3200016060725412E-003   1.0000000000000000     
   1.3266016141029039E-003   1.0000000000000000     
   1.3332346221734185E-003   1.0000000000000000     
   1.3399007952842855E-003   1.0000000000000000     
   1.3466002992607068E-003   1.0000000000000000     
   1.3533333007570104E-003   1.0000000000000000     
   1.3600999672607954E-003   1.0000000000000000     
   1.3669004670970994E-003   1.0000000000000000     
   1.3737349694325849E-003   1.0000000000000000     
   1.3806036442797478E-003   1.0000000000000000     
   1.3875066625011465E-003   1.0000000000000000     
   1.3944441958136523E-003   1.0000000000000000     
   1.4014164167927205E-003   1.0000000000000000     
   1.4084234988766841E-003   1.0000000000000000     
   1.4154656163710675E-003   1.0000000000000000     
   1.4204293198443140E-003   1.0000000000000000     
   1.4225429444529229E-003   1.0000000000000000     
   1.4296556591751875E-003   1.0000000000000000     
   1.4368039374710634E-003   1.0000000000000000     
   1.4439879571584188E-003   1.0000000000000000     
   1.4512078969442109E-003   1.0000000000000000     
   1.4584639364289319E-003   1.0000000000000000     
   1.4657562561110765E-003   1.0000000000000000     
   1.4730850373916320E-003   1.0000000000000000     
   1.4804504625785901E-003   1.0000000000000000     
   1.4878527148914830E-003   1.0000000000000000     
   1.4952919784659404E-003   1.0000000000000000     
   1.5027684383582701E-003   1.0000000000000000     
   1.5102822805500614E-003   1.0000000000000000     
   1.5178336919528118E-003   1.0000000000000000     
   1.5254228604125758E-003   1.0000000000000000     
   1.5330499747146387E-003   1.0000000000000000     
   1.5407152245882120E-003   1.0000000000000000     
   1.5484188007111530E-003   1.0000000000000000     
   1.5561608947147088E-003   1.0000000000000000     
   1.5624722518287454E-003   1.0000000000000000     
   1.5639416991882823E-003   1.0000000000000000     
   1.5717614076842237E-003   1.0000000000000000     
   1.5796202147226447E-003   1.0000000000000000     
   1.5875183157962579E-003   1.0000000000000000     
   1.5954559073752391E-003   1.0000000000000000     
   1.6034331869121154E-003   1.0000000000000000     
   1.6114503528466759E-003   1.0000000000000000     
   1.6195076046109091E-003   1.0000000000000000     
   1.6276051426339637E-003   1.0000000000000000     
   1.6357431683471336E-003   1.0000000000000000     
   1.6439218841888693E-003   1.0000000000000000     
   1.6521414936098136E-003   1.0000000000000000     
   1.6604022010778628E-003   1.0000000000000000     
   1.6687042120832520E-003   1.0000000000000000     
   1.6770477331436683E-003   1.0000000000000000     
   1.6854329718093866E-003   1.0000000000000000     
   1.6938601366684335E-003   1.0000000000000000     
   1.7023294373517757E-003   1.0000000000000000     
   1.7108410845385346E-003   1.0000000000000000     
   1.7187194770116199E-003   1.0000000000000000     
   1.7193952899612274E-003   1.0000000000000000     
   1.7279922664110335E-003   1.0000000000000000     
   1.7366322277430886E-003   1.0000000000000000     
   1.7453153888818040E-003   1.0000000000000000     
   1.7540419658262131E-003   1.0000000000000000     
   1.7628121756553441E-003   1.0000000000000000     
   1.7716262365336209E-003   1.0000000000000000     
   1.7804843677162890E-003   1.0000000000000000     
   1.7893867895548705E-003   1.0000000000000000     
   1.7983337235026448E-003   1.0000000000000000     
   1.8073253921201580E-003   1.0000000000000000     
   1.8163620190807589E-003   1.0000000000000000     
   1.8254438291761626E-003   1.0000000000000000     
   1.8345710483220433E-003   1.0000000000000000     
   1.8437439035636535E-003   1.0000000000000000     
   1.8529626230814717E-003   1.0000000000000000     
   1.8622274361968791E-003   1.0000000000000000     
   1.8715385733778635E-003   1.0000000000000000     
   1.8808962662447528E-003   1.0000000000000000     
   1.8903007475759765E-003   1.0000000000000000     
   1.8905914247127819E-003   1.0000000000000000     
   1.8997522513138564E-003   1.0000000000000000     
   1.9092510125704257E-003   1.0000000000000000     
   1.9187972676332778E-003   1.0000000000000000     
   1.9283912539714441E-003   1.0000000000000000     
   1.9380332102413014E-003   1.0000000000000000     
   1.9477233762925079E-003   1.0000000000000000     
   1.9574619931739703E-003   1.0000000000000000     
   1.9672493031398404E-003   1.0000000000000000     
   1.9770855496555398E-003   1.0000000000000000     
   1.9869709774038174E-003   1.0000000000000000     
   1.9969058322908363E-003   1.0000000000000000     
   2.0796505671840603E-003   1.0000000000000000     
   2.2876156239024664E-003   1.0000000000000000     
   2.5163771862927132E-003   1.0000000000000000     
   2.7680149049219846E-003   1.0000000000000000     
   3.0448163954141833E-003   1.0000000000000000     
   3.3492980349556015E-003   1.0000000000000000     
   3.6842278384511618E-003   1.0000000000000000     
   4.0526506222962784E-003   1.0000000000000000     
   4.4579156845259062E-003   1.0000000000000000     
