#  lambda [mu]            P [bar]
      0.100000     8.7667171E-003
      0.100500     8.9529619E-003
      0.101002     9.1430633E-003
      0.101508     9.3371008E-003
      0.102015     9.5351554E-003
      0.102525     9.7373100E-003
      0.103038     9.9436489E-003
      0.103553     1.0154258E-002
      0.104071     1.0369226E-002
      0.104591     1.0588643E-002
      0.105114     1.0812599E-002
      0.105640     1.1041188E-002
      0.106168     1.1274507E-002
      0.106699     1.1512651E-002
      0.107232     1.1755722E-002
      0.107768     1.2003819E-002
      0.108307     1.2256945E-002
      0.108849     1.2514625E-002
      0.109393     1.2774045E-002
      0.109940     1.3023988E-002
      0.110490     1.3236043E-002
      0.111042     1.3367318E-002
      0.111597     1.3399173E-002
      0.112155     1.3393894E-002
      0.112716     1.3486956E-002
      0.113280     1.3790689E-002
      0.113846     1.4303741E-002
      0.114415     1.4913760E-002
      0.114987     1.5489566E-002
      0.115562     1.5971629E-002
      0.116140     1.6376169E-002
      0.116721     1.6742961E-002
      0.117304     1.7099832E-002
      0.117891     1.7458881E-002
      0.118480     1.7823863E-002
      0.119073     1.8195652E-002
      0.119668     1.8574642E-002
      0.120266     1.8960613E-002
      0.120868     1.9353457E-002
      0.121472     1.9753100E-002
      0.122079     2.0159467E-002
      0.122690     2.0572497E-002
      0.123303     2.0992164E-002
      0.123920     2.1418493E-002
      0.124539     2.1851588E-002
      0.125162     2.2291645E-002
      0.125788     2.2738970E-002
      0.126417     2.3193987E-002
      0.127049     2.3657236E-002
      0.127684     2.4129365E-002
      0.128323     2.4611107E-002
      0.128964     2.5103251E-002
      0.129609     2.5606602E-002
      0.130257     2.6121938E-002
      0.130908     2.6650118E-002
      0.131563     2.7191784E-002
      0.132221     2.7747187E-002
      0.132882     2.8316603E-002
      0.133546     2.8900122E-002
      0.134214     2.9497647E-002
      0.134885     3.0108915E-002
      0.135559     3.0733524E-002
      0.136237     3.1370982E-002
      0.136918     3.2020761E-002
      0.137603     3.2682358E-002
      0.138291     3.3355355E-002
      0.138982     3.4039479E-002
      0.139677     3.4734650E-002
      0.140376     3.5441018E-002
      0.141078     3.6158989E-002
      0.141783     3.6889224E-002
      0.142492     3.7632635E-002
      0.143204     3.8390475E-002
      0.143920     3.9164438E-002
      0.144640     3.9955497E-002
      0.145363     4.0765183E-002
      0.146090     4.1595047E-002
      0.146821     4.2446609E-002
      0.147555     4.3321304E-002
      0.148292     4.4220431E-002
      0.149034     4.5145125E-002
      0.149779     4.6096322E-002
      0.150528     4.7074747E-002
      0.151281     4.8080906E-002
      0.152037     4.9115093E-002
      0.152797     5.0177402E-002
      0.153561     5.1267752E-002
      0.154329     5.2385910E-002
      0.155101     5.3531530E-002
      0.155876     5.4704187E-002
      0.156655     5.5903779E-002
      0.157439     5.7129895E-002
      0.158226     5.8381670E-002
      0.159017     5.9658717E-002
      0.159812     6.0960728E-002
      0.160611     6.2287495E-002
      0.161414     6.3638919E-002
      0.162221     6.5015020E-002
      0.163032     6.6415940E-002
      0.163848     6.7841941E-002
      0.164667     6.9293397E-002
      0.165490     7.0770790E-002
      0.166318     7.2274694E-002
      0.167149     7.3805767E-002
      0.167985     7.5364738E-002
      0.168825     7.6952393E-002
      0.169669     7.8569566E-002
      0.170517     8.0217230E-002
      0.171370     8.1897532E-002
      0.172227     8.3610110E-002
      0.173088     8.5355886E-002
      0.173953     8.7135788E-002
      0.174823     8.8950751E-002
      0.175697     9.0801708E-002
      0.176576     9.2689596E-002
      0.177459     9.4615348E-002
      0.178346     9.6579899E-002
      0.179238     9.8584184E-002
      0.180134     1.0062914E-001
      0.181035     1.0271570E-001
      0.181940     1.0484482E-001
      0.182849     1.0701745E-001
      0.183764     1.0923453E-001
      0.184682     1.1149705E-001
      0.185606     1.1380597E-001
      0.186534     1.1616255E-001
      0.187467     1.1856983E-001
      0.188404     1.2102659E-001
      0.189346     1.2353386E-001
      0.190293     1.2609271E-001
      0.191244     1.2870419E-001
      0.192200     1.3136941E-001
      0.193161     1.3408948E-001
      0.194127     1.3686553E-001
      0.195098     1.3969872E-001
      0.196073     1.4259022E-001
      0.197054     1.4554124E-001
      0.198039     1.4855301E-001
      0.199029     1.5162678E-001
      0.200024     1.5476382E-001
      0.201024     1.5796544E-001
      0.202029     1.6123296E-001
      0.203040     1.6456774E-001
      0.204055     1.6797141E-001
      0.205075     1.7144898E-001
      0.206100     1.7499813E-001
      0.207131     1.7862033E-001
      0.208167     1.8231709E-001
      0.209207     1.8608994E-001
      0.210253     1.8994044E-001
      0.211305     1.9387019E-001
      0.212361     1.9788083E-001
      0.213423     2.0197401E-001
      0.214490     2.0615143E-001
      0.215563     2.1041483E-001
      0.216640     2.1476597E-001
      0.217724     2.1920665E-001
      0.218812     2.2373873E-001
      0.219906     2.2836407E-001
      0.221006     2.3308460E-001
      0.222111     2.3790227E-001
      0.223221     2.4281910E-001
      0.224338     2.4784362E-001
      0.225459     2.5297154E-001
      0.226587     2.5820496E-001
      0.227719     2.6354608E-001
      0.228858     2.6899708E-001
      0.230002     2.7456025E-001
      0.231152     2.8023788E-001
      0.232308     2.8603233E-001
      0.233470     2.9194599E-001
      0.234637     2.9798132E-001
      0.235810     3.0414082E-001
      0.236989     3.1042705E-001
      0.238174     3.1684259E-001
      0.239365     3.2339013E-001
      0.240562     3.3007236E-001
      0.241765     3.3689206E-001
      0.242974     3.4385203E-001
      0.244188     3.5095499E-001
      0.245409     3.5821391E-001
      0.246636     3.6562280E-001
      0.247870     3.7318379E-001
      0.249109     3.8090075E-001
      0.250354     3.8877671E-001
      0.251606     3.9681408E-001
      0.252864     4.0501680E-001
      0.254129     4.1338838E-001
      0.255399     4.2193202E-001
      0.256676     4.3065176E-001
      0.257960     4.3954944E-001
      0.259249     4.4863130E-001
      0.260546     4.5789956E-001
      0.261848     4.6735974E-001
      0.263158     4.7701352E-001
      0.264473     4.8686392E-001
      0.265796     4.9691975E-001
      0.267125     5.0718097E-001
      0.268460     5.1766529E-001
      0.269803     5.2836907E-001
      0.271152     5.3929561E-001
      0.272507     5.5044192E-001
      0.273870     5.6182341E-001
      0.275239     5.7343622E-001
      0.276616     5.8528134E-001
      0.277999     5.9737800E-001
      0.279389     6.0972284E-001
      0.280786     6.2230803E-001
      0.282189     6.3516477E-001
      0.283600     6.4829206E-001
      0.285018     6.6168276E-001
      0.286444     6.7534044E-001
      0.287876     6.8928339E-001
      0.289315     7.0351297E-001
      0.290762     7.1803431E-001
      0.292216     7.3286535E-001
      0.293677     0.0000000E+000
      0.295145     0.0000000E+000
      0.296621     0.0000000E+000
      0.298104     0.0000000E+000
      0.299594     0.0000000E+000
      0.301092     0.0000000E+000
      0.302598     0.0000000E+000
      0.304111     0.0000000E+000
      0.305631     0.0000000E+000
      0.307159     0.0000000E+000
      0.308695     0.0000000E+000
      0.310239     0.0000000E+000
      0.311790     0.0000000E+000
      0.313349     0.0000000E+000
      0.314916     0.0000000E+000
      0.316490     0.0000000E+000
      0.318073     0.0000000E+000
      0.319663     0.0000000E+000
      0.321261     0.0000000E+000
      0.322868     0.0000000E+000
      0.324482     0.0000000E+000
      0.326104     0.0000000E+000
      0.327735     0.0000000E+000
      0.329374     0.0000000E+000
      0.331020     0.0000000E+000
      0.332676     0.0000000E+000
      0.334339     0.0000000E+000
      0.336011     0.0000000E+000
      0.337691     0.0000000E+000
      0.339379     0.0000000E+000
      0.341076     0.0000000E+000
      0.342781     0.0000000E+000
      0.344495     0.0000000E+000
      0.346218     0.0000000E+000
      0.347949     0.0000000E+000
      0.349689     0.0000000E+000
      0.351437     0.0000000E+000
      0.353194     0.0000000E+000
      0.354960     0.0000000E+000
      0.356735     0.0000000E+000
      0.358519     0.0000000E+000
      0.360311     0.0000000E+000
      0.362113     0.0000000E+000
      0.363923     0.0000000E+000
      0.365743     0.0000000E+000
      0.367572     0.0000000E+000
      0.369410     0.0000000E+000
      0.371257     0.0000000E+000
      0.373113     0.0000000E+000
      0.374978     0.0000000E+000
      0.376853     0.0000000E+000
      0.378738     0.0000000E+000
      0.380631     0.0000000E+000
      0.382535     0.0000000E+000
      0.384447     0.0000000E+000
      0.386369     0.0000000E+000
      0.388301     0.0000000E+000
      0.390243     0.0000000E+000
      0.392194     0.0000000E+000
      0.394155     0.0000000E+000
      0.396126     0.0000000E+000
      0.398106     0.0000000E+000
      0.400097     0.0000000E+000
      0.402097     0.0000000E+000
      0.404108     0.0000000E+000
      0.406128     0.0000000E+000
      0.408159     0.0000000E+000
      0.410200     0.0000000E+000
      0.412251     0.0000000E+000
      0.414312     0.0000000E+000
      0.416384     0.0000000E+000
      0.418466     0.0000000E+000
      0.420558     0.0000000E+000
      0.422661     0.0000000E+000
      0.424774     0.0000000E+000
      0.426898     0.0000000E+000
      0.429032     0.0000000E+000
      0.431178     0.0000000E+000
      0.433333     0.0000000E+000
      0.435500     0.0000000E+000
      0.437678     0.0000000E+000
      0.439866     0.0000000E+000
      0.442065     0.0000000E+000
      0.444276     0.0000000E+000
      0.446497     0.0000000E+000
      0.448729     0.0000000E+000
      0.450973     0.0000000E+000
      0.453228     0.0000000E+000
      0.455494     0.0000000E+000
      0.457772     0.0000000E+000
      0.460060     0.0000000E+000
      0.462361     0.0000000E+000
      0.464673     0.0000000E+000
      0.466996     0.0000000E+000
      0.469331     0.0000000E+000
      0.471678     0.0000000E+000
      0.474036     0.0000000E+000
      0.476406     0.0000000E+000
      0.478788     0.0000000E+000
      0.481182     0.0000000E+000
      0.483588     0.0000000E+000
      0.486006     0.0000000E+000
      0.488436     0.0000000E+000
      0.490878     0.0000000E+000
      0.493333     0.0000000E+000
      0.495799     0.0000000E+000
      0.498278     0.0000000E+000
      0.500770     0.0000000E+000
      0.503273     0.0000000E+000
      0.505790     0.0000000E+000
      0.508319     0.0000000E+000
      0.510860     0.0000000E+000
      0.513415     0.0000000E+000
      0.515982     0.0000000E+000
      0.518562     0.0000000E+000
      0.521154     0.0000000E+000
      0.523760     0.0000000E+000
      0.526379     0.0000000E+000
      0.529011     0.0000000E+000
      0.531656     0.0000000E+000
      0.534314     0.0000000E+000
      0.536986     0.0000000E+000
      0.539671     0.0000000E+000
      0.542369     0.0000000E+000
      0.545081     0.0000000E+000
      0.547806     0.0000000E+000
      0.550545     0.0000000E+000
      0.553298     0.0000000E+000
      0.556065     0.0000000E+000
      0.558845     0.0000000E+000
      0.561639     0.0000000E+000
      0.564447     0.0000000E+000
      0.567270     0.0000000E+000
      0.570106     0.0000000E+000
      0.572956     0.0000000E+000
      0.575821     0.0000000E+000
      0.578700     0.0000000E+000
      0.581594     0.0000000E+000
      0.584502     0.0000000E+000
      0.587424     0.0000000E+000
      0.590361     3.6362630E-001
      0.593313     4.0520075E-001
      0.596280     5.7913323E-001
      0.599261     0.0000000E+000
      0.602258     0.0000000E+000
      0.605269     0.0000000E+000
      0.608295     0.0000000E+000
      0.611337     0.0000000E+000
      0.614393     0.0000000E+000
      0.617465     0.0000000E+000
      0.620553     0.0000000E+000
      0.623655     0.0000000E+000
      0.626774     0.0000000E+000
      0.629908     0.0000000E+000
      0.633057     0.0000000E+000
      0.636222     0.0000000E+000
      0.639403     0.0000000E+000
      0.642600     0.0000000E+000
      0.645813     0.0000000E+000
      0.649043     4.8000194E-001
      0.652288     6.4365516E-001
      0.655549     0.0000000E+000
      0.658827     0.0000000E+000
      0.662121     0.0000000E+000
      0.665432     0.0000000E+000
      0.668759     0.0000000E+000
      0.672103     0.0000000E+000
      0.675463     0.0000000E+000
      0.678840     0.0000000E+000
      0.682235     0.0000000E+000
      0.685646     0.0000000E+000
      0.689074     0.0000000E+000
      0.692519     3.3564279E-001
      0.695982     2.4089694E-001
      0.699462     2.8974652E-001
      0.702959     3.4589865E-001
      0.706474     4.9780651E-001
      0.710006     6.8931235E-001
      0.713556     6.7978889E-001
      0.717124     6.6550802E-002
      0.720710     3.8321146E-002
      0.724313     4.5131843E-002
      0.727935     5.9481813E-002
      0.731575     1.0967435E-001
      0.735233     2.8139299E-001
      0.738909     4.5088311E-001
      0.742603     0.0000000E+000
      0.746316     0.0000000E+000
      0.750048     0.0000000E+000
      0.753798     0.0000000E+000
      0.757567     0.0000000E+000
      0.761355     0.0000000E+000
      0.765162     0.0000000E+000
      0.768987     0.0000000E+000
      0.772832     0.0000000E+000
      0.776697     0.0000000E+000
      0.780580     0.0000000E+000
      0.784483     6.0178801E-001
      0.788405     3.2820058E-001
      0.792347     3.1614503E-001
      0.796309     3.7620093E-001
      0.800291     4.0694673E-001
      0.804292     4.9237143E-001
      0.808314     4.8480731E-001
      0.812355     1.4467786E-001
      0.816417     3.2707446E-002
      0.820499     4.0765581E-002
      0.824602     4.5192057E-002
      0.828725     6.1436484E-002
      0.832868     1.1625560E-001
      0.837032     2.6996541E-001
      0.841218     4.9284044E-001
      0.845424     0.0000000E+000
      0.849651     0.0000000E+000
      0.853899     0.0000000E+000
      0.858169     0.0000000E+000
      0.862459     0.0000000E+000
      0.866772     0.0000000E+000
      0.871106     0.0000000E+000
      0.875461     0.0000000E+000
      0.879838     4.8563644E-001
      0.884238     3.9780331E-001
      0.888659     3.2255215E-001
      0.893102     1.6614676E-001
      0.897568     2.5685180E-002
      0.902055     2.1156269E-002
      0.906566     2.7894421E-002
      0.911099     2.9436476E-002
      0.915654     2.5424348E-002
      0.920232     7.0344459E-002
      0.924833     8.2729350E-002
      0.929458     2.1070612E-002
      0.934105     2.1875419E-003
      0.938775     2.8943289E-003
      0.943469     2.9553296E-003
      0.948187     3.4721680E-003
      0.952928     7.5480061E-003
      0.957692     1.0804023E-002
      0.962481     1.4925043E-002
      0.967293     3.1099593E-002
      0.972130     4.3143824E-002
      0.976990     3.3467691E-002
      0.981875     8.2518498E-002
      0.986785     1.3664486E-001
      0.991718     1.5413273E-001
      0.996677     1.7277756E-001
      1.001660     2.1167368E-001
      1.006669     2.2984880E-001
      1.011702     1.9682122E-001
      1.016761     9.1429710E-002
      1.021844     4.3117570E-002
      1.026954     4.1814509E-002
      1.032088     3.7471978E-002
      1.037249     5.9674874E-002
      1.042435     1.0637330E-001
      1.047647     1.7474330E-001
      1.052886     3.0954674E-001
      1.058150     5.2033386E-001
      1.063441     5.6374302E-001
      1.068758     4.5536185E-001
      1.074102     3.2527368E-001
      1.079472     2.4613235E-001
      1.084870     1.8712750E-001
      1.090294     1.5987743E-001
      1.095745     1.2714087E-001
      1.101224     5.9210487E-002
      1.106730     4.5380169E-002
      1.112264     1.7204324E-002
      1.117825     3.0190678E-003
      1.123414     1.0284518E-003
      1.129031     1.5695693E-003
      1.134677     1.0523630E-003
      1.140350     3.0189548E-003
      1.146052     1.6881220E-003
      1.151782     3.4572178E-003
      1.157541     1.3642767E-002
      1.163329     3.5308104E-002
      1.169145     4.5563788E-002
      1.174991     3.1781116E-002
      1.180866     2.5870185E-002
      1.186770     2.7106580E-002
      1.192704     3.6832263E-002
      1.198668     2.3239711E-002
      1.204661     2.0886069E-002
      1.210684     2.2458366E-002
      1.216738     2.1509491E-002
      1.222821     3.1001481E-002
      1.228935     4.9760310E-002
      1.235080     8.3047076E-002
      1.241256     1.9740594E-001
      1.247462     3.0086570E-001
      1.253699     1.7719541E-001
      1.259968     1.1684616E-001
      1.266267     2.0502797E-001
      1.272599     1.3387765E-001
      1.278962     1.5756372E-001
      1.285357     9.6896995E-002
      1.291783     4.3481366E-002
      1.298242     4.0812890E-002
      1.304733     2.4730738E-002
      1.311257     2.3252675E-002
      1.317813     1.6063228E-002
      1.324402     1.9446870E-002
      1.331025     8.1911680E-003
      1.337680     7.6221660E-003
      1.344368     3.7416788E-003
      1.351090     4.7738843E-004
      1.357845     1.2447067E-004
      1.364635     7.3033300E-005
      1.371458     1.0612781E-004
      1.378315     9.4064519E-005
      1.385207     1.1454104E-004
      1.392133     1.4437831E-004
      1.399093     1.5546338E-004
      1.406089     2.2391023E-004
      1.413119     5.1362749E-004
      1.420185     9.2003554E-004
      1.427286     1.3090564E-003
      1.434422     1.0979742E-003
      1.441594     1.0307295E-003
      1.448802     1.0849982E-003
      1.456046     2.4717535E-003
      1.463326     1.9005558E-003
      1.470643     1.2644655E-003
      1.477996     2.5192370E-003
      1.485386     2.6952304E-003
      1.492813     2.5692712E-003
      1.500277     2.3155033E-003
      1.507779     2.8820247E-003
      1.515318     2.3511380E-003
      1.522894     3.8200264E-003
      1.530509     5.2188884E-003
      1.538161     8.3424123E-003
      1.545852     1.7722935E-002
      1.553581     4.0906739E-002
      1.561349     7.4960798E-002
      1.569156     1.1997598E-001
      1.577002     1.3476625E-001
      1.584887     1.4756560E-001
      1.592811     2.1831595E-001
      1.600775     2.8940872E-001
      1.608779     2.2572953E-001
      1.616823     1.4151194E-001
      1.624907     7.4202306E-002
      1.633032     2.8602551E-002
      1.641197     1.1152451E-002
      1.649403     9.0392337E-003
      1.657650     1.6165034E-002
      1.665938     8.9717751E-003
      1.674268     1.8530069E-002
      1.682639     2.0816589E-002
      1.691052     3.3565336E-002
      1.699507     3.9862021E-002
      1.708005     2.7762072E-002
      1.716545     5.4122492E-002
      1.725128     2.9057380E-002
      1.733753     3.8081951E-002
      1.742422     3.1861335E-002
      1.751134     4.3095560E-002
      1.759890     3.9991424E-002
      1.768689     1.7161001E-002
      1.777533     1.0488658E-002
      1.786421     9.9343431E-003
      1.795353     6.6731483E-003
      1.804329     1.1638268E-003
      1.813351     5.0422920E-004
      1.822418     1.7287493E-004
      1.831530     9.8264546E-005
      1.840688     6.9978978E-005
      1.849891     5.3361031E-005
      1.859140     6.9676015E-005
      1.868436     5.9362365E-005
      1.877778     9.5710074E-005
      1.887167     1.1058220E-004
      1.896603     1.0783522E-004
      1.906086     8.3239734E-005
      1.915616     1.0871333E-004
      1.925195     2.4700186E-004
      1.934821     4.5664859E-004
      1.944495     7.7296545E-004
      1.954217     8.7860485E-004
      1.963988     9.1106683E-004
      1.973808     1.3106045E-003
      1.983677     1.1525048E-003
      1.993596     1.3328400E-003
      2.003564     1.5269422E-003
      2.013581     2.4798104E-003
      2.023649     5.3343024E-003
      2.033767     1.3324385E-002
      2.043936     2.3394703E-002
      2.054156     3.1549266E-002
      2.064427     5.1892391E-002
      2.074749     7.6902313E-002
      2.085123     1.3482292E-001
      2.095548     1.4660101E-001
      2.106026     2.3156186E-001
      2.116556     2.1428127E-001
      2.127139     2.0426052E-001
      2.137775     1.9508408E-001
      2.148464     8.9875725E-002
      2.159206     4.6556198E-002
      2.170002     2.7295152E-002
      2.180852     1.6172054E-002
      2.191756     6.7308021E-003
      2.202715     2.2157242E-003
      2.213728     1.3933472E-003
      2.224797     9.0440235E-004
      2.235921     1.3279169E-003
      2.247101     1.0929846E-003
      2.258336     8.3899091E-004
      2.269628     8.3073067E-004
      2.280976     1.0377649E-003
      2.292381     1.0726843E-003
      2.303843     1.3293353E-003
      2.315362     1.1694540E-003
      2.326939     1.7089414E-003
      2.338574     2.7049973E-003
      2.350266     1.9022641E-003
      2.362018     2.9784879E-003
      2.373828     1.7532257E-003
      2.385697     3.1762970E-003
      2.397625     4.5953855E-003
      2.409614     7.1921316E-003
      2.421662     5.3718299E-003
      2.433770     3.5634083E-003
      2.445939     3.2989852E-003
      2.458168     5.3026221E-003
      2.470459     1.9590337E-003
      2.482812     1.0500178E-003
      2.495226     1.2556153E-003
      2.507702     9.1770895E-004
      2.520240     3.7991666E-004
      2.532842     1.2344963E-004
      2.545506     5.4580289E-005
      2.558233     2.1917221E-005
      2.571024     1.5049676E-005
      2.583880     1.1972855E-005
      2.596799     5.2451003E-006
      2.609783     7.2218156E-006
      2.622832     5.4584969E-006
      2.635946     9.0034806E-006
      2.649126     1.6140821E-005
      2.662371     4.6660459E-006
      2.675683     5.0394070E-006
      2.689062     1.1124370E-005
      2.702507     2.0657834E-005
      2.716019     6.5419783E-006
      2.729600     1.1460268E-005
      2.743248     1.3346116E-005
      2.756964     1.2389042E-005
      2.770749     2.1417030E-005
      2.784602     3.0745135E-005
      2.798525     4.7960545E-005
      2.812518     8.2321654E-005
      2.826581     1.4475488E-004
      2.840714     1.3975270E-004
      2.854917     1.4427117E-004
      2.869192     2.7502782E-004
      2.883538     3.6810419E-004
      2.897955     2.4366294E-004
      2.912445     4.1549798E-004
      2.927007     3.5125883E-004
      2.941642     4.1651940E-004
      2.956351     6.7283699E-004
      2.971132     5.4691998E-004
      2.985988     1.0057303E-003
      3.000918     1.7521972E-004
      3.015923     8.0582952E-004
      3.031002     8.2302187E-004
      3.046157     5.3340788E-004
      3.061388     1.0501487E-003
      3.076695     5.5234372E-004
      3.092078     6.0940736E-004
      3.107539     3.8062279E-004
      3.123076     9.0942322E-004
      3.138692     8.2513944E-004
      3.154385     1.6992648E-003
      3.170157     2.3511007E-003
      3.186008     5.6291064E-004
      3.201938     2.8320485E-004
      3.217948     1.8773138E-004
      3.234037     1.1721982E-004
      3.250208     1.6442045E-004
      3.266459     1.5194564E-004
      3.282791     4.0464098E-004
      3.299205     4.1712561E-004
      3.315701     4.4051711E-005
      3.332279     8.3045867E-004
      3.348941     3.0931911E-004
      3.365686     3.0577008E-004
      3.382514     2.3775336E-004
      3.399427     3.9196093E-004
      3.416424     6.8096051E-004
      3.433506     8.2558014E-004
      3.450673     2.0575603E-003
      3.467927     3.0582421E-003
      3.485266     4.4545770E-003
      3.502693     7.6794000E-003
      3.520206     1.2553353E-002
      3.537807     3.1587520E-003
      3.555496     8.0881411E-003
      3.573274     5.9076076E-003
      3.591140     9.4112745E-003
      3.609096     8.9865630E-003
      3.627141     1.2363571E-002
      3.645277     9.7517943E-003
      3.663503     1.4787178E-002
      3.681821     2.1237993E-002
      3.700230     3.3837612E-002
      3.718731     2.6627700E-002
      3.737325     3.1791835E-002
      3.756011     4.1017081E-002
      3.774791     4.1524861E-002
      3.793665     3.2693819E-002
      3.812634     4.0008115E-002
      3.831697     4.5733900E-002
      3.850855     2.9155635E-002
      3.870110     3.5959139E-002
      3.889460     3.9488953E-002
      3.908907     3.2799022E-002
      3.928452     3.8328033E-002
      3.948094     3.6438829E-002
      3.967835     3.8902890E-002
      3.987674     3.9792778E-002
      4.007612     3.2630518E-002
      4.027650     4.3693643E-002
      4.047789     2.5791457E-002
      4.068028     3.3629882E-002
      4.088368     7.1788813E-002
      4.108810     3.7036157E-002
      4.129354     1.0353978E-001
      4.150000     1.2873925E-001
      4.170750     1.1171143E-001
      4.191604     2.0097225E-002
      4.212562     2.2501233E-002
      4.233625     1.0526023E-001
      4.254793     1.9215005E-001
      4.276067     8.5623339E-002
      4.297447     1.2645981E-001
      4.318935     2.2281869E-001
      4.340529     8.5625042E-002
      4.362232     1.7127566E-001
      4.384043     1.2341626E-001
      4.405963     1.5922592E-001
      4.427993     8.5381433E-002
      4.450133     1.3699178E-001
      4.472384     1.2452920E-001
      4.494746     1.7446259E-001
      4.517219     9.4885505E-002
      4.539805     8.0843292E-002
      4.562504     9.1179224E-002
      4.585317     1.1196236E-001
      4.608244     1.3197925E-001
      4.631285     5.1545486E-002
      4.654441     3.9999257E-002
      4.677713     1.7606046E-002
      4.701102     7.0099603E-002
      4.724608     2.5572256E-002
      4.748231     4.2544658E-002
      4.771972     8.1974577E-003
      4.795832     2.4364453E-002
      4.819811     1.7394727E-002
      4.843910     1.3623106E-003
      4.868129     8.7740611E-002
      4.892470     1.7843671E-003
      4.916932     4.2691538E-002
      4.941517     2.4551192E-003
      4.966225     8.7818418E-004
      4.991056     3.5570210E-003
      5.016011     2.0203560E-004
      5.041091     1.3686095E-002
      5.066296     1.3496251E-002
      5.091628     3.1192624E-004
      5.117086     2.5321594E-003
      5.142672     1.1790790E-004
      5.168385     1.0340912E-002
      5.194227     2.0594447E-004
      5.220198     6.5906741E-005
      5.246299     1.7744403E-004
      5.272530     3.4544752E-004
      5.298893     9.9207017E-005
      5.325388     7.4138985E-003
      5.352015     3.2006654E-005
      5.378775     1.0305640E-003
      5.405668     2.6057864E-004
      5.432697     1.8228586E-005
      5.459860     2.9486015E-005
      5.487160     4.7692553E-005
      5.514595     8.1184976E-005
      5.542168     4.1263827E-005
      5.569879     1.0531624E-005
      5.597729     6.0475465E-005
      5.625717     1.3990923E-005
      5.653846     1.5053907E-005
      5.682115     1.9088448E-005
      5.710526     1.1134567E-005
      5.739078     7.7545727E-006
      5.767774     5.5223066E-006
      5.796613     6.8202076E-005
      5.825596     3.0583177E-006
      5.854724     9.1122893E-006
      5.883997     2.4974434E-006
      5.913417     2.2754790E-005
      5.942984     1.9305045E-006
      5.972699     4.8652963E-006
      6.002563     5.7896912E-006
      6.032575     5.7586569E-006
      6.062738     2.6450728E-006
      6.093052     4.4914410E-005
      6.123517     5.2039593E-006
      6.154135     7.6278988E-006
      6.184906     5.4413590E-006
      6.215830     6.4417239E-005
      6.246909     1.1630636E-004
      6.278144     1.0537813E-004
      6.309535     5.0626892E-004
      6.341082     6.2366914E-006
      6.372788     6.4118922E-006
      6.404652     3.0088863E-006
      6.436675     9.3806075E-006
      6.468858     8.6723417E-006
      6.501202     1.6668389E-006
      6.533708     1.4278192E-005
      6.566377     4.8478905E-006
      6.599209     1.1504096E-005
      6.632205     2.6625753E-006
      6.665366     1.6861276E-005
      6.698693     1.2945135E-005
      6.732186     3.3891560E-005
      6.765847     2.4867534E-005
      6.799676     7.7397535E-006
      6.833675     1.9442377E-005
      6.867843     5.7720607E-006
      6.902182     3.7277125E-005
      6.936693     4.1639464E-005
      6.971377     1.0024847E-005
      7.006234     4.3628452E-005
      7.041265     8.4743262E-006
      7.076471     2.0845031E-004
      7.111853     1.5462612E-004
      7.147413     2.9107367E-005
      7.183150     3.7629561E-005
      7.219066     4.0977063E-005
      7.255161     8.3673675E-005
      7.291437     6.6652921E-005
      7.327894     5.1478481E-005
      7.364533     1.2022408E-004
      7.401356     2.4204656E-004
      7.438363     1.6075921E-004
      7.475555     5.6431179E-005
      7.512932     1.8554724E-004
      7.550497     2.3916647E-004
      7.588250     2.1382848E-004
      7.626191     2.5112563E-004
      7.664322     5.3318389E-005
      7.702643     3.1541649E-004
      7.741157     4.0164082E-004
      7.779862     2.3326454E-004
      7.818762     3.8870354E-004
      7.857855     2.8091710E-004
      7.897145     3.5037867E-004
      7.936630     3.7044769E-004
      7.976314     1.0452959E-003
      8.016195     5.8264750E-004
      8.056276     1.6049080E-003
      8.096558     2.4143502E-003
      8.137040     2.7775376E-003
      8.177726     2.9920063E-003
      8.218614     7.3198543E-003
      8.259707     2.3686525E-003
      8.301006     2.9170793E-002
      8.342511     2.6952333E-003
      8.384223     2.1120684E-003
      8.426144     7.1040238E-003
      8.468275     5.2416593E-003
      8.510617     4.9923297E-004
      8.553170     1.9159012E-002
      8.595936     5.1951987E-003
      8.638915     1.9601817E-004
      8.682110     4.8994506E-003
      8.725520     2.0312399E-003
      8.769148     1.3959657E-004
      8.812994     5.1447390E-004
      8.857059     1.1440258E-003
      8.901344     6.8084284E-005
      8.945851     1.9325492E-004
      8.990580     3.2446564E-004
      9.035533     7.8507448E-005
      9.080710     1.4469752E-004
      9.126114     1.0698749E-004
      9.171745     1.8752447E-004
      9.217603     2.7892816E-005
      9.263691     2.7857892E-004
      9.310010     5.7164523E-005
      9.356560     4.2196839E-005
      9.403343     7.8588449E-005
      9.450359     3.2560320E-004
      9.497611     4.6758635E-005
      9.545099     1.6811948E-005
      9.592825     1.0591442E-002
      9.640789     1.0167511E-004
      9.688993     2.5807806E-005
      9.737438     8.0072829E-005
      9.786125     8.1229326E-003
      9.835056     3.9923917E-002
      9.884231     3.6887967E-005
      9.933652     3.5089972E-005
      9.983320     8.8317160E-002
     10.033237     4.3547004E-002
     10.083403     3.1602549E-005
     10.133820     1.1218959E-002
     10.184489     1.8365231E-001
     10.235412     7.2602997E-002
     10.286589     1.2444618E-004
     10.338022     5.8476501E-006
     10.389712     2.9930350E-005
     10.441660     3.8503307E-004
     10.493869     6.3828005E-005
     10.546338     8.0225265E-005
     10.599070     4.7831795E-003
     10.652065     4.7682378E-004
     10.705325     1.9354493E-005
     10.758852     6.6115867E-006
     10.812646     6.4740558E-005
     10.866709     1.6047409E-004
     10.921043     1.2160173E-003
     10.975648     1.3191245E-004
     11.030526     5.5632429E-005
     11.085679     2.8091488E-002
     11.141107     5.3546288E-002
     11.196813     5.6590601E-005
     11.252797     4.7268766E-005
     11.309061     6.4938968E-002
     11.365606     4.2629995E-002
     11.422434     6.4654679E-004
     11.479546     8.6451593E-005
     11.536944     5.7533935E-005
     11.594629     6.3899396E-002
     11.652602     5.2278357E-002
     11.710865     4.8200811E-005
     11.769419     7.0185583E-005
     11.828267     3.6131698E-004
     11.887408     1.8183120E-002
     11.946845     2.5415490E-004
     12.006579     7.7847387E-005
     12.066612     1.0480647E-004
     12.126945     9.3967813E-003
     12.187580     2.6238919E-002
     12.248518     5.4669437E-005
     12.309760     5.4146877E-004
     12.371309     1.9614265E-004
     12.433166     2.4581620E-003
     12.495331     6.7541864E-004
     12.557808     1.5498803E-004
     12.620597     9.2285383E-004
     12.683700     2.9291194E-004
     12.747119     1.4607891E-003
     12.810854     3.9515109E-004
     12.874908     4.5165297E-004
     12.939283     6.5201517E-004
     13.003979     1.0242283E-003
     13.068999     1.3333375E-003
     13.134344     9.8481280E-004
     13.200016     1.2795730E-003
     13.266016     2.1123542E-003
     13.332346     2.3545195E-003
     13.399008     9.1021062E-004
     13.466003     1.9674078E-003
     13.533333     3.3917728E-003
     13.601000     3.5985070E-003
     13.669005     3.2232791E-003
     13.737350     2.8940371E-003
     13.806036     3.7299923E-003
     13.875067     1.7562255E-002
     13.944442     2.7639980E-002
     14.014164     4.1551009E-003
     14.084235     6.4078154E-003
     14.154656     1.8328199E-003
     14.225429     1.6559383E-002
     14.296557     4.6522222E-003
     14.368039     5.5750685E-003
     14.439880     2.7315588E-003
     14.512079     6.7591929E-004
     14.584639     3.4294363E-002
     14.657563     5.2842812E-002
     14.730850     1.2746027E-002
     14.804505     4.9910345E-002
     14.878527     8.5386669E-003
     14.952920     6.5576422E-003
     15.027684     8.2522370E-002
     15.102823     4.9495280E-003
     15.178337     1.8924701E-003
     15.254229     4.7739488E-002
     15.330500     5.5929822E-003
     15.407152     7.5205197E-003
     15.484188     4.0158113E-003
     15.561609     6.4051177E-003
     15.639417     6.5664045E-004
     15.717614     2.9909997E-004
     15.796202     3.5770866E-003
     15.875183     8.0297316E-004
     15.954559     5.5720048E-004
     16.034332     9.7279851E-004
     16.114504     2.6576724E-003
     16.195076     1.0659409E-003
     16.276051     8.8421010E-004
     16.357432     6.4679967E-003
     16.439219     4.2340838E-002
     16.521415     8.1569169E-003
     16.604022     5.1873738E-002
     16.687042     1.4261840E-003
     16.770477     2.7355096E-003
     16.854330     3.3418734E-004
     16.938601     1.0716645E-003
     17.023294     1.1709824E-001
     17.108411     1.0061089E-003
     17.193953     2.7476788E-004
     17.279923     8.6946986E-002
     17.366322     6.1155550E-005
     17.453154     1.5430108E-002
     17.540420     5.0287575E-004
     17.628122     1.6902770E-004
     17.716262     1.9404461E-003
     17.804844     7.7217079E-002
     17.893868     2.5658637E-002
     17.983337     3.9998594E-003
     18.073254     2.0258513E-003
     18.163620     1.1158561E-003
     18.254438     1.0040108E-003
     18.345710     1.8626960E-004
     18.437439     1.5505601E-003
     18.529626     1.6926730E-002
     18.622274     3.9468339E-003
     18.715386     1.7743204E-002
     18.808963     1.7274844E-002
     18.903007     2.3816330E-002
     18.997523     9.4901863E-005
     19.092510     8.7529674E-002
     19.187973     1.0253018E-003
     19.283913     9.1054848E-005
     19.380332     1.2449300E-004
     19.477234     2.6664368E-002
     19.574620     4.2074991E-003
     19.672493     3.6545124E-004
     19.770855     1.7693340E-004
     19.869710     3.1143295E-004
     19.969058     2.2991083E-003
