   6.0301510000000009        5.4816307522795753E-005   6.1743925588103214E-005   6.7685851677977207E-005   7.3694304640124843E-005   8.0170804147757931E-005   8.9132883785350824E-005   1.0049228125989072E-004
   6.0907549999999997        5.4832003484387298E-005   6.1818024373330648E-005   6.7736777913683316E-005   7.3771272055971578E-005   8.0205394487423110E-005   8.9210480028004076E-005   1.0060131389528903E-004
   6.1519690000000002        5.4848046085657033E-005   6.1890724389446002E-005   6.7800154303542689E-005   7.3817052859223985E-005   8.0229205833356605E-005   8.9278074133456896E-005   1.0070883129346158E-004
   6.2137979999999997        5.4824254952488248E-005   6.1775923349277338E-005   6.7705463067547228E-005   7.3729511166461750E-005   8.0167399060769815E-005   8.9125477231163019E-005   1.0054583275374409E-004
   6.2762479999999998        5.4808550364589502E-005   6.1694217033891573E-005   6.7647519092308957E-005   7.3677962900056083E-005   8.0110496599083907E-005   8.9019716059775313E-005   1.0045652897358897E-004
   6.3393259999999998        5.4807688469722420E-005   6.1689558347286481E-005   6.7638158863104494E-005   7.3667336011406847E-005   8.0127362495940858E-005   8.9041957745331844E-005   1.0044324844355440E-004
   6.4030379999999996        5.4813048882892687E-005   6.1719588786360484E-005   6.7658129391722402E-005   7.3679953736452224E-005   8.0135289406970683E-005   8.9092024479267741E-005   1.0046608627138826E-004
   6.4673900000000000        5.4819974146579684E-005   6.1758730331609859E-005   6.7683151154248917E-005   7.3710492700231021E-005   8.0177552211807925E-005   8.9123631073975148E-005   1.0050250447970326E-004
   6.5323890000000011        5.4821669373823001E-005   6.1737620356208726E-005   6.7658314953629727E-005   7.3692322721595472E-005   8.0150945731454355E-005   8.9104696057888918E-005   1.0047016137571720E-004
   6.5980410000000012        5.4814626111912168E-005   6.1666313599267528E-005   6.7609120943564729E-005   7.3637840884729685E-005   8.0069145034533979E-005   8.9015573654541378E-005   1.0035452899272161E-004
   6.6643530000000002        5.4800548401385776E-005   6.1624078334131965E-005   6.7596631557649935E-005   7.3617358303221819E-005   8.0025186017870927E-005   8.8944296571506645E-005   1.0030157177613997E-004
   6.7313310000000008        5.4784548303328680E-005   6.1568388903773040E-005   6.7579875383784907E-005   7.3583629493970625E-005   7.9993896333086764E-005   8.8829619346241474E-005   1.0023194372140366E-004
   6.7989830000000007        5.4775627339967582E-005   6.1527722148172677E-005   6.7544119877753085E-005   7.3544824692660285E-005   7.9943615349682996E-005   8.8771926666305180E-005   1.0014730945097980E-004
   6.8673140000000004        5.4772278451366426E-005   6.1511477090827756E-005   6.7524298881275929E-005   7.3524016907829259E-005   7.9936777979937933E-005   8.8753080795861154E-005   1.0009408092504730E-004
   6.9363330000000003        5.4761648922288923E-005   6.1460357307906621E-005   6.7491394678419146E-005   7.3500377963753338E-005   7.9900087074841604E-005   8.8688640773240270E-005   1.0003627277451249E-004
   7.0060440000000010        5.4758685018971973E-005   6.1448315571548248E-005   6.7474577189023991E-005   7.3477514117641446E-005   7.9880895668734683E-005   8.8706981545248875E-005   9.9983563477705679E-005
   7.0764570000000004        5.4756966831034695E-005   6.1436902175327675E-005   6.7464807970254995E-005   7.3479625487166922E-005   7.9865229650013953E-005   8.8621719081398962E-005   9.9984416829987719E-005
   7.1475770000000001        5.4750199468410575E-005   6.1409792368484879E-005   6.7446902255724917E-005   7.3455561255675338E-005   7.9840977309719692E-005   8.8542409266718721E-005   9.9923174781910094E-005
   7.2194120000000011        5.4761385883119071E-005   6.1452103269521183E-005   6.7468706794798265E-005   7.3475108709631219E-005   7.9856151434500142E-005   8.8554448957964006E-005   9.9990583838181166E-005
   7.2919690000000008        5.4790539957795438E-005   6.1571487347941676E-005   6.7565454667588160E-005   7.3549119544995156E-005   7.9928317609611121E-005   8.8718976359816387E-005   1.0019417980766131E-004
   7.3652550000000012        5.4815760692255716E-005   6.1681173949828481E-005   6.7620168158500192E-005   7.3641382449853628E-005   8.0045984900617575E-005   8.8880235285148193E-005   1.0039340819914262E-004
   7.4392779999999998        5.4830338855999407E-005   6.1757159612920142E-005   6.7682357302911833E-005   7.3681225311608199E-005   8.0100882275380272E-005   8.9003984582164091E-005   1.0051312703310373E-004
   7.5140440000000002        5.4831471976988671E-005   6.1766569936008874E-005   6.7707642791462047E-005   7.3679748870582039E-005   8.0118931976113275E-005   8.9032632299949741E-005   1.0053725532702241E-004
   7.5895620000000008        5.4810792064369176E-005   6.1671213346009763E-005   6.7626436093449376E-005   7.3618585770274204E-005   8.0018326176252449E-005   8.8904896002537303E-005   1.0039941705584136E-004
   7.6658390000000001        5.4857607686140551E-005   6.1883329565907093E-005   6.7769626955023251E-005   7.3748421013788718E-005   8.0185951918151379E-005   8.9138480060287691E-005   1.0065246864210045E-004
   7.7428830000000000        5.4836575292736275E-005   6.1784077293131805E-005   6.7683423520730837E-005   7.3689016151107868E-005   8.0099246404683245E-005   8.8996590251958583E-005   1.0051245443547954E-004
   7.8207009999999997        5.4825501741066437E-005   6.1730591694975141E-005   6.7657984794657828E-005   7.3661538020858698E-005   8.0091069910174684E-005   8.8955632662974612E-005   1.0047649594023424E-004
   7.8993010000000004        5.4821630872893350E-005   6.1711122785990122E-005   6.7645442691345868E-005   7.3657564775522020E-005   8.0079453497954525E-005   8.8938159944962990E-005   1.0045779968628211E-004
   7.9786910000000013        5.4806191931694147E-005   6.1634407285857682E-005   6.7607328487409899E-005   7.3603824321493978E-005   7.9954729599256838E-005   8.8806609879369340E-005   1.0033653791896622E-004
   8.0588790000000010        5.4795052211512545E-005   6.1579997790597271E-005   6.7583098116340919E-005   7.3561685890576197E-005   7.9927940274681774E-005   8.8714956345514856E-005   1.0025060075011813E-004
   8.1398720000000022        5.4773791047882646E-005   6.1485464769927363E-005   6.7508599804683180E-005   7.3493866520069602E-005   7.9881035929387954E-005   8.8563304294631131E-005   1.0009200098904164E-004
   8.2216799999999992        5.4769522792524857E-005   6.1468375655788189E-005   6.7493857747390068E-005   7.3479872467533352E-005   7.9876060495889472E-005   8.8539590583813191E-005   1.0006009742062625E-004
   8.3043099999999992        5.4745823782857933E-005   6.1358401104841945E-005   6.7415056738057724E-005   7.3406075788460748E-005   7.9761924298747279E-005   8.8386925245445138E-005   9.9907433297811521E-005
   8.3877710000000008        5.4752141604474647E-005   6.1387389064071487E-005   6.7435548797833723E-005   7.3431963081621541E-005   7.9793807066180203E-005   8.8451014274339588E-005   9.9961736531136740E-005
   8.4720700000000004        5.4747874348009145E-005   6.1364375830145099E-005   6.7430417978465082E-005   7.3420191194296694E-005   7.9792231715285385E-005   8.8446807439857095E-005   9.9954906296242262E-005
   8.5572160000000004        5.4736815131911946E-005   6.1307058897776915E-005   6.7409692813146958E-005   7.3385745303057175E-005   7.9762680463692161E-005   8.8386681486421931E-005   9.9893516487599516E-005
   8.6432179999999992        5.4767238087495783E-005   6.1452803129982461E-005   6.7510079871808829E-005   7.3505702711265826E-005   7.9886760331533560E-005   8.8637696834809051E-005   1.0012676060584463E-004
   8.7300850000000008        5.4762567489103610E-005   6.1431209539244261E-005   6.7495752570174002E-005   7.3492885715798441E-005   7.9880636608171087E-005   8.8597150966061774E-005   1.0010218475472967E-004
   8.8178239999999999        5.4770349705364200E-005   6.1468168033977210E-005   6.7529364383250078E-005   7.3521191070500719E-005   7.9905445227996521E-005   8.8660490083387861E-005   1.0017166713000825E-004
   8.9064460000000008        5.4786541910863053E-005   6.1543345586194851E-005   6.7585051464267903E-005   7.3574875603464487E-005   7.9947841749325799E-005   8.8776712923925317E-005   1.0028835056266393E-004
   8.9959579999999999        5.4785236189541305E-005   6.1539441139245895E-005   6.7583420371677158E-005   7.3573909670621648E-005   7.9968654886759897E-005   8.8769925411032692E-005   1.0028466135476184E-004
   9.0863689999999995        5.4796261129747493E-005   6.1595898444298405E-005   6.7609331439440789E-005   7.3617700469599557E-005   8.0017349984604831E-005   8.8864668608492527E-005   1.0036673889956542E-004
   9.1776900000000001        5.4808656169741827E-005   6.1655000871299349E-005   6.7631216170946422E-005   7.3652230887071959E-005   8.0084377701123647E-005   8.8954851732540144E-005   1.0046248211352487E-004
   9.2699280000000002        5.4801836946530654E-005   6.1625278676290669E-005   6.7620861123039106E-005   7.3636262185880697E-005   8.0038210125210643E-005   8.8914160850822350E-005   1.0041178641465373E-004
   9.3630929999999992        5.4813727170831489E-005   6.1689516106975894E-005   6.7688793956411703E-005   7.3671448375769788E-005   8.0126235973675724E-005   8.9019757755684042E-005   1.0051359326946226E-004
   9.4571939999999994        5.4794914773931250E-005   6.1592086605269183E-005   6.7612421727275283E-005   7.3611771508658226E-005   8.0018283869739122E-005   8.8871193250397628E-005   1.0037016158488098E-004
   9.5522419999999997        5.4820092431814542E-005   6.1724127852396985E-005   6.7714511693295817E-005   7.3689510957735289E-005   8.0145085053280485E-005   8.9078732148341360E-005   1.0056969873733736E-004
   9.6482440000000000        5.4808443911671976E-005   6.1654979256113633E-005   6.7641247409638361E-005   7.3657124954511774E-005   8.0096676045304373E-005   8.8961267263561682E-005   1.0047104259113192E-004
   9.7452110000000012        5.4804101649967393E-005   6.1644754329003362E-005   6.7637552190352203E-005   7.3635047855671217E-005   8.0098417007647900E-005   8.8968671822011128E-005   1.0045273091601503E-004
   9.8431530000000009        5.4796294056369581E-005   6.1590533388192119E-005   6.7614961583579967E-005   7.3611992437201698E-005   8.0031658923568642E-005   8.8880261577399013E-005   1.0038519536659949E-004
   9.9420790000000014        5.4804025936365088E-005   6.1640249574689446E-005   6.7639958768530518E-005   7.3632977131239734E-005   8.0097740423400247E-005   8.8966798362532159E-005   1.0045605679334335E-004
   10.042000000000000        5.4803888958573051E-005   6.1625815191242018E-005   6.7626980679795636E-005   7.3634783005544442E-005   8.0079792487189631E-005   8.8934008042043362E-005   1.0043988055121977E-004
   10.142920000000000        5.4737245948991094E-005   6.1277060443504398E-005   6.7404639432314424E-005   7.3376294187903961E-005   7.9755386817969309E-005   8.8383026053074761E-005   9.9894377776476865E-005
   10.244860000000001        5.4760651114778655E-005   6.1409034883162149E-005   6.7509712053996570E-005   7.3491278556082922E-005   7.9882980942937642E-005   8.8628770738783497E-005   1.0011956463268045E-004
   10.347830000000000        5.4874680054595519E-005   6.1961586814849302E-005   6.7871359356288570E-005   7.3885960402501099E-005   8.0314126047027827E-005   8.9455378346590375E-005   1.0089017644583141E-004
   10.451820000000000        5.4816102131459002E-005   6.1693720450612383E-005   6.7639811718610710E-005   7.3679081827198592E-005   8.0064540869033573E-005   8.8946419352836092E-005   1.0045308849892915E-004
   10.556870000000000        5.4813345502776534E-005   6.1693336700709259E-005   6.7647354802416842E-005   7.3674170010605853E-005   8.0101506970647467E-005   8.9003940757268203E-005   1.0048338130995742E-004
   10.662970000000000        5.4817134017546742E-005   6.1702665152404713E-005   6.7645187104188907E-005   7.3678079745197230E-005   8.0076272899201335E-005   8.8973305103812430E-005   1.0047384723565518E-004
   10.770130000000002        5.4872621454796822E-005   6.1933810892993504E-005   6.7863729498963499E-005   7.3886533146512294E-005   8.0314223103609077E-005   8.9409563960779725E-005   1.0089089726320550E-004
   10.878380000000000        5.4789231454600271E-005   6.1555481823525430E-005   6.7591655680600550E-005   7.3584230428805816E-005   7.9994685306985591E-005   8.8777547732501967E-005   1.0030186804875374E-004
   10.987710000000002        5.4810435366980076E-005   6.1675675684876033E-005   6.7639730574128057E-005   7.3665020520068480E-005   8.0098420413279267E-005   8.8987201720766305E-005   1.0047143833326055E-004
   11.098140000000003        5.4746215281039090E-005   6.1336355555308147E-005   6.7435444743157606E-005   7.3425264252202256E-005   7.9831149898393952E-005   8.8486613082215847E-005   9.9989364013329280E-005
   11.209670000000001        5.4822209592612734E-005   6.1734563245153618E-005   6.7720829581718338E-005   7.3694407253178178E-005   8.0151709111847826E-005   8.9094665653284132E-005   1.0058127676677828E-004
   11.322330000000001        5.4746749476588173E-005   6.1341889031698879E-005   6.7440384185953454E-005   7.3434130848630625E-005   7.9853597118848842E-005   8.8510150621418229E-005   1.0000608336520260E-004
   11.436130000000002        5.4791055756223190E-005   6.1576674275836454E-005   6.7611089388728760E-005   7.3602876334616152E-005   8.0021136654380749E-005   8.8875948903314206E-005   1.0035648336464144E-004
   11.551060000000000        5.4789850508120339E-005   6.1566985619066817E-005   6.7600744049907288E-005   7.3595829832643440E-005   8.0002281473898576E-005   8.8836970346136952E-005   1.0032768196347968E-004
   11.667149999999999        5.4782533986607378E-005   6.1524684026833821E-005   6.7590263125351919E-005   7.3564720009715466E-005   7.9968435092828279E-005   8.8783088705109319E-005   1.0027928940827978E-004
   11.784409999999999        5.4808995030818179E-005   6.1664677823929781E-005   6.7636353371000770E-005   7.3658975110136400E-005   8.0094194268821064E-005   8.8975760744946090E-005   1.0046763126337451E-004
   11.902850000000001        5.4742612667239768E-005   6.1327142502245671E-005   6.7432946902159764E-005   7.3416772061538172E-005   7.9801161382226312E-005   8.8473770582201934E-005   9.9974453972822444E-005
   12.022470000000000        5.4811249420667477E-005   6.1673012985253976E-005   6.7654827594901721E-005   7.3663217015169645E-005   8.0119513138402303E-005   8.8987709092308708E-005   1.0048865700782361E-004
   12.143300000000000        5.4755321993434615E-005   6.1393203283848711E-005   6.7472850984464218E-005   7.3473170817160133E-005   7.9871288664796149E-005   8.8568659255447579E-005   1.0007000585399434E-004
   12.265350000000000        5.4808241805864300E-005   6.1653677879750909E-005   6.7632352441862972E-005   7.3653902095775474E-005   8.0088101110266802E-005   8.8948203163127221E-005   1.0045886135247786E-004
   12.388620000000001        5.4793307310587800E-005   6.1576170692154226E-005   6.7600735637378585E-005   7.3601144468036372E-005   8.0006663595199508E-005   8.8821808675769559E-005   1.0033171848504667E-004
   12.513130000000000        5.4775283447275718E-005   6.1488829780000751E-005   6.7542750792145995E-005   7.3535987459512494E-005   7.9914283771866351E-005   8.8693184338755197E-005   1.0020412159032207E-004
   12.638890000000000        5.4777302426992751E-005   6.1502956702809105E-005   6.7559517737681538E-005   7.3547867577498008E-005   7.9923098365617274E-005   8.8723039236095205E-005   1.0023025329247712E-004
   12.765910000000002        5.4766528798185379E-005   6.1446952492079235E-005   6.7510779223117044E-005   7.3508324314537304E-005   7.9892179138184674E-005   8.8645011255682492E-005   1.0013988955903698E-004
   12.894209999999999        5.4771888615550461E-005   6.1472127490987558E-005   6.7533239665973704E-005   7.3523649391131154E-005   7.9906760906560989E-005   8.8667663752559450E-005   1.0018077788006163E-004
   13.023800000000001        5.4771505939111117E-005   6.1474431424560371E-005   6.7531079728430781E-005   7.3523550813163805E-005   7.9905320713744083E-005   8.8671217359188488E-005   1.0017590065037350E-004
   13.154690000000000        5.4760037105579864E-005   6.1415578727417477E-005   6.7489062132805767E-005   7.3485383579166536E-005   7.9878686865848280E-005   8.8581054262238906E-005   1.0009751463744758E-004
   13.286899999999999        5.4748923395585525E-005   6.1362489789016690E-005   6.7443890746704476E-005   7.3446978417041737E-005   7.9851649408135182E-005   8.8504729943719135E-005   1.0001148901841073E-004
   13.420439999999999        5.4767554462123857E-005   6.1458203387381501E-005   6.7513664911457655E-005   7.3511009327986417E-005   7.9894493101318964E-005   8.8650765190166587E-005   1.0014469435861415E-004
   13.555320000000000        5.4745041475195591E-005   6.1339663717612639E-005   6.7432917728065485E-005   7.3429852979900841E-005   7.9832067365091401E-005   8.8465952126873709E-005   9.9993144522063604E-005
   13.691549999999999        5.4740780442115882E-005   6.1328365314132155E-005   6.7423534986839546E-005   7.3407115742152242E-005   7.9786408795795309E-005   8.8435947585100748E-005   9.9945425982257816E-005
   13.829150000000002        5.4736017285569629E-005   6.1303693384333883E-005   6.7413730997736775E-005   7.3391431422972206E-005   7.9770407300189280E-005   8.8407266403454752E-005   9.9953436240652620E-005
   13.968140000000002        5.4716261118853864E-005   6.1237604002035680E-005   6.7340412013175465E-005   7.3345061428699675E-005   7.9720071887746219E-005   8.8267110084914546E-005   9.9801231601183004E-005
   14.108520000000002        5.4743845131678935E-005   6.1340764480365072E-005   6.7425381370276273E-005   7.3412424029046977E-005   7.9830894776257170E-005   8.8444390103056868E-005   9.9974652725669279E-005
   14.250320000000002        5.4723832440716921E-005   6.1247680596491035E-005   6.7355580326052005E-005   7.3359483117199742E-005   7.9732227023250095E-005   8.8298491144837786E-005   9.9888797071661959E-005
   14.393540000000002        5.4723055540411948E-005   6.1246228630385040E-005   6.7348601866644799E-005   7.3356322876922065E-005   7.9732584221240926E-005   8.8307044125207808E-005   9.9944107024878533E-005
   14.538200000000000        5.4722753539983811E-005   6.1246070718325811E-005   6.7344870394519315E-005   7.3355847791694111E-005   7.9732889443036951E-005   8.8307493453962824E-005   9.9976122321295609E-005
   14.684310000000000        5.4720785956743431E-005   6.1245075630615337E-005   6.7335415796196740E-005   7.3352530745669783E-005   7.9713316684551616E-005   8.8280845012051652E-005   1.0001273942089953E-004
   14.831890000000000        5.4709870987689010E-005   6.1226233227179797E-005   6.7301754053194829E-005   7.3315860759325035E-005   7.9670276596515590E-005   8.8213437736566237E-005   9.9970871425409378E-005
   14.980950000000000        5.4727286663228148E-005   6.1267808977234412E-005   6.7304034630236333E-005   7.3349197681323302E-005   7.9679383205841144E-005   8.8376918875539685E-005   1.0027516431434178E-004
   15.131520000000000        5.4708061662799845E-005   6.1219562695310795E-005   6.7309765475967933E-005   7.3295254435847061E-005   7.9690930803240668E-005   8.8206393706445431E-005   9.9927013246413115E-005
   15.283590000000002        5.4708099299813325E-005   6.1222028939400183E-005   6.7296432108181011E-005   7.3308925752430521E-005   7.9647408703115450E-005   8.8181968351875738E-005   9.9894876139299609E-005
   15.437190000000001        5.4724560509479867E-005   6.1249160532957976E-005   6.7349053468655551E-005   7.3360561783029915E-005   7.9725771324248978E-005   8.8293264821518775E-005   9.9959729895950019E-005
   15.592340000000000        5.4724518624471134E-005   6.1246128699817909E-005   6.7350220699296238E-005   7.3357790061226777E-005   7.9733576424108129E-005   8.8300001322414758E-005   9.9916691008088352E-005
   15.749050000000002        5.4740815305566652E-005   6.1327093552478553E-005   6.7419238918387312E-005   7.3410471949132786E-005   7.9800147254012777E-005   8.8431350525486154E-005   9.9963068818477113E-005
   15.907330000000000        5.4773624850377459E-005   6.1481201169782766E-005   6.7531857559871341E-005   7.3523528986722082E-005   7.9904873823981597E-005   8.8664237043838500E-005   1.0018128867321980E-004
   15.993430000000000        5.4752981125183525E-005   6.1378852360998196E-005   6.7445885799796661E-005   7.3450952339308064E-005   7.9857009681601201E-005   8.8515860565818003E-005   1.0003103308393416E-004
