   6.0301510000000009        6.9895603000642143E-005   6.6942987562594070E-006   7.4045614457273447E-005
   6.0907549999999997        6.9936980946300929E-005   6.7040439459522033E-006   7.4097400039049432E-005
   6.1519690000000002        6.9977263347760453E-005   6.7129362912281129E-006   7.4147927108876764E-005
   6.2137979999999997        6.9897375892255620E-005   6.6903806700066618E-006   7.4060634114346853E-005
   6.2762479999999998        6.9842104135381822E-005   6.6760934789172517E-006   7.4003816228895822E-005
   6.3393259999999998        6.9851361721614771E-005   6.6807881202827978E-006   7.4003834784002438E-005
   6.4030379999999996        6.9876833863109658E-005   6.6884279326172315E-006   7.4025731303776173E-005
   6.4673900000000000        6.9896562229872206E-005   6.6918386957270714E-006   7.4050429864615201E-005
   6.5323890000000011        6.9889334846084746E-005   6.6899793432992030E-006   7.4034230785977137E-005
   6.5980410000000012        6.9852671930749262E-005   6.6796627371886618E-006   7.3978810894765874E-005
   6.6643530000000002        6.9821472806825464E-005   6.6699015833697678E-006   7.3945087331735320E-005
   6.7313310000000008        6.9769596716328573E-005   6.6533013763049228E-006   7.3895854430804019E-005
   6.7989830000000007        6.9744157285222744E-005   6.6457321034975902E-006   7.3859458386077819E-005
   6.8673140000000004        6.9738385564625598E-005   6.6435093483382978E-006   7.3843323305589797E-005
   6.9363330000000003        6.9687238670725529E-005   6.6276478815918696E-006   7.3797518528774224E-005
   7.0060440000000010        6.9692053689214759E-005   6.6293653841163673E-006   7.3787815702447553E-005
   7.0764570000000004        6.9670575088166448E-005   6.6214059944386692E-006   7.3774504813437162E-005
   7.1475770000000001        6.9649329251198852E-005   6.6142464453920212E-006   7.3746651506281875E-005
   7.2194120000000011        6.9657579020404269E-005   6.6125241705136654E-006   7.3765690593108167E-005
   7.2919690000000008        6.9733393715059190E-005   6.6314970980963790E-006   7.3858519619546619E-005
   7.3652550000000012        6.9806965726968773E-005   6.6520832307828801E-006   7.3952349378469229E-005
   7.4392779999999998        6.9858621865107946E-005   6.6684975294699801E-006   7.4015561292532501E-005
   7.5140440000000002        6.9863172189077441E-005   6.6706585905353971E-006   7.4021788178631616E-005
   7.5895620000000008        6.9794144474415575E-005   6.6513761480311791E-006   7.3943246448630810E-005
   7.6658390000000001        6.9924869633569031E-005   6.6826890466982786E-006   7.4092465183693223E-005
   7.7428830000000000        6.9858104790540876E-005   6.6637740029154639E-006   7.4017823763063696E-005
   7.8207009999999997        6.9831754862923826E-005   6.6597262653392010E-006   7.3987897013995751E-005
   7.8993010000000004        6.9825349834599335E-005   6.6587003787078576E-006   7.3978675019478426E-005
   7.9786910000000013        6.9769767748738000E-005   6.6407397893190824E-006   7.3912811310597459E-005
   8.0588790000000010        6.9731738725375210E-005   6.6292685100401728E-006   7.3866943025059721E-005
   8.1398720000000022        6.9663389382731286E-005   6.6095040368363322E-006   7.3785672192566609E-005
   8.2216799999999992        6.9652415922332494E-005   6.6068624236213977E-006   7.3771296629505568E-005
   8.3043099999999992        6.9579167898802723E-005   6.5892072336657127E-006   7.3687960002605772E-005
   8.3877710000000008        6.9605737246603063E-005   6.5979930692255025E-006   7.3717292540645434E-005
   8.4720700000000004        6.9599356606502407E-005   6.5991568453816251E-006   7.3710400394277125E-005
   8.5572160000000004        6.9567638216197698E-005   6.5935853212933651E-006   7.3675687993979294E-005
   8.6432179999999992        6.9672505944868703E-005   6.6223231901783417E-006   7.3796989668593587E-005
   8.7300850000000008        6.9659132874558217E-005   6.6201882104183588E-006   7.3783143032952691E-005
   8.8178239999999999        6.9689416591027045E-005   6.6301534531935895E-006   7.3819593257285968E-005
   8.9064460000000008        6.9740983791439351E-005   6.6444215440088393E-006   7.3879499988915317E-005
   8.9959579999999999        6.9739856842681609E-005   6.6449167741819509E-006   7.3878777271525544E-005
   9.0863689999999995        6.9778526306229875E-005   6.6561888933668018E-006   7.3924777705512164E-005
   9.1776900000000001        6.9820297177191837E-005   6.6691781850036994E-006   7.3973737286243523E-005
   9.2699280000000002        6.9798757602813978E-005   6.6627179002894277E-006   7.3949273394810351E-005
   9.3630929999999992        6.9845872515367661E-005   6.6785307198532093E-006   7.4005573717511670E-005
   9.4571939999999994        6.9778282264747635E-005   6.6581985618182307E-006   7.3927378632926145E-005
   9.5522419999999997        6.9871538562671641E-005   6.6868419968080563E-006   7.4034248425188830E-005
   9.6482440000000000        6.9825647936126834E-005   6.6723559424362951E-006   7.3980376961326798E-005
   9.7452110000000012        6.9817459051431307E-005   6.6709781419519079E-006   7.3971682665186330E-005
   9.8431530000000009        6.9784938107057349E-005   6.6613722021358861E-006   7.3932661883645097E-005
   9.9420790000000014        6.9817473986399337E-005   6.6713864350589105E-006   7.3969655014192445E-005
   10.042000000000000        6.9809485276989161E-005   6.6685133501510778E-006   7.3960422876489105E-005
   10.142920000000000        6.9551325622524684E-005   6.5946575811193917E-006   7.3661972271335015E-005
   10.244860000000001        6.9658201190989381E-005   6.6261248497631070E-006   7.3787468361632928E-005
   10.347830000000000        7.0031777691884409E-005   6.7267734879538088E-006   7.4209334432469315E-005
   10.451820000000000        6.9833701390422935E-005   6.6629581180011387E-006   7.3981767752488966E-005
   10.556870000000000        6.9841559863061494E-005   6.6720302047740336E-006   7.3995711065648662E-005
   10.662970000000000        6.9840333716903106E-005   6.6683013882099597E-006   7.3992282746741296E-005
   10.770130000000002        7.0027680188792821E-005   6.7275494056108055E-006   7.4203157373776534E-005
   10.878380000000000        6.9750943564513769E-005   6.6461190452510641E-006   7.3889814543630377E-005
   10.987710000000002        6.9831756722043238E-005   6.6712595686514038E-006   7.3986919635389588E-005
   11.098140000000003        6.9600485681195400E-005   6.6069502339966882E-006   7.3719384487188917E-005
   11.209670000000001        6.9880109927875005E-005   6.6885295297637631E-006   7.4042242254757575E-005
   11.322330000000001        6.9606501594507870E-005   6.6103557351683041E-006   7.3727700480337316E-005
   11.436130000000002        6.9772381574609890E-005   6.6582003837363379E-006   7.3920692725470611E-005
   11.551060000000000        6.9759836174924908E-005   6.6520676438906287E-006   7.3904584053031649E-005
   11.667149999999999        6.9735372867726789E-005   6.6466458084060169E-006   7.3877492224916707E-005
   11.784409999999999        6.9826671217669992E-005   6.6715287051056587E-006   7.3981882822955739E-005
   11.902850000000001        6.9595444566725284E-005   6.6062508475662083E-006   7.3712445505763548E-005
   12.022470000000000        6.9834139027596343E-005   6.6745164041201652E-006   7.3992022477041854E-005
   12.143300000000000        6.9639685563180825E-005   6.6182376219396352E-006   7.3764308594024040E-005
   12.265350000000000        6.9820860644528740E-005   6.6697714662215852E-006   7.3975860646125462E-005
   12.388620000000001        6.9764622727622403E-005   6.6508782239696194E-006   7.3906482541965309E-005
   12.513130000000000        6.9704932426938973E-005   6.6352875305444542E-006   7.3837502486403538E-005
   12.638890000000000        6.9714532250060395E-005   6.6384162846451664E-006   7.3850714827612338E-005
   12.765910000000002        6.9673410162565406E-005   6.6257259035138309E-006   7.3800492265857680E-005
   12.894209999999999        6.9692889841857557E-005   6.6314319471678249E-006   7.3824098634275230E-005
   13.023800000000001        6.9693627301142629E-005   6.6310548678601634E-006   7.3822848549912640E-005
   13.154690000000000        6.9651702179485388E-005   6.6199079211089337E-006   7.3776346077330401E-005
   13.286899999999999        6.9616832486313384E-005   6.6102974078423663E-006   7.3733819332725520E-005
   13.420439999999999        6.9678536781636019E-005   6.6263921224162360E-006   7.3805580196843778E-005
   13.555320000000000        6.9598234596267346E-005   6.6056595194496071E-006   7.3714532277491688E-005
   13.691549999999999        6.9587779827897525E-005   6.6015998329954728E-006   7.3697770132623644E-005
   13.829150000000002        6.9569682188501907E-005   6.5986974132897131E-006   7.3681476426706071E-005
   13.968140000000002        6.9509203196515130E-005   6.5822327339946321E-006   7.3607657461317541E-005
   14.108520000000002        6.9593365901766496E-005   6.6022531738311686E-006   7.3704686985154728E-005
   14.250320000000002        6.9525121451722820E-005   6.5862795706065012E-006   7.3626900887150499E-005
   14.393540000000002        6.9525850515720917E-005   6.5900875453768761E-006   7.3626368278542254E-005
   14.538200000000000        6.9523559247816369E-005   6.5912270319647426E-006   7.3624662673101531E-005
   14.684310000000000        6.9504614267321406E-005   6.5893850987714826E-006   7.3609380322965103E-005
   14.831890000000000        6.9469961297103017E-005   6.5836755527085232E-006   7.3569205329816246E-005
   14.980950000000000        6.9490801593721400E-005   6.6083020018169631E-006   7.3601776860739517E-005
   15.131520000000000        6.9473993309082627E-005   6.5835034596319024E-006   7.3564221145112790E-005
   15.283590000000002        6.9461137050327756E-005   6.5779584065610488E-006   7.3559240543893511E-005
   15.437190000000001        6.9519313138029730E-005   6.5877782987398254E-006   7.3621725795909598E-005
   15.592340000000000        6.9524278026449892E-005   6.5873827668645489E-006   7.3625532691674314E-005
   15.749050000000002        6.9589679655568601E-005   6.6023448068699727E-006   7.3693757318782813E-005
   15.907330000000000        6.9693083993675674E-005   6.6285923979505588E-006   7.3820164290539379E-005
   15.993430000000000        6.9625041016382780E-005   6.6120198653207984E-006   7.3739578208985296E-005
