#  lambda [mu]       Rp^2/Rstar^2
      6.030151     6.8517147E-005     0.0000000E+000
      6.090755     6.8559572E-005     0.0000000E+000
      6.151969     6.8608535E-005     0.0000000E+000
      6.213798     6.8558903E-005     0.0000000E+000
      6.276248     6.8503142E-005     0.0000000E+000
      6.339326     6.8478395E-005     0.0000000E+000
      6.403038     6.8509976E-005     0.0000000E+000
      6.467390     6.8576684E-005     0.0000000E+000
      6.532389     6.8536275E-005     0.0000000E+000
      6.598041     6.8495213E-005     0.0000000E+000
      6.664353     6.8466201E-005     0.0000000E+000
      6.731331     6.8428694E-005     0.0000000E+000
      6.798983     6.8411882E-005     0.0000000E+000
      6.867314     6.8410957E-005     0.0000000E+000
      6.936333     6.8370590E-005     0.0000000E+000
      7.006044     6.8383506E-005     0.0000000E+000
      7.076457     6.8379444E-005     0.0000000E+000
      7.147577     6.8363952E-005     0.0000000E+000
      7.219412     6.8365767E-005     0.0000000E+000
      7.291969     6.8427920E-005     0.0000000E+000
      7.365255     6.8493056E-005     0.0000000E+000
      7.439278     6.8511100E-005     0.0000000E+000
      7.514044     6.8450879E-005     0.0000000E+000
      7.589562     6.8366241E-005     0.0000000E+000
      7.665839     6.8579051E-005     0.0000000E+000
      7.742883     6.8556781E-005     0.0000000E+000
      7.820701     6.8449943E-005     0.0000000E+000
      7.899301     6.8433629E-005     0.0000000E+000
      7.978691     6.8401578E-005     0.0000000E+000
      8.058879     6.8381740E-005     0.0000000E+000
      8.139872     6.8328574E-005     0.0000000E+000
      8.221680     6.8315853E-005     0.0000000E+000
      8.304310     6.8237547E-005     0.0000000E+000
      8.387771     6.8255485E-005     0.0000000E+000
      8.472070     6.8232276E-005     0.0000000E+000
      8.557216     6.8193460E-005     0.0000000E+000
      8.643218     6.8276542E-005     0.0000000E+000
      8.730085     6.8251019E-005     0.0000000E+000
      8.817824     6.8266893E-005     0.0000000E+000
      8.906446     6.8308933E-005     0.0000000E+000
      8.995958     6.8297486E-005     0.0000000E+000
      9.086369     6.8327326E-005     0.0000000E+000
      9.177690     6.8342615E-005     0.0000000E+000
      9.269928     6.8330658E-005     0.0000000E+000
      9.363093     6.8338093E-005     0.0000000E+000
      9.457194     6.8308607E-005     0.0000000E+000
      9.552242     6.8332362E-005     0.0000000E+000
      9.648244     6.8331448E-005     0.0000000E+000
      9.745211     6.8292657E-005     0.0000000E+000
      9.843153     6.8287122E-005     0.0000000E+000
      9.942079     6.8275288E-005     0.0000000E+000
     10.042000     6.8293469E-005     0.0000000E+000
     10.142920     6.8123647E-005     0.0000000E+000
     10.244860     6.8199232E-005     0.0000000E+000
     10.347830     6.8606430E-005     0.0000000E+000
     10.451820     6.8467039E-005     0.0000000E+000
     10.556870     6.8389814E-005     0.0000000E+000
     10.662970     6.8433406E-005     0.0000000E+000
     10.770130     6.8588647E-005     0.0000000E+000
     10.878380     6.8344339E-005     0.0000000E+000
     10.987710     6.8370343E-005     0.0000000E+000
     11.098140     6.8187884E-005     0.0000000E+000
     11.209670     6.8344259E-005     0.0000000E+000
     11.322330     6.8174965E-005     0.0000000E+000
     11.436130     6.8275057E-005     0.0000000E+000
     11.551060     6.8293539E-005     0.0000000E+000
     11.667150     6.8273536E-005     0.0000000E+000
     11.784410     6.8342593E-005     0.0000000E+000
     11.902850     6.8172613E-005     0.0000000E+000
     12.022470     6.8341862E-005     0.0000000E+000
     12.143300     6.8202238E-005     0.0000000E+000
     12.265350     6.8355846E-005     0.0000000E+000
     12.388620     6.8331008E-005     0.0000000E+000
     12.513130     6.8273260E-005     0.0000000E+000
     12.638890     6.8266776E-005     0.0000000E+000
     12.765910     6.8241118E-005     0.0000000E+000
     12.894210     6.8266995E-005     0.0000000E+000
     13.023800     6.8265988E-005     0.0000000E+000
     13.154690     6.8220870E-005     0.0000000E+000
     13.286900     6.8214887E-005     0.0000000E+000
     13.420440     6.8257291E-005     0.0000000E+000
     13.555320     6.8185814E-005     0.0000000E+000
     13.691550     6.8200585E-005     0.0000000E+000
     13.829150     6.8165985E-005     0.0000000E+000
     13.968140     6.8128366E-005     0.0000000E+000
     14.108520     6.8203677E-005     0.0000000E+000
     14.250320     6.8138018E-005     0.0000000E+000
     14.393540     6.8141289E-005     0.0000000E+000
     14.538200     6.8151705E-005     0.0000000E+000
     14.684310     6.8127295E-005     0.0000000E+000
     14.831890     6.8100328E-005     0.0000000E+000
     14.980950     6.8108482E-005     0.0000000E+000
     15.131520     6.8110513E-005     0.0000000E+000
     15.283590     6.8086723E-005     0.0000000E+000
     15.437190     6.8130139E-005     0.0000000E+000
     15.592340     6.8134534E-005     0.0000000E+000
     15.749050     6.8189729E-005     0.0000000E+000
     15.907330     6.8264105E-005     0.0000000E+000
     15.993430     6.8206720E-005     0.0000000E+000
