   976.50712467586550        1.0000000000000000E-050   1.0000000000000000E-050   1.0000000000000000E-050   1.0000000000000000E-050   1.0000000000000000E-050   1.0000000000000000E-050  0.16310588446376090     
   555.88910577651143        1.0000000000000000E-050   1.0000000000000000E-050   1.0000000000000000E-050   1.0000000000000000E-050   1.0000000000000000E-050   1.1796896064878158E-004  0.40227223674581808     
   316.44694658380604        1.0000000000000000E-050   1.0000000000000000E-050   1.0000000000000000E-050   1.0000000000000000E-050   2.3239341388909498E-011   9.6375796172611030E-004  0.43247506475447917     
   180.14145080668970        1.0000000000000000E-050   1.0000000000000000E-050   1.0000000000000000E-050   1.0000000000000000E-050   1.7349251860406310E-008   4.8772275319723781E-003  0.61194044377588941     
   102.54781298749189        1.0000000000000000E-050   1.0000000000000000E-050   1.0000000000000000E-050   1.0000000000000000E-050   2.9009486100505846E-007   3.2335005095955369E-002  0.61672275519833231     
   58.376647359204618        1.0000000000000000E-050   1.0000000000000000E-050   1.0000000000000000E-050   1.0000000000000000E-050   3.4909037656197129E-006  0.10490366601070737       0.61672275519833231     
   33.231649292380247        1.0000000000000000E-050   1.0000000000000000E-050   1.0000000000000000E-050   1.0000000000000000E-050   1.2820315550265911E-005  0.13496847519444150       0.74650145107918597     
   18.917539198448473        1.0000000000000000E-050   1.0000000000000000E-050   1.0000000000000000E-050   2.9116939830693205E-011   5.1326496613529829E-005  0.16310588446376090       0.74650145107918597     
   10.769049895061690        1.0000000000000000E-050   1.0000000000000000E-050   1.0000000000000000E-050   1.0523822670971230E-009   1.2776322481320885E-004  0.23603401910783006       0.74650145107918597     
   6.1304186779134442        1.0000000000000000E-050   1.0000000000000000E-050   1.0000000000000000E-050   6.3840846473230169E-009   2.7109142348708128E-004  0.25964688474291442       0.74650145107918597     
   3.4898188357121334        1.0000000000000000E-050   1.0000000000000000E-050   1.0000000000000000E-050   2.0053943672221692E-008   3.3981761751194828E-004  0.25964688474291442       0.74650145107918597     
   1.9866237766058041        1.0000000000000000E-050   1.0000000000000000E-050   1.0000000000000000E-050   5.8582638506695896E-008   4.8614764276608903E-004  0.25964688474291442       0.74650145107918597     
   1.1309108625892759        1.0000000000000000E-050   1.0000000000000000E-050   1.0000000000000000E-050   9.5980297219591037E-008   6.2369211661744554E-004  0.28572761866204233       0.75220161496185378     
  0.64378539821342207        1.0000000000000000E-050   1.0000000000000000E-050   1.0000000000000000E-050   2.4197729880845276E-007   6.9571416272424808E-004  0.29311821307722341       0.77603544498058685     
  0.36648302944397293        1.0000000000000000E-050   1.0000000000000000E-050   1.0000000000000000E-050   3.4598201386183302E-007   1.1283493591207540E-003  0.29788123153448859       0.90916450048826047     
  0.20862512763283678        1.0000000000000000E-050   1.0000000000000000E-050   1.9352372206222016E-011   4.8860009615412633E-007   1.6300534939150614E-003  0.29992150272985735       0.90916450048826047     
  0.11876250844644194        1.0000000000000000E-050   1.0000000000000000E-050   7.3482802267464240E-011   7.7452614624936950E-007   1.9865959895191965E-003  0.30757393442442438       0.96790744282091334     
   6.7607069064633721E-002   1.0000000000000000E-050   1.0000000000000000E-050   1.3055706066951559E-010   8.8410109131001371E-007   2.1080976013173772E-003  0.30757393442442438       0.96790744282091334     
   3.8486184295874672E-002   1.0000000000000000E-050   1.0000000000000000E-050   3.8325945872307948E-010   1.5371088324988826E-006   2.3423220382859013E-003  0.30757393442442438       0.96790744282091334     
   2.1908750107773333E-002   1.0000000000000000E-050   1.0000000000000000E-050   6.3420883019559263E-010   1.9199941085796840E-006   2.5419044831627765E-003  0.30757393442442438       0.96790744282091334     
   1.2471834765295483E-002   1.0000000000000000E-050   1.0000000000000000E-050   9.8275680503355971E-010   2.3227843756671132E-006   2.8152177623340870E-003  0.30757393442442438       0.96790744282091334     
   7.0997506314905553E-003   1.0000000000000000E-050   1.0000000000000000E-050   1.4511988921474342E-009   2.8527351603489885E-006   3.2274312590103230E-003  0.33021971090146235       0.98562559842928277     
   4.0416233840439592E-003   1.0000000000000000E-050   3.5098830246375351E-012   2.2516378723427224E-009   3.2953488024297581E-006   3.9096677391726713E-003  0.34031424713706460       0.98562559842928277     
   2.3007455368924067E-003   1.0000000000000000E-050   7.3136103569161510E-012   2.4161466752366042E-009   3.4672239859122762E-006   3.9096677391726713E-003  0.34031424713706460       0.98562559842928277     
   1.3097286715106642E-003   1.0000000000000000E-050   1.3088228430557409E-011   2.8448690415735248E-009   3.8650835820179406E-006   4.1291193177328588E-003  0.34031424713706460       0.98562559842928277     
   7.4557971121571806E-004   1.0000000000000000E-050   1.7308242755683456E-011   3.2270678059865003E-009   3.9369295633324394E-006   4.2361638569711558E-003  0.34031424713706460       0.98562559842928277     
   4.2443073734908701E-004   1.0000000000000000E-050   1.9980176395167579E-011   3.4478742843685055E-009   4.1927897448281415E-006   4.2361638569711558E-003  0.34031424713706460       0.98562559842928277     
   2.4161259768315993E-004   1.0000000000000000E-050   2.0319797839876471E-011   3.5530871269774750E-009   4.2421358643470219E-006   4.2361638569711558E-003  0.34031424713706460       0.98562559842928277     
   1.3754104550441824E-004   1.0000000000000000E-050   2.0420632278747852E-011   3.5981528986955528E-009   4.3878326508961374E-006   4.2409587692682042E-003  0.34031424713706460       0.98562559842928277     
   7.8296990222571648E-005   1.3826452656475317E-012   2.0636088872652634E-011   3.6085244909565614E-009   4.4579381720549996E-006   4.2409587692682042E-003  0.34031424713706460       0.98562559842928277     
   4.4571557933348059E-005   1.3826452656475317E-012   2.0636088872652634E-011   3.6085244909565614E-009   4.4579381720549996E-006   4.2409587692682042E-003  0.34031424713706460       0.98562559842928277     
   2.5372926481062872E-005   1.6518872202647821E-012   2.0814206220639903E-011   3.6740059407016579E-009   4.7481349536832366E-006   4.2409587692682042E-003  0.34031424713706460       0.98562559842928277     
   1.4443861243893085E-005   1.6518872202647821E-012   2.0814206220639903E-011   3.6740059407016579E-009   4.7481349536832366E-006   4.2409587692682042E-003  0.34031424713706460       0.98562559842928277     
   8.2223517964529834E-006   1.6518872202647821E-012   2.0814206220639903E-011   3.6740059407016579E-009   4.7481349536832366E-006   4.2409587692682042E-003  0.34031424713706460       0.98562559842928277     
   4.6806783811509076E-006   1.6518872202647821E-012   2.0814206220639903E-011   3.6740059407016579E-009   4.7481349536832366E-006   4.2409587692682042E-003  0.34031424713706460       0.98562559842928277     
   2.6645357253169931E-006   1.6518872202647821E-012   2.0814206220639903E-011   3.6740059407016579E-009   4.7481349536832366E-006   4.2409587692682042E-003  0.34031424713706460       0.98562559842928277     
   1.5168208651295664E-006   1.6518872202647821E-012   2.0814206220639903E-011   3.6740059407016579E-009   4.7481349536832366E-006   4.2409587692682042E-003  0.34031424713706460       0.98562559842928277     
   8.6346957746970819E-007   1.6518872202647821E-012   2.0814206220639903E-011   3.6740059407016579E-009   4.7481349536832366E-006   4.2409587692682042E-003  0.34031424713706460       0.98562559842928277     
   4.9154104374218858E-007   1.6518872202647821E-012   2.0814206220639903E-011   3.6740059407016579E-009   4.7481349536832366E-006   4.2409587692682042E-003  0.34031424713706460       0.98562559842928277     
   2.7981599350746808E-007   1.6518872202647821E-012   2.0814206220639903E-011   3.6740059407016579E-009   4.7481349536832366E-006   4.2409587692682042E-003  0.34031424713706460       0.98562559842928277     
   1.5928881467655873E-007   1.6518872202647821E-012   2.0814206220639903E-011   3.6740059407016579E-009   4.7481349536832366E-006   4.2409587692682042E-003  0.34031424713706460       0.98562559842928277     
   9.0677184541939704E-008   1.6518872202647821E-012   2.0814206220639903E-011   3.6740059407016579E-009   4.7481349536832366E-006   4.2409587692682042E-003  0.34031424713706460       0.98562559842928277     
   5.1619141074963596E-008   1.6518872202647821E-012   2.0814206220639903E-011   3.6740059407016579E-009   4.7481349536832366E-006   4.2409587692682042E-003  0.34031424713706460       0.98562559842928277     
   2.9384852857717511E-008   1.6518872202647821E-012   2.0814206220639903E-011   3.6740059407016579E-009   4.7481349536832366E-006   4.2409587692682042E-003  0.34031424713706460       0.98562559842928277     
   1.6727701381465070E-008   1.6518872202647821E-012   2.0814206220639903E-011   3.6740059407016579E-009   4.7481349536832366E-006   4.2409587692682042E-003  0.34031424713706460       0.98562559842928277     
   9.5224568542966044E-009   1.6518872202647821E-012   2.0814206220639903E-011   3.6740059407016579E-009   4.7481349536832366E-006   4.2409587692682042E-003  0.34031424713706460       0.98562559842928277     
   5.4207797278359812E-009   1.6518872202647821E-012   2.0814206220639903E-011   3.6740059407016579E-009   4.7481349536832366E-006   4.2409587692682042E-003  0.34031424713706460       0.98562559842928277     
   3.0858478339504331E-009   1.6518872202647821E-012   2.0814206220639903E-011   3.6740059407016579E-009   4.7481349536832366E-006   4.2409587692682042E-003  0.34031424713706460       0.98562559842928277     
   1.7566581437349827E-009   1.6518872202647821E-012   2.0814206220639903E-011   3.6740059407016579E-009   4.7481349536832366E-006   4.2409587692682042E-003  0.34031424713706460       0.98562559842928277     
   1.0000000000000007E-009   1.6518872202647821E-012   2.0814206220639903E-011   3.6740059407016579E-009   4.7481349536832366E-006   4.2409587692682042E-003  0.34031424713706460       0.98562559842928277     
