   976.50712467586550        1.0000000000000000E-050   1.0000000000000000E-050   1.0000000000000000E-050   1.0000000000000000E-050   1.0000000000000000E-050   1.0000000000000000E-050   3.7687545341064474E-004
   555.88910577651143        1.0000000000000000E-050   1.0000000000000000E-050   1.0000000000000000E-050   1.0000000000000000E-050   1.0000000000000000E-050   2.6521185762404299E-006   1.4735930623211331E-003
   316.44694658380604        1.0000000000000000E-050   1.0000000000000000E-050   1.0000000000000000E-050   1.0000000000000000E-050   2.6970691731679105E-011   3.7477193539015252E-005   5.1086589159958663E-003
   180.14145080668970        1.0000000000000000E-050   1.0000000000000000E-050   1.0000000000000000E-050   1.0000000000000000E-050   7.3707133204666998E-009   6.3564662156275858E-005   5.1086589159958663E-003
   102.54781298749189        1.0000000000000000E-050   1.0000000000000000E-050   1.0000000000000000E-050   1.0000000000000000E-050   1.2570135046049086E-007   2.4925782358323277E-004   1.8631390552719739E-002
   58.376647359204618        1.0000000000000000E-050   1.0000000000000000E-050   1.0000000000000000E-050   1.0000000000000000E-050   4.3296561187419047E-007   2.9809071502803801E-004   1.8631390552719739E-002
   33.231649292380247        1.0000000000000000E-050   1.0000000000000000E-050   1.0000000000000000E-050   1.0000000000000000E-050   1.0073081053156722E-006   4.0695011607651954E-004   1.8631390552719739E-002
   18.917539198448473        1.0000000000000000E-050   1.0000000000000000E-050   1.0000000000000000E-050   3.3659496889854546E-011   2.4323922724823100E-006   6.4366024085785265E-004   2.9887736351644701E-002
   10.769049895061690        1.0000000000000000E-050   1.0000000000000000E-050   1.0000000000000000E-050   6.8651454310726799E-010   4.2619278626521564E-006   6.8792678613941761E-004   6.6420944308539301E-002
   6.1304186779134442        1.0000000000000000E-050   1.0000000000000000E-050   1.0000000000000000E-050   3.1631511444818650E-009   8.3590206341593803E-006   9.1459814395316588E-004   6.6420944308539301E-002
   3.4898188357121334        1.0000000000000000E-050   1.0000000000000000E-050   1.0000000000000000E-050   7.2605958767159178E-009   1.1059500868905979E-005   1.0711964312237409E-003   6.6420944308539301E-002
   1.9866237766058041        1.0000000000000000E-050   1.0000000000000000E-050   1.0000000000000000E-050   1.4875065305602355E-008   1.4809526686826644E-005   1.3520332750322529E-003   6.6420944308539301E-002
   1.1309108625892759        1.0000000000000000E-050   1.0000000000000000E-050   1.0000000000000000E-050   2.1741358628450706E-008   2.0288321326544558E-005   1.7827012852358226E-003   6.6420944308539301E-002
  0.64378539821342207        1.0000000000000000E-050   1.0000000000000000E-050   1.0000000000000000E-050   3.6767680665510715E-008   2.6587505307479790E-005   2.8214168604461286E-003  0.22897106276491136     
  0.36648302944397293        1.0000000000000000E-050   1.0000000000000000E-050   1.0000000000000000E-050   5.3504968615328102E-008   2.9890418570848114E-005   3.1792791719306764E-003  0.22897106276491136     
  0.20862512763283678        1.0000000000000000E-050   1.0000000000000000E-050   1.5024295913295101E-011   7.6947608898935886E-008   3.3147924245275873E-005   3.5071823726268922E-003  0.22897106276491136     
  0.11876250844644194        1.0000000000000000E-050   1.0000000000000000E-050   1.0432303035787300E-010   1.1102773123087704E-007   4.1237595760379531E-005   4.0639018616987063E-003  0.34746668763846011     
   6.7607069064633721E-002   1.0000000000000000E-050   1.0000000000000000E-050   1.4684389544118793E-010   1.2574383576857890E-007   4.2805434245980883E-005   4.0639018616987063E-003  0.34746668763846011     
   3.8486184295874672E-002   1.0000000000000000E-050   1.0000000000000000E-050   3.5182556718969572E-010   1.6358513845804433E-007   4.7636681325161805E-005   4.3170742212996016E-003  0.34746668763846011     
   2.1908750107773333E-002   1.0000000000000000E-050   1.0000000000000000E-050   5.4366756774299621E-010   1.9651514735235622E-007   5.1599677761284892E-005   5.0111024167234291E-003  0.34746668763846011     
   1.2471834765295483E-002   1.0000000000000000E-050   1.0000000000000000E-050   7.0997072814442980E-010   2.3826148675490679E-007   5.6306795802431635E-005   5.0792321002121662E-003  0.34746668763846011     
   7.0997506314905553E-003   1.0000000000000000E-050   1.0000000000000000E-050   9.0431395654404334E-010   2.9724391691650034E-007   6.1804677500955179E-005   5.1086589159958663E-003  0.34746668763846011     
   4.0416233840439592E-003   1.0000000000000000E-050   4.8564209681262973E-012   1.1686957095551919E-009   3.4823522777728418E-007   6.6444833794580040E-005   5.2097662361889948E-003  0.46125710542965803     
   2.3007455368924067E-003   1.0000000000000000E-050   6.3424854382669182E-012   1.2124010248420873E-009   3.8245961363799932E-007   6.8089238357340787E-005   5.8505799366051223E-003  0.54290727811784589     
   1.3097286715106642E-003   1.0000000000000000E-050   8.6745055597034108E-012   1.5054596559064898E-009   4.1994416271775046E-007   6.9390802451862918E-005   5.8505799366051223E-003  0.54290727811784589     
   7.4557971121571806E-004   1.0000000000000000E-050   1.1788821406331475E-011   1.6332849994418726E-009   4.2743500481219269E-007   7.2268376405991533E-005   5.8505799366051223E-003  0.54290727811784589     
   4.2443073734908701E-004   1.0000000000000000E-050   1.5996086230786421E-011   1.7474829269173502E-009   4.4085347820622653E-007   7.6315194839071381E-005   5.9063212028125540E-003  0.54290727811784589     
   2.4161259768315993E-004   1.0000000000000000E-050   1.6258817450533504E-011   1.8018963397319176E-009   4.4085347820622653E-007   7.8784497351014278E-005   5.9063212028125540E-003  0.54290727811784589     
   1.3754104550441824E-004   1.0000000000000000E-050   1.6494906250529188E-011   1.8018963397319176E-009   4.4807406090999325E-007   8.1364402420081052E-005   5.9063212028125540E-003  0.54290727811784589     
   7.8296990222571648E-005   1.5700711026401372E-012   1.7673093367309975E-011   1.8589418181487452E-009   4.4832777650350362E-007   8.2248012332743214E-005   6.0554039441964433E-003  0.54290727811784589     
   4.4571557933348059E-005   1.5700711026401372E-012   1.7673093367309975E-011   1.8589418181487452E-009   4.4832777650350362E-007   8.2248012332743214E-005   6.0554039441964433E-003  0.54290727811784589     
   2.5372926481062872E-005   1.9811643717885905E-012   1.7764036528443461E-011   1.8815360487029697E-009   4.4872275452547033E-007   8.3374699488612654E-005   6.0554039441964433E-003  0.54290727811784589     
   1.4443861243893085E-005   1.9811643717885905E-012   1.7764036528443461E-011   1.8815360487029697E-009   4.4872275452547033E-007   8.3374699488612654E-005   6.0554039441964433E-003  0.54290727811784589     
   8.2223517964529834E-006   1.9811643717885905E-012   1.7764036528443461E-011   1.8815360487029697E-009   4.4872275452547033E-007   8.3374699488612654E-005   6.0554039441964433E-003  0.54290727811784589     
   4.6806783811509076E-006   1.9811643717885905E-012   1.7764036528443461E-011   1.8815360487029697E-009   4.4872275452547033E-007   8.3374699488612654E-005   6.0554039441964433E-003  0.54290727811784589     
   2.6645357253169931E-006   1.9811643717885905E-012   1.7764036528443461E-011   1.8815360487029697E-009   4.4872275452547033E-007   8.3374699488612654E-005   6.0554039441964433E-003  0.54290727811784589     
   1.5168208651295664E-006   1.9811643717885905E-012   1.7764036528443461E-011   1.8815360487029697E-009   4.4872275452547033E-007   8.3374699488612654E-005   6.0554039441964433E-003  0.54290727811784589     
   8.6346957746970819E-007   1.9811643717885905E-012   1.7764036528443461E-011   1.8815360487029697E-009   4.4872275452547033E-007   8.3374699488612654E-005   6.0554039441964433E-003  0.54290727811784589     
   4.9154104374218858E-007   1.9811643717885905E-012   1.7764036528443461E-011   1.8815360487029697E-009   4.4872275452547033E-007   8.3374699488612654E-005   6.0554039441964433E-003  0.54290727811784589     
   2.7981599350746808E-007   1.9811643717885905E-012   1.7764036528443461E-011   1.8815360487029697E-009   4.4872275452547033E-007   8.3374699488612654E-005   6.0554039441964433E-003  0.54290727811784589     
   1.5928881467655873E-007   1.9811643717885905E-012   1.7764036528443461E-011   1.8815360487029697E-009   4.4872275452547033E-007   8.3374699488612654E-005   6.0554039441964433E-003  0.54290727811784589     
   9.0677184541939704E-008   1.9811643717885905E-012   1.7764036528443461E-011   1.8815360487029697E-009   4.4872275452547033E-007   8.3374699488612654E-005   6.0554039441964433E-003  0.54290727811784589     
   5.1619141074963596E-008   1.9811643717885905E-012   1.7764036528443461E-011   1.8815360487029697E-009   4.4872275452547033E-007   8.3374699488612654E-005   6.0554039441964433E-003  0.54290727811784589     
   2.9384852857717511E-008   1.9811643717885905E-012   1.7764036528443461E-011   1.8815360487029697E-009   4.4872275452547033E-007   8.3374699488612654E-005   6.0554039441964433E-003  0.54290727811784589     
   1.6727701381465070E-008   1.9811643717885905E-012   1.7764036528443461E-011   1.8815360487029697E-009   4.4872275452547033E-007   8.3374699488612654E-005   6.0554039441964433E-003  0.54290727811784589     
   9.5224568542966044E-009   1.9811643717885905E-012   1.7764036528443461E-011   1.8815360487029697E-009   4.4872275452547033E-007   8.3374699488612654E-005   6.0554039441964433E-003  0.54290727811784589     
   5.4207797278359812E-009   1.9811643717885905E-012   1.7764036528443461E-011   1.8815360487029697E-009   4.4872275452547033E-007   8.3374699488612654E-005   6.0554039441964433E-003  0.54290727811784589     
   3.0858478339504331E-009   1.9811643717885905E-012   1.7764036528443461E-011   1.8815360487029697E-009   4.4872275452547033E-007   8.3374699488612654E-005   6.0554039441964433E-003  0.54290727811784589     
   1.7566581437349827E-009   1.9811643717885905E-012   1.7764036528443461E-011   1.8815360487029697E-009   4.4872275452547033E-007   8.3374699488612654E-005   6.0554039441964433E-003  0.54290727811784589     
   1.0000000000000007E-009   1.9811643717885905E-012   1.7764036528443461E-011   1.8815360487029697E-009   4.4872275452547033E-007   8.3374699488612654E-005   6.0554039441964433E-003  0.54290727811784589     
