   976.50712467586550      -0.82617191835115289      -0.25151007382429147       -0.0000000000000000       -0.0000000000000000       -0.0000000000000000       -0.0000000000000000        1.1348436950301510E-003
   555.88910577651143      -0.89470702257222046      -0.33588836013570567       -8.1840768650534535E-004  -0.0000000000000000       -0.0000000000000000       -0.0000000000000000        1.7490635379651929E-002
   316.44694658380604      -0.95936587590467781      -0.49702416301759461       -7.0763610623540085E-002  -0.0000000000000000       -0.0000000000000000       -0.0000000000000000        4.8411188063497618E-002
   180.14145080668970       -1.0596612739967797      -0.50965408613305707      -0.13129126754392953       -0.0000000000000000       -0.0000000000000000        2.2524250445747935E-005  0.11527824519699940     
   102.54781298749189      -0.88914521862229734      -0.53382187159568373      -0.17118720787438926       -0.0000000000000000       -0.0000000000000000        5.3411637547263969E-004  0.17298767156763883     
   58.376647359204618      -0.81636591177725593      -0.51331193090214788      -0.20670983401061718       -0.0000000000000000       -0.0000000000000000        1.6155960146224306E-003  0.16466097202406765     
   33.231649292380247      -0.73518506312737675      -0.49114016998295679      -0.21624685213736347       -0.0000000000000000       -0.0000000000000000        5.0878090834228099E-003  0.15618934158795222     
   18.917539198448473      -0.63688220306010113      -0.46307443072039134      -0.21561334549150160       -1.0020765294091287E-002  -0.0000000000000000        7.3891020492920538E-003  0.14757311296287143     
   10.769049895061690      -0.56174976314162450      -0.43230829222160866      -0.21248307950626785       -2.7767760437871467E-002  -0.0000000000000000        9.4053394355037116E-003  0.15795763637457269     
   6.1304186779134442      -0.49825602801351160      -0.40298091551486237      -0.19877073651462279       -3.4963164016430438E-002  -0.0000000000000000        1.1208663530425378E-002  0.14876243615906729     
   3.4898188357121334      -0.44909089740592273      -0.36785568185541384      -0.18085764758047854       -3.6310510881695755E-002  -0.0000000000000000        1.2680400043772575E-002  0.13921279390551314     
   1.9866237766058041      -0.40312100881518698      -0.32896368344110222      -0.16094617947257495       -3.6770355842145531E-002  -0.0000000000000000        1.8998329510238603E-002  0.12930947244257990     
   1.1309108625892759      -0.36189039864728628      -0.28826340688663593      -0.14012699436456016       -3.3619646098757609E-002  -0.0000000000000000        2.0102104009971804E-002  0.11733586630884490     
  0.64378539821342207      -0.32379587053330078      -0.24743644049149166      -0.12003953430400981       -2.8334172915079923E-002  -0.0000000000000000        2.0827098652007651E-002   9.6379368214407374E-002
  0.36648302944397293      -0.28174253262081578      -0.21206078365524347       -9.6710418052693620E-002  -2.1730590525193591E-002  -0.0000000000000000        2.4752788912871613E-002   9.7491055948462718E-002
  0.20862512763283678      -0.24032072353790440      -0.17229929144831807       -7.7461115030812919E-002  -1.6054857477602370E-002   1.4160973585083391E-004   2.7876586259071391E-002  0.10628744213484367     
  0.11876250844644194      -0.21961985350390234      -0.14014833285962219       -6.0506379439280292E-002  -1.1431535161863666E-002   2.5373541225030796E-003   3.0329983613420979E-002   9.4216440919622002E-002
   6.7607069064633721E-002 -0.18378817108964082      -0.11311193970258991       -4.5196299429608781E-002  -7.7256803867083012E-003   5.5558028298021414E-003   4.0263627395687847E-002  0.19024801969628180     
   3.8486184295874672E-002 -0.14032756679881675       -8.6888785250078690E-002  -3.1023848463493545E-002  -4.0942377027422703E-003   9.9946135827698075E-003   5.1534236893681487E-002  0.46295975929726435     
   2.1908750107773333E-002 -0.12293891506668518       -5.8334546166128480E-002  -2.0534961997622132E-002  -1.5102573211726760E-003   1.4732552095015079E-002   8.2152417050734422E-002  0.64621633261471856     
   1.2471834765295483E-002  -9.1879354675600447E-002  -3.6472754848586683E-002  -1.2414733536347988E-002  -0.0000000000000000        2.3141927318476873E-002  0.17974742397121179       0.95125184365056747     
   7.0997506314905553E-003  -5.7620388517601165E-002  -1.8847109170993762E-002  -6.5293828441877338E-003   5.3228559787880233E-003   3.3563377156524861E-002  0.28622975969323333        1.4253477410210806     
   4.0416233840439592E-003  -3.2495566800659452E-002  -1.1292817882852000E-002  -2.5009243281472163E-003   1.3764885117734795E-002   5.3849205447947690E-002  0.54024086716035724        2.0501914124766247     
   2.3007455368924067E-003 -0.11471689563754195       -6.4010962982349890E-003  -8.2125604148195939E-004   2.6144723917208578E-002   9.3532551903855024E-002  0.70425936026408320        2.0002899412585546     
   1.3097286715106642E-003 -0.18606178745072605       -3.8647746617229638E-003   3.3977705241611594E-003   4.3377310317416019E-002  0.18064235191111935       0.92230085407993478        2.6969551269769685     
   7.4557971121571806E-004 -0.20789159864685172       -2.6641006472642036E-003   2.1008205041393047E-002   6.6475682115409662E-002  0.30769445142176688        1.2043369915824342        2.5436687263920108     
   4.2443073734908701E-004  -1.5731895309576476       -4.8075628021509737E-003   3.0946823581158907E-002   9.8792911821144955E-002  0.43398073689816502        1.6778250369782290        3.1732817923478005     
   2.4161259768315993E-004  -1.2200443743527833       -5.1083967199801301E-002   3.8544839961422606E-002  0.13007737511969378       0.55331762251423500        1.6510113967652951        2.9910173053143048     
   1.3754104550441824E-004  -1.8630829682205932      -0.13920470485296083        4.4375484633058529E-002  0.15471157866403129       0.60728876978865876        1.5560051838876807        2.6987490213894025     
   7.8296990222571648E-005  -1.4837719450519307      -0.32179839408959954        4.3378961725684638E-002  0.16297312160992936       0.60365318708663029        1.4689225807928659        3.2794215707961358     
   4.4571557933348059E-005  -1.8477094944520749      -0.53812034278864063        4.1616571609354065E-002  0.17179479194306274       0.60421479711653348        1.3386895277806319        3.0614644445642427     
   2.5372926481062872E-005  -2.0289214537354203      -0.72261927091695000        3.4243232915861628E-002  0.17990601093129296       0.59097540209220367        1.4088410498752455        2.9969452953426128     
   1.4443861243893085E-005  -2.7101820244744927      -0.75415220614406708        1.2485827561171902E-002  0.17597614151625934       0.56744572503240986        1.4962660917601465        2.8364371993159017     
   8.2223517964529834E-006  -2.0336770889002631      -0.76074777519543901       -1.9121850309054035E-002  0.18082183226993317       0.53576594549054024        1.3776552698373321        2.5620576879576529     
   4.6806783811509076E-006  -2.2015826647214385      -0.92108228458880215       -6.6193043098037585E-002  0.17523625859860059       0.55130669784605102        1.3149581143380911        2.8444698280721288     
   2.6645357253169931E-006  -1.9121348458410439      -0.96852112291529724      -0.10848909417934478       0.16398694367786615       0.53944938301752787        1.5271184205506705        2.7024116849988169     
   1.5168208651295664E-006  -2.6744384683460058       -1.0810154534675971      -0.18328331036735990       0.14847282571732531       0.57070124198316630        1.4738610025788019        2.8846038171096131     
   8.6346957746970819E-007  -3.0189552896489853       -1.1004668947739329      -0.25921578563383385       0.13855309258393447       0.57356114378698475        1.4643415389432777        2.9255465570137118     
   4.9154104374218858E-007  -2.4588568263667652       -1.2704969747587063      -0.30517325530801992       0.11302028299231894       0.56209310987407413        1.5517014670581610        2.8267400280197394     
   2.7981599350746808E-007  -2.7613578848640792       -1.2083045233938248      -0.36791086662908290        7.9845831698964392E-002  0.54248553291072810        1.4948793624750711        2.7859575358115762     
   1.5928881467655873E-007  -2.5914375593356884       -1.2858195905355183      -0.39139046876868205        5.3291485691039184E-002  0.53210659647543079        1.4353866775769477        2.5666643839052159     
   9.0677184541939704E-008  -2.7374561948244800       -1.3506117957247397      -0.39675801151494272        3.5458256467708879E-002  0.52088078954732075        1.4033991664052121        2.5560294323324801     
   5.1619141074963596E-008  -2.8939447052865432       -1.4395011587382986      -0.42699654458364977        1.1133856444943298E-002  0.49123256563560375        1.6560221054341873        2.9526593955398166     
   2.9384852857717511E-008  -3.1397661111046200       -1.6321830543451170      -0.47614269313637597       -4.1173045656904862E-003  0.46949913782139446        1.5270615993880952        2.7588834730850951     
   1.6727701381465070E-008  -2.9203509048752103       -1.6467277693665654      -0.53832421274449294       -4.2095136372539227E-002  0.40837057579266095        1.4953829831366865        2.7572119664338941     
   9.5224568542966044E-009  -3.3388351593495158       -1.6269526746012895      -0.61590445239737657       -7.3187615536713851E-002  0.41918003458805264        1.1682620721585657        2.9450024897680551     
   5.4207797278359812E-009  -4.3913046261681874       -1.6969031757156656      -0.78690710666319597      -0.13259176206841961       0.44111354146691734        1.0685774959908170        2.7266246875517877     
   3.0858478339504331E-009  -3.4275773115110768       -2.1840995727340777       -1.1256956723712894      -0.17217055127220535       0.60291000115411331        1.6493677518546008        2.4435295352545476     
   1.7566581437349827E-009  -5.0329647083256690       -3.5808435772111205       -1.7015378637131899      -0.16312796287340717        1.0417359477556902        2.6563566531044871        4.6734290501947440     
   1.0000000000000007E-009  -9.7699564801067602       -5.7428134751113626       -1.9686351229898726      -0.15273861987612466        1.3972632532487612        4.2026760771179719        7.2572769034778908     
