   6.0301510000000009        2.6499150132378428E-008   7.0724826427024997E-009   2.8712214885151608E-008
   6.0907549999999997        2.4851490508243521E-008   7.2602388019938744E-009   2.7655765629668925E-008
   6.1519690000000002        2.2808803906155218E-008   8.0746285929851612E-009   2.5907943660726801E-008
   6.2137979999999997        2.7081226865315924E-008   6.6517434603474106E-009   3.1206881701598166E-008
   6.2762479999999998        3.1586816785130030E-008   6.0938363187914687E-009   3.6140640977407177E-008
   6.3393259999999998        3.6035633568912794E-008   6.7478067439639149E-009   3.9591594972304499E-008
   6.4030379999999996        3.8473791850902591E-008   8.6673964286669911E-009   4.0876090036218769E-008
   6.4673900000000000        4.0709605990721606E-008   1.0091163462679381E-008   4.3006236137019759E-008
   6.5323890000000011        4.2261331029826816E-008   1.1401097468337278E-008   4.4637632769461247E-008
   6.5980410000000012        4.5527268361397612E-008   1.4897120808959152E-008   4.8221843986746307E-008
   6.6643530000000002        4.8949840926156313E-008   1.2729134941208840E-008   5.2096777527249771E-008
   6.7313310000000008        5.3859231033021292E-008   9.7138791916443307E-009   5.7469769383494624E-008
   6.7989830000000007        5.9967340621978238E-008   1.0626348363715989E-008   6.2594624947035164E-008
   6.8673140000000004        6.4470600449095876E-008   1.1364388970584725E-008   6.6278333557092004E-008
   6.9363330000000003        7.0640944414844152E-008   1.0113535769916481E-008   7.2326601924279683E-008
   7.0060440000000010        7.6146827200024443E-008   1.1988029013590025E-008   7.6054046025718285E-008
   7.0764570000000004        7.8523602292162979E-008   1.0866443626057257E-008   7.9765154003402627E-008
   7.1475770000000001        8.6792976145775701E-008   1.1772658938620127E-008   8.5323516395697577E-008
   7.2194120000000011        9.5571954312955522E-008   1.2353535850523960E-008   9.1357818953283071E-008
   7.2919690000000008        1.0393456539868538E-007   1.3890826374418928E-008   9.4976488471459015E-008
   7.3652550000000012        1.1007568407494494E-007   1.4464343334325319E-008   9.9488510662039570E-008
   7.4392779999999998        1.1655366503022897E-007   1.5913690165551064E-008   1.0271572922416559E-007
   7.5140440000000002        1.2143751872478482E-007   1.5922014521242370E-008   1.0797212197525155E-007
   7.5895620000000008        1.2707850642752133E-007   1.6858389735016228E-008   1.1325286477255208E-007
   7.6658390000000001        1.3145571492571821E-007   1.8343290657931198E-008   1.1488342564668347E-007
   7.7428830000000000        1.3521727994326599E-007   1.7403250492653206E-008   1.2076290770253872E-007
   7.8207009999999997        1.4118566020067694E-007   1.7645363649925466E-008   1.2674775656955737E-007
   7.8993010000000004        1.4498741036751002E-007   1.7176966362509774E-008   1.3029137089564857E-007
   7.9786910000000013        1.4881626203501941E-007   1.6732094549699330E-008   1.3629415075681481E-007
   8.0588790000000010        1.5276796664015403E-007   1.6033053110536025E-008   1.4292705465720990E-007
   8.1398720000000022        1.5556286860274978E-007   1.5552229574919586E-008   1.4755619716591361E-007
   8.2216799999999992        1.5665548758792749E-007   1.3989435412629247E-008   1.5184367945215473E-007
   8.3043099999999992        1.6551967186798022E-007   1.5802752924869829E-008   1.6009732304685753E-007
   8.3877710000000008        1.5936714685767740E-007   1.2514291215150376E-008   1.6006548006147735E-007
   8.4720700000000004        1.6473150218266455E-007   1.2627968585093655E-008   1.6516887804988449E-007
   8.5572160000000004        1.7456133446794858E-007   1.4458184381877803E-008   1.7490651799003351E-007
   8.6432179999999992        1.6171796009471182E-007   1.0531224575444812E-008   1.6805994114825695E-007
   8.7300850000000008        1.7079227927284167E-007   1.1255255118554770E-008   1.7619961928403526E-007
   8.8178239999999999        1.7077567061406745E-007   1.0912511972911395E-008   1.7820649379917933E-007
   8.9064460000000008        1.7001202738180033E-007   1.0227111262913596E-008   1.7768224278482478E-007
   8.9959579999999999        1.7449856568594164E-007   1.0606044254110933E-008   1.8242234982499449E-007
   9.0863689999999995        1.7380181724337174E-007   1.0966465351264677E-008   1.8084247690722955E-007
   9.1776900000000001        1.7342316072660443E-007   1.3467332187315499E-008   1.7931085069590988E-007
   9.2699280000000002        1.8327820277935610E-007   1.1530313262279726E-008   1.8931938122345842E-007
   9.3630929999999992        1.8656933942319242E-007   1.3996747400113099E-008   1.9087030559835869E-007
   9.4571939999999994        1.9884724442880256E-007   1.0688437137591279E-008   2.0283001255979742E-007
   9.5522419999999997        1.9936415228137996E-007   1.4674629426445540E-008   2.0137645134077582E-007
   9.6482440000000000        2.0287610585431884E-007   1.3248742835825200E-008   2.0376742794230291E-007
   9.7452110000000012        2.2308593533659344E-007   1.1581572059347957E-008   2.2410784549087849E-007
   9.8431530000000009        2.2854672159759147E-007   1.1564279009629388E-008   2.2575875460234391E-007
   9.9420790000000014        2.4282236994378139E-007   1.2890399346068233E-008   2.4035359091878649E-007
   10.042000000000000        2.4022699083320880E-007   1.2677257065494301E-008   2.3594587219329964E-007
   10.142920000000000        2.8407472225321595E-007   2.1694389335259486E-008   2.7598320864079250E-007
   10.244860000000001        2.7652359739745381E-007   1.4235831200090307E-008   2.7082130534933932E-007
   10.347830000000000        1.6990395831636092E-007   4.7579200797905185E-008   1.5657552720200702E-007
   10.451820000000000        2.1472287182746759E-007   2.3203675004153293E-008   2.2521112593981309E-007
   10.556870000000000        2.4333731049404270E-007   1.5883732999520129E-008   2.5031988063602917E-007
   10.662970000000000        2.3028267223704831E-007   2.3004841993617265E-008   2.3381180657499795E-007
   10.770130000000002        1.8692842941777617E-007   5.7609657688701927E-008   1.6525459068971799E-007
   10.878380000000000        2.6251539490667245E-007   1.5935145646306170E-008   2.7164318572494117E-007
   10.987710000000002        2.7000351435264120E-007   1.4954779761890118E-008   2.7570998686544154E-007
   11.098140000000003        3.2486221867225062E-007   1.7567303186302298E-008   3.2459687126349815E-007
   11.209670000000001        2.8968904222794272E-007   1.7961927210460164E-008   2.8671171744440345E-007
   11.322330000000001        3.4328011912792511E-007   1.6076093890980088E-008   3.4066316058724912E-007
   11.436130000000002        3.2176241185026591E-007   1.0998286934621735E-008   3.1762575603403545E-007
   11.551060000000000        3.1713398323379706E-007   9.3543308991043505E-009   3.1598448225610037E-007
   11.667149999999999        3.3167697134167000E-007   8.2224699260510360E-009   3.2839198751989490E-007
   11.784409999999999        3.0944407671562120E-007   1.9194307051640030E-008   3.0803388732098335E-007
   11.902850000000001        3.6946895999744606E-007   1.4215516881473255E-008   3.6696350712548985E-007
   12.022470000000000        3.1743136278627445E-007   2.3154320861171052E-008   3.1723217342099675E-007
   12.143300000000000        3.6712807286039682E-007   1.0942186963877087E-008   3.6789565076630663E-007
   12.265350000000000        3.2389513163439650E-007   2.4632168843945723E-008   3.2283114618251867E-007
   12.388620000000001        3.3596554803501376E-007   1.8906890543464750E-008   3.3753711572463791E-007
   12.513130000000000        3.6018371832328471E-007   1.0812909775046375E-008   3.6145380544985860E-007
   12.638890000000000        3.6949373968312171E-007   7.9049068080929171E-009   3.7175942010379357E-007
   12.765910000000002        3.7751226133017968E-007   6.9581970006450380E-009   3.7931093339991228E-007
   12.894209999999999        3.7610220967334736E-007   8.7027185836498668E-009   3.8010151522649964E-007
   13.023800000000001        3.7964464248869580E-007   1.0122459354181183E-008   3.8310870734404447E-007
   13.154690000000000        3.9655603836317477E-007   7.0793335416778489E-009   3.9805375778897648E-007
   13.286899999999999        4.0729413531086173E-007   4.2547586357269645E-009   4.0865910564477751E-007
   13.420439999999999        3.9336797112655258E-007   1.1285012250667114E-008   3.9684949929125539E-007
   13.555320000000000        4.1910270215467763E-007   6.2576508192177226E-009   4.1889511884675644E-007
   13.691549999999999        4.2161725761928441E-007   5.6817956574802822E-009   4.1917775707929593E-007
   13.829150000000002        4.3339445430445880E-007   8.6271063231635991E-009   4.2894659789203197E-007
   13.968140000000002        4.5266872748382631E-007   1.3433116429695072E-008   4.4179082417680448E-007
   14.108520000000002        4.2975703294938606E-007   6.6491257893619884E-009   4.2855060295205187E-007
   14.250320000000002        4.5420588923065189E-007   1.0826891253942347E-008   4.4527793543536228E-007
   14.393540000000002        4.5982445051337353E-007   1.1543528874235578E-008   4.4765738449567909E-007
   14.538200000000000        4.6003341009148835E-007   1.1914187198578393E-008   4.4767012846723065E-007
   14.684310000000000        4.6678056639666261E-007   1.3964528481993583E-008   4.5323049431974481E-007
   14.831890000000000        4.7913614294141658E-007   1.6802698722454582E-008   4.6134439816105118E-007
   14.980950000000000        4.8366451810404482E-007   2.6223150148749399E-008   4.5301192455799682E-007
   15.131520000000000        4.8721507508181176E-007   1.7293706847135691E-008   4.6583742645049519E-007
   15.283590000000002        4.8944460699627661E-007   1.8016219948987839E-008   4.7129951840823932E-007
   15.437190000000001        4.7934845216943656E-007   1.3386821150640977E-008   4.6759614250113446E-007
   15.592340000000000        4.8196815880809559E-007   1.2158855374559336E-008   4.7089434614906651E-007
   15.749050000000002        4.7136604756660138E-007   1.4076015006287605E-008   4.6338213358447144E-007
   15.907330000000000        4.4443812152286061E-007   1.9467796014021020E-008   4.4652930959554182E-007
   15.993430000000000        4.6636864904870432E-007   1.5129434554622320E-008   4.6191262239536191E-007
