   6.0301510000000009        4.3725306228283930E-010   2.9465103427016660E-009   5.3609707407742335E-009   6.4715221151100916E-009   7.6963604224426431E-009   9.3394040332262354E-009   1.6498686557485319E-008
   6.0907549999999997        6.4438290210295037E-010   3.1816696899874234E-009   5.0973325705474388E-009   6.2621095543811392E-009   7.6193683444400950E-009   9.8439482463835113E-009   1.6690523164178014E-008
   6.1519690000000002        6.2834703758733517E-010   3.0673552750782742E-009   4.6015692909325186E-009   5.7818927637329723E-009   7.5392996409769510E-009   1.0973542700016760E-008   1.6450469534488850E-008
   6.2137979999999997        2.7935952331818185E-009   5.0613689913520475E-009   6.0690741749520406E-009   7.2284932794380009E-009   8.8044816036003238E-009   1.1354112588368055E-008   1.5565995991725177E-008
   6.2762479999999998        4.7672901942424412E-009   6.4123990910826088E-009   7.4407856861461746E-009   8.5933963528101768E-009   1.0116485347537294E-008   1.2327526087117568E-008   1.5921450775159576E-008
   6.3393259999999998        3.0903385837963874E-009   6.3403750916962817E-009   8.4185405537252715E-009   9.7003954814131254E-009   1.1313999477099274E-008   1.3131575721849182E-008   1.7668971531990108E-008
   6.4030379999999996        7.8783202207670989E-010   4.7728755017817627E-009   8.7610007094473671E-009   1.0356059604691111E-008   1.2124031057811360E-008   1.4153363924664575E-008   2.1522853128828662E-008
   6.4673900000000000        8.9009235334728302E-010   4.9903400455854905E-009   9.3455179984611248E-009   1.1099855075110447E-008   1.2997083456018884E-008   1.5275497165524322E-008   3.1157822980611303E-008
   6.5323890000000011        5.9961755003651970E-010   4.6364892767132054E-009   9.7879976674213268E-009   1.1811786303003592E-008   1.3748446230186352E-008   1.6284118152775617E-008   3.5957484571390200E-008
   6.5980410000000012        6.6306717768029255E-010   4.9856827413355343E-009   1.0636608842192285E-008   1.2908674025110626E-008   1.5021944855680941E-008   1.8245827630256524E-008   5.3186922928155880E-008
   6.6643530000000002        1.3346340289166227E-009   7.0039701358923418E-009   1.1989662569301850E-008   1.4170845685759130E-008   1.6373187227157071E-008   1.9356485206553819E-008   4.4931064404844401E-008
   6.7313310000000008        4.2754804787812212E-009   9.8240315254115303E-009   1.3934791107081007E-008   1.5924238886985662E-008   1.8146796164377065E-008   2.1092411584892741E-008   3.1259174561606380E-008
   6.7989830000000007        4.1908061975010960E-009   1.0687649429193244E-008   1.5491729459019559E-008   1.7725426560153173E-008   2.0054690286874198E-008   2.3121306158328438E-008   3.4510994846299776E-008
   6.8673140000000004        4.2932346931100184E-009   1.0874955191492160E-008   1.6773984142175886E-008   1.9177386087531754E-008   2.1649468579312297E-008   2.4947885353046922E-008   3.8501872771343997E-008
   6.9363330000000003        8.6911078800077307E-009   1.5027326084037561E-008   1.8711792519894624E-008   2.1219602859607809E-008   2.3911287348911681E-008   2.7337501972437108E-008   3.2680647668493361E-008
   7.0060440000000010        6.0080070525593428E-009   1.4085872670756716E-008   2.0061879655359406E-008   2.2882660691492639E-008   2.5834009889315536E-008   2.9443382442594422E-008   3.6026131481731552E-008
   7.0764570000000004        1.0838465424187135E-008   1.7122379178373351E-008   2.1507391306186556E-008   2.4265449753479025E-008   2.7310145340557995E-008   3.1063601631698333E-008   3.7433191305744066E-008
   7.1475770000000001        1.0869026025450673E-008   1.8310746433246767E-008   2.3434573960412808E-008   2.6654651546452219E-008   2.9801468583876771E-008   3.3475706051176322E-008   3.9055378918138150E-008
   7.2194120000000011        1.4419658110009745E-008   2.0770880914383405E-008   2.5356198464416630E-008   2.9104447500561003E-008   3.2514984424848881E-008   3.6636940211716077E-008   4.2525907848923836E-008
   7.2919690000000008        1.4814744006431764E-008   2.0822470816685322E-008   2.6497954981202197E-008   3.0678300709422289E-008   3.5061085376408858E-008   3.9340936137410510E-008   4.7661978893896560E-008
   7.3652550000000012        1.6982593679433463E-008   2.3494113793625238E-008   2.8036225682259598E-008   3.2634913956978488E-008   3.7324759473518639E-008   4.2359678001067354E-008   5.2728238329629638E-008
   7.4392779999999998        1.7651063173371081E-008   2.4178207858129492E-008   2.9349911493401433E-008   3.4313246189588972E-008   3.9725344473474745E-008   4.5291309151775209E-008   5.1910503254032921E-008
   7.5140440000000002        1.9366105463555324E-008   2.6969201818806242E-008   3.1495694505209957E-008   3.6761871711579399E-008   4.2422930733009825E-008   4.7963725164893261E-008   5.7504097509205315E-008
   7.5895620000000008        2.0594509363413711E-008   2.8633226738398876E-008   3.3685574920485432E-008   3.9262344948642968E-008   4.5388677365852320E-008   5.1566430305188239E-008   5.6502273725750670E-008
   7.6658390000000001        2.0602192647302571E-008   2.6663277255457769E-008   3.4839113502133054E-008   4.0951753740207414E-008   4.7301083777270200E-008   5.3634551782979299E-008   6.4528057756713482E-008
   7.7428830000000000        2.4128612575899752E-008   3.1183396111108967E-008   3.7736546315655315E-008   4.3762005897273254E-008   4.9895323687792657E-008   5.6203164852102595E-008   6.7677772495237929E-008
   7.8207009999999997        2.6866725528246317E-008   3.4784287075946322E-008   4.0340357912651935E-008   4.6687591008945971E-008   5.3265934461030928E-008   6.0365203181651622E-008   7.2417776041135177E-008
   7.8993010000000004        2.8608591954776389E-008   3.6574495346077945E-008   4.2820234994086745E-008   4.8842303062558712E-008   5.5527794887062500E-008   6.2257170836027800E-008   6.8512555450508515E-008
   7.9786910000000013        3.2693889820080600E-008   4.0497142356212189E-008   4.5989883799079774E-008   5.2133139622187736E-008   5.8579471667696199E-008   6.5574223949969861E-008   7.5837001634285240E-008
   8.0588790000000010        3.7261431327579603E-008   4.3927020102957450E-008   4.9423735177502270E-008   5.6119609623318516E-008   6.2232317608340276E-008   6.8340082468141936E-008   7.6344317114312639E-008
   8.1398720000000022        4.0210744634883785E-008   4.6433605089776553E-008   5.2608843509517242E-008   5.9115437691095539E-008   6.5070492112651714E-008   7.0942265653679581E-008   7.9265339871791893E-008
   8.2216799999999992        4.3495996994772474E-008   5.0250648689679059E-008   5.6095255616739868E-008   6.2206525372087009E-008   6.7315060590342587E-008   7.2595867102173234E-008   7.8788722133392127E-008
   8.3043099999999992        4.4355408118756541E-008   5.2969113914362024E-008   5.9760418507172195E-008   6.6945808199116456E-008   7.2768550764518905E-008   7.8904393334361305E-008   8.4732434103018787E-008
   8.3877710000000008        4.9834930980541824E-008   5.6444360674344742E-008   6.2510512550307843E-008   6.7962286294967513E-008   7.2775653819576905E-008   7.7909124310023296E-008   8.3292555067063771E-008
   8.4720700000000004        5.2472034070968589E-008   5.9715683678398949E-008   6.5828716026180573E-008   7.1420651585816754E-008   7.6264233194948073E-008   8.1931567897260174E-008   8.7592810681487009E-008
   8.5572160000000004        5.5228515985653117E-008   6.3264325138974791E-008   7.0516281671067326E-008   7.7185533147529595E-008   8.2674354502575012E-008   8.8729077873311246E-008   9.9145146138652139E-008
   8.6432179999999992        5.9517681791072119E-008   6.5567950369968995E-008   7.0620131632261502E-008   7.5296591115048820E-008   7.9988937857503438E-008   8.4584684839961590E-008   8.8617609815805785E-008
   8.7300850000000008        6.3538873417143861E-008   6.9901936999035900E-008   7.5301486912382078E-008   8.0531885055668067E-008   8.5564604922582785E-008   9.0582371982856010E-008   9.5642134506702084E-008
   8.8178239999999999        6.7011566161615083E-008   7.3138761716185174E-008   7.7876130051053227E-008   8.2982289410142721E-008   8.8164663446993730E-008   9.3483739938570909E-008   9.7241665984528756E-008
   8.9064460000000008        7.0634442265135154E-008   7.5239467809068404E-008   7.9539016511079669E-008   8.4350712010159048E-008   8.9328871071353712E-008   9.4140470124386926E-008   9.8191278700918822E-008
   8.9959579999999999        7.3217493881316170E-008   7.8553044953480123E-008   8.3221096982674281E-008   8.8246992930281748E-008   9.3541187826198988E-008   9.8615394858269408E-008   1.0228150836487019E-007
   9.0863689999999995        7.4002602656325587E-008   7.8842256220659654E-008   8.3828376256127730E-008   8.9016546158139744E-008   9.4927865803906848E-008   1.0017744881589920E-007   1.0399937359654743E-007
   9.1776900000000001        6.9246953199804907E-008   7.7066721239282961E-008   8.3428973219113454E-008   9.0187774179380602E-008   9.7198409616191914E-008   1.0340041118334587E-007   1.0983325634677901E-007
   9.2699280000000002        7.9065762399915752E-008   8.5499393007301159E-008   9.1283729139809321E-008   9.7121534164278829E-008   1.0331669376725276E-007   1.0925175982246116E-007   1.1358012903755243E-007
   9.3630929999999992        7.4633701863657867E-008   8.4707035865128681E-008   9.2520887009428878E-008   1.0007281586702209E-007   1.0735095127784231E-007   1.1353602289645220E-007   1.1881295752555432E-007
   9.4571939999999994        8.9090678785213263E-008   9.6458551198305464E-008   1.0264219709548534E-007   1.0823259093098779E-007   1.1435663306252313E-007   1.1967523352368764E-007   1.2386522833141253E-007
   9.5522419999999997        7.7634473893657308E-008   9.2140553399816516E-008   1.0207859120155849E-007   1.1002602632565193E-007   1.1763323159550820E-007   1.2454137701046570E-007   1.3027057357290304E-007
   9.6482440000000000        8.8522041804887069E-008   9.8350589881374928E-008   1.0578108057368497E-007   1.1339263137214803E-007   1.2049748894717362E-007   1.2743516916312749E-007   1.3387505364544941E-007
   9.7452110000000012        1.0021111857195564E-007   1.1230840424062430E-007   1.2108708532625128E-007   1.2740456706355305E-007   1.3365021973942539E-007   1.3883228758119752E-007   1.4360154561930664E-007
   9.8431530000000009        1.0434473360547247E-007   1.1543429191211659E-007   1.2428205395650048E-007   1.3096972213488572E-007   1.3734989920989339E-007   1.4229688035900860E-007   1.4652074668328146E-007
   9.9420790000000014        1.1011630228452638E-007   1.2403768174688453E-007   1.3482709272584247E-007   1.4253739636906526E-007   1.4890780494472727E-007   1.5485380404552542E-007   1.5900822482995457E-007
   10.042000000000000        1.0618879716654796E-007   1.2445094225352986E-007   1.3496853427576433E-007   1.4272061079591174E-007   1.4946562168717599E-007   1.5531079749632077E-007   1.5850790856032787E-007
   10.142920000000000        1.0702595782603173E-007   1.3728892968780371E-007   1.5871043445561091E-007   1.7102519763607845E-007   1.8091464275430105E-007   1.9209901418316265E-007   2.0398449408171920E-007
   10.244860000000001        1.3882026042693733E-007   1.4990075620068238E-007   1.6128547244122904E-007   1.7046368729912057E-007   1.7818225966068021E-007   1.8615267036014902E-007   1.9363562374761850E-007
   10.347830000000000        3.8403877259732543E-008   5.1422321083264942E-008   7.0419631539497482E-008   9.5668428144867010E-008   1.2910613367652460E-007   1.7232509860747915E-007   1.8784000586099339E-007
   10.451820000000000        1.0334208102860759E-007   1.2184486717290193E-007   1.3205757516914808E-007   1.4482000395818131E-007   1.6272695469674523E-007   1.7982113774565554E-007   1.9046596754796413E-007
   10.556870000000000        1.3116784999250917E-007   1.4528297509091242E-007   1.5595005000304126E-007   1.6617774226802101E-007   1.7728008230600782E-007   1.8736340113957931E-007   1.9631552938229385E-007
   10.662970000000000        1.1266755480249970E-007   1.3055950067151789E-007   1.4361616869066527E-007   1.5767450521685289E-007   1.7431204599907913E-007   1.9186006495985217E-007   2.0512099351304950E-007
   10.770130000000002        3.2471593057917056E-008   4.6866354056581243E-008   7.3683225513276033E-008   1.0999169676609276E-007   1.5256177556465116E-007   2.0313863358922242E-007   2.2259140931604484E-007
   10.878380000000000        1.5512277530226446E-007   1.7086024951202545E-007   1.8043129869783577E-007   1.9154365224528700E-007   2.0353262746712136E-007   2.1404829778889756E-007   2.2423332199388979E-007
   10.987710000000002        1.6055784988094530E-007   1.7773300473594458E-007   1.8771551854701937E-007   1.9846610946215364E-007   2.0983575226762183E-007   2.1958737627894228E-007   2.2981768959520072E-007
   11.098140000000003        1.5852152274248948E-007   2.0209925983280055E-007   2.2972965265476792E-007   2.4029582014306697E-007   2.4858564557492145E-007   2.5931562367661180E-007   2.7332108000280629E-007
   11.209670000000001        1.5478065759568668E-007   1.8065775155100515E-007   2.0277194049969870E-007   2.1662999220176907E-007   2.2757280315402129E-007   2.3771934215148253E-007   2.4908065868840502E-007
   11.322330000000001        2.1104056220019181E-007   2.3057235827063633E-007   2.4944191654960194E-007   2.6211588246525271E-007   2.7081058487855753E-007   2.8233176411115884E-007   3.0078219868525755E-007
   11.436130000000002        2.0573224198405665E-007   2.2706550220739339E-007   2.4032255189953609E-007   2.4915696354756290E-007   2.5603930853915652E-007   2.6134411835090308E-007   2.6525198268696644E-007
   11.551060000000000        2.2271542257495968E-007   2.3608467597486917E-007   2.4447834336060353E-007   2.5192973721574925E-007   2.5894267206032608E-007   2.6566404523613068E-007   2.7272416353029343E-007
   11.667149999999999        2.4254637816221660E-007   2.5175520171773610E-007   2.6039683873433277E-007   2.6724319203780497E-007   2.7359590193961372E-007   2.7911155285936864E-007   2.8346713312986716E-007
   11.784409999999999        2.0022792174081448E-007   2.2224830442110173E-007   2.3965491632881554E-007   2.5531220408946995E-007   2.7174863026449413E-007   2.8602640223292411E-007   3.0108441054013052E-007
   11.902850000000001        2.5665096177970108E-007   2.7862753972358363E-007   2.9998569561654578E-007   3.1185291260598395E-007   3.2042869265002641E-007   3.3032230196856036E-007   3.4827027219844056E-007
   12.022470000000000        1.9841540108810457E-007   2.2888454103188934E-007   2.5452301164593848E-007   2.7442316938883667E-007   2.9363453845928420E-007   3.0976143744321551E-007   3.2596370698349619E-007
   12.143300000000000        2.5230972377209220E-007   2.9399491816837443E-007   3.1807134952183192E-007   3.2470063218044343E-007   3.3077817930462874E-007   3.3749032892983308E-007   3.4181766776122685E-007
   12.265350000000000        2.1196067259299533E-007   2.4113114795123454E-007   2.6854876900150802E-007   2.9025021852369770E-007   3.1233626389255160E-007   3.3145236927275518E-007   3.4780281168064689E-007
   12.388620000000001        2.5122079770166815E-007   2.7244853393268186E-007   2.9227689468539892E-007   3.0902126997845534E-007   3.2726721676362985E-007   3.4250243458647809E-007   3.5608017448379969E-007
   12.513130000000000        3.0199998929614076E-007   3.1664869698252534E-007   3.2791411862219630E-007   3.3812282989348757E-007   3.4754713270875634E-007   3.5677484465242028E-007   3.6772388735969310E-007
   12.638890000000000        3.2517596783753918E-007   3.3778857585854151E-007   3.4710090486810641E-007   3.5439728251858209E-007   3.6174126564075723E-007   3.6857483671566766E-007   3.7563629835095583E-007
   12.765910000000002        3.4613313044797822E-007   3.5467164840166661E-007   3.6224343551266866E-007   3.6873395883797955E-007   3.7566143455425075E-007   3.8214712319904434E-007   3.8715685661846128E-007
   12.894209999999999        3.4668681395297816E-007   3.5947028832351684E-007   3.6848111617877281E-007   3.7707095718225169E-007   3.8567673025338720E-007   3.9367099425417951E-007   4.0109839425783038E-007
   13.023800000000001        3.4946736407090474E-007   3.6644037182686892E-007   3.7765545728607859E-007   3.8789955915430242E-007   3.9831744510000265E-007   4.0695928228405110E-007   4.1626002768061336E-007
   13.154690000000000        3.6490396376749615E-007   3.9481036461120158E-007   4.0471455788773779E-007   4.1126575673552234E-007   4.1752031634256504E-007   4.2386350447021233E-007   4.2857840551932927E-007
   13.286899999999999        4.1619259649785888E-007   4.2192567212184542E-007   4.2583048301025291E-007   4.3026409536564562E-007   4.3500548814600600E-007   4.3959829593929321E-007   4.4352656500268460E-007
   13.420439999999999        3.8625976770965232E-007   4.0310225845403273E-007   4.1466373509782953E-007   4.2604721386828959E-007   4.3822125786545377E-007   4.5096760513133676E-007   4.6458001902649637E-007
   13.555320000000000        4.2529016744677059E-007   4.4520262624916696E-007   4.5320351502301823E-007   4.5892900868508702E-007   4.6515928283761813E-007   4.7364403958970120E-007   4.8342668986655435E-007
   13.691549999999999        4.4857120531191933E-007   4.5570390788877920E-007   4.6258750137583297E-007   4.6860232162455736E-007   4.7502766036200486E-007   4.8108617280488021E-007   4.9086548925489084E-007
   13.829150000000002        4.4017486064638556E-007   4.6703622859117506E-007   4.8096731793223224E-007   4.8970097093765327E-007   4.9817257148652183E-007   5.0718592358492745E-007   5.2510968155842545E-007
   13.968140000000002        4.5867267038960812E-007   4.8380307712403450E-007   4.9858059628233387E-007   5.1415773306349134E-007   5.3036204036068080E-007   5.4485384868199191E-007   5.6613450763264784E-007
   14.108520000000002        4.8445535336002936E-007   4.9379402587015649E-007   5.0141860144946608E-007   5.0829966928094572E-007   5.1594668216555348E-007   5.2614670072306960E-007   5.3739889886752199E-007
   14.250320000000002        5.0348014809126485E-007   5.1357966534136547E-007   5.2596093330935398E-007   5.3951302619528060E-007   5.5244717289405832E-007   5.6496944774266146E-007   5.8291832539201441E-007
   14.393540000000002        5.1010617427340704E-007   5.2579331410084859E-007   5.3857935925207277E-007   5.5298681035963309E-007   5.6801685885973406E-007   5.8087482532565830E-007   5.9701681107574217E-007
   14.538200000000000        5.1363118716509063E-007   5.3487884718760126E-007   5.4900753009771399E-007   5.6468561985895409E-007   5.7954611912064632E-007   5.9313875331216431E-007   6.0772083643131649E-007
   14.684310000000000        5.2863442589729699E-007   5.4890971968733584E-007   5.6482389537488539E-007   5.8257384962715362E-007   6.0096604793804232E-007   6.1766497076260390E-007   6.4484902881418048E-007
   14.831890000000000        5.3480245241439853E-007   5.6579113380145545E-007   5.8315231178390411E-007   6.0397777232516769E-007   6.2744609480339184E-007   6.4950999070712239E-007   6.8141653784956505E-007
   14.980950000000000        4.4237464522126059E-007   5.1880497294463671E-007   5.7485363415101924E-007   6.0920738612498059E-007   6.3863839454028108E-007   6.6388427970265041E-007   6.9283940377930965E-007
   15.131520000000000        5.6327357473547726E-007   5.9090135960961955E-007   6.1222457693520605E-007   6.3491039900288328E-007   6.6026588833488007E-007   6.8365591279711736E-007   7.0681339749651235E-007
   15.283590000000002        5.8543676153674803E-007   6.1110599085518605E-007   6.3108532002093864E-007   6.5606938776507676E-007   6.8161049830931540E-007   7.0578241836339709E-007   7.4872697979694509E-007
   15.437190000000001        6.0049942587252678E-007   6.2719658486093572E-007   6.4515729938707265E-007   6.6453041503676574E-007   6.8299096082902216E-007   7.0122352188385637E-007   7.2502418767080606E-007
   15.592340000000000        6.3173643013681841E-007   6.4740284360437545E-007   6.6506342580995946E-007   6.8240846858322277E-007   6.9978703493496834E-007   7.1715429021794781E-007   7.3910732116515854E-007
   15.749050000000002        5.8668718520955503E-007   6.3857490757902573E-007   6.6765016800217259E-007   6.8537577464362628E-007   7.0258219478927446E-007   7.2707211031826335E-007   7.6842534950194852E-007
   15.907330000000000        5.7448474356811039E-007   6.1784073742946170E-007   6.4585573282264016E-007   6.7147086566364929E-007   7.0197509064517300E-007   7.3959821217567607E-007   7.6838739601933685E-007
   15.993430000000000        5.9022450879812944E-007   6.5882681880053023E-007   6.8357103146142909E-007   7.0366653260032811E-007   7.2490549999109417E-007   7.5502431096411721E-007   7.8362714624259532E-007
