   6.0301510000000009        5.9879813732326358E-009   1.5981604736548796E-009   6.4880649778449781E-009
   6.0907549999999997        5.7207803909682389E-009   1.6712974120572760E-009   6.3663208312975053E-009
   6.1519690000000002        5.3488476029805136E-009   1.8935652203529765E-009   6.0756207523199347E-009
   6.2137979999999997        6.4696577975714303E-009   1.5890898946235524E-009   7.4552695320171500E-009
   6.2762479999999998        7.6873110449930380E-009   1.4830622394934858E-009   8.7955791952274190E-009
   6.3393259999999998        8.9342236820522943E-009   1.6729666955499977E-009   9.8158442180667694E-009
   6.4030379999999996        9.7173114204450545E-009   2.1891211198574553E-009   1.0324058987255011E-008
   6.4673900000000000        1.0474537423829026E-008   2.5964454031783557E-009   1.1065457867067298E-008
   6.5323890000000011        1.1079133461891098E-008   2.9888855221949493E-009   1.1702099267216848E-008
   6.5980410000000012        1.2164067824501489E-008   3.9802429276345198E-009   1.2884010000799094E-008
   6.6643530000000002        1.3329183380008426E-008   3.4661802917031090E-009   1.4186103325969288E-008
   6.7313310000000008        1.4947127684263932E-008   2.6958162937380785E-009   1.5949131921947302E-008
   6.7989830000000007        1.6961263362787619E-008   3.0055742227738035E-009   1.7704368874955023E-008
   6.8673140000000004        1.8584513221040991E-008   3.2759371806943706E-009   1.9105616477589577E-008
   6.9363330000000003        2.0753557402876203E-008   2.9712491372481934E-009   2.1248785633096567E-008
   7.0060440000000010        2.2799987346832683E-008   3.5894720748552490E-009   2.2772206680480779E-008
   7.0764570000000004        2.3962397268599823E-008   3.3160225901966296E-009   2.4341271320041585E-008
   7.1475770000000001        2.6993683824906883E-008   3.6614418272029990E-009   2.6536663756596136E-008
   7.2194120000000011        3.0293952533084848E-008   3.9157662031904712E-009   2.8958175552571611E-008
   7.2919690000000008        3.3576368388711268E-008   4.4874724956228704E-009   3.0682435174008327E-008
   7.3652550000000012        3.6242125953344752E-008   4.7623465378432387E-009   3.2756327290861083E-008
   7.4392779999999998        3.9118546677418526E-008   5.3410626889307284E-009   3.4474163014251684E-008
   7.5140440000000002        4.1549604774105896E-008   5.4476855053707150E-009   3.6942446138580755E-008
   7.5895620000000008        4.4324489154414676E-008   5.8801408198545885E-009   3.9502159078179374E-008
   7.6658390000000001        4.6742190132658638E-008   6.5223910582825266E-009   4.0849520522579092E-008
   7.7428830000000000        4.9013993749722175E-008   6.3083861118168739E-009   4.3774526494054672E-008
   7.8207009999999997        5.2171950598192464E-008   6.5204429353699977E-009   4.6836751584967089E-008
   7.8993010000000004        5.4617984338085850E-008   6.4707085765952731E-009   4.9081861914273660E-008
   7.9786910000000013        5.7149833502943940E-008   6.4256177691508712E-009   5.2340973470655730E-008
   8.0588790000000010        5.9807602398910194E-008   6.2768294084468731E-009   5.5954953417170809E-008
   8.1398720000000022        6.2085439520736593E-008   6.2069246816988363E-009   5.8889961578480745E-008
   8.2216799999999992        6.3738741490443153E-008   5.6919104532635677E-009   6.1780951185169009E-008
   8.3043099999999992        6.8657133110343852E-008   6.5549411669813216E-009   6.6407956800476186E-008
   8.3877710000000008        6.7392779148423260E-008   5.2920120657920575E-009   6.7688088541253834E-008
   8.4720700000000004        7.1018247938662699E-008   5.4441086984284203E-009   7.1206807305687638E-008
   8.5572160000000004        7.6722074171421794E-008   6.3545681402555578E-009   7.6873787011294747E-008
   8.6432179999999992        7.2461918604262661E-008   4.7187878052763454E-009   7.5303607397657273E-008
   8.7300850000000008        7.8018831300763719E-008   5.1414610430883585E-009   8.0488933286142297E-008
   8.8178239999999999        7.9531104054147566E-008   5.0820126900339397E-009   8.2991676451949274E-008
   8.9064460000000008        8.0718084563894366E-008   4.8556143025713224E-009   8.4359739245973049E-008
   8.9959579999999999        8.4462407347087049E-008   5.1336354921347055E-009   8.8297750526283071E-008
   9.0863689999999995        8.5764291932676352E-008   5.4115149701710796E-009   8.9238577762289852E-008
   9.1776900000000001        8.7282279329368146E-008   6.7779842373403137E-009   9.0245499457248193E-008
   9.2699280000000002        9.4100523699693902E-008   5.9200084895434135E-009   9.7202245817941218E-008
   9.3630929999999992        9.7720119912116020E-008   7.3311286760584732E-009   9.9972853033616912E-008
   9.4571939999999994        1.0624928360479023E-007   5.7111115217416307E-009   1.0837738078761887E-007
   9.5522419999999997        1.0867173070375892E-007   7.9990176717295905E-009   1.0976861807782108E-007
   9.6482440000000000        1.1281416307810864E-007   7.3672837349016404E-009   1.1330980427235146E-007
   9.7452110000000012        1.2655181742337659E-007   6.5699748866680982E-009   1.2713152491176225E-007
   9.8431530000000009        1.3226195655050630E-007   6.6923478806341895E-009   1.3064853603407045E-007
   9.9420790000000014        1.4335491899301873E-007   7.6100985031613966E-009   1.4189742717617436E-007
   10.042000000000000        1.4468048905949006E-007   7.6350777479540293E-009   1.4210211792644029E-007
   10.142920000000000        1.7453591357278843E-007   1.3329063677331147E-008   1.6956447609560180E-007
   10.244860000000001        1.7332019748182881E-007   8.9227722268173742E-009   1.6974609967180471E-007
   10.347830000000000        1.0863904098558195E-007   3.0422827088703026E-008   1.0011664993328153E-007
   10.451820000000000        1.4006356259312826E-007   1.5135739191054750E-008   1.4690504260806372E-007
   10.556870000000000        1.6192781309099069E-007   1.0569764838411248E-008   1.6657433569186405E-007
   10.662970000000000        1.5632903149378739E-007   1.5617000765163153E-008   1.5872480946398279E-007
   10.770130000000002        1.2945507211434377E-007   3.9896886812789761E-008   1.1444511154133415E-007
   10.878380000000000        1.8546633254463294E-007   1.1258132204534796E-008   1.9191508915146213E-007
   10.987710000000002        1.9460137174944795E-007   1.0778454728088365E-008   1.9871423443386141E-007
   11.098140000000003        2.3885930493247377E-007   1.2916595367008819E-008   2.3866420469004126E-007
   11.209670000000001        2.1729060515931121E-007   1.3472922563350993E-008   2.1505736672200066E-007
   11.322330000000001        2.6267840202923195E-007   1.2301448347438018E-008   2.6067590188623552E-007
   11.436130000000002        2.5117629115504106E-007   8.5855551163098001E-009   2.4794710767232524E-007
   11.551060000000000        2.5255321651486727E-007   7.4494266833950769E-009   2.5163779847500951E-007
   11.667149999999999        2.6945906374809793E-007   6.6800508911070282E-009   2.6679029641866158E-007
   11.784409999999999        2.5646460990601381E-007   1.5908077875211769E-008   2.5529585697065997E-007
   11.902850000000001        3.1238582852758216E-007   1.2019212707334198E-008   3.1026746932563908E-007
   12.022470000000000        2.7379829377217724E-007   1.9971604222077472E-008   2.7362648432060991E-007
   12.143300000000000        3.2304779947388347E-007   9.6283822497454787E-009   3.2372321596136996E-007
   12.265350000000000        2.9075184957358225E-007   2.2111627965035496E-008   2.8979673877431812E-007
   12.388620000000001        3.0766734247846074E-007   1.7314372863710118E-008   3.0910653782875687E-007
   12.513130000000000        3.3649574970936687E-007   1.0101784162348572E-008   3.3768230784098502E-007
   12.638890000000000        3.5215310987832858E-007   7.5339233572823867E-009   3.5431246014719752E-007
   12.765910000000002        3.6704926286631551E-007   6.7653460339705012E-009   3.6879808356688622E-007
   12.894209999999999        3.7305119920711007E-007   8.6321205259929062E-009   3.7701806165626925E-007
   13.023800000000001        3.8415748955961118E-007   1.0242785327300473E-008   3.8766273185614239E-007
   13.154690000000000        4.0936064169264621E-007   7.3079218093344643E-009   4.1090672175677177E-007
   13.286899999999999        4.2892329233687060E-007   4.4807055243794795E-009   4.3036074875670939E-007
   13.420439999999999        4.2261088271580814E-007   1.2123938243001550E-008   4.2635122712328814E-007
   13.555320000000000        4.5933800385200010E-007   6.8584068327993391E-009   4.5911049183214573E-007
   13.691549999999999        4.7141168812501692E-007   6.3528350276705177E-009   4.6868407428342230E-007
   13.829150000000002        4.9435119316333957E-007   9.8405050227220720E-009   4.8927774770813434E-007
   13.968140000000002        5.2674885902183266E-007   1.5631472471670000E-008   5.1409076534840163E-007
   14.108520000000002        5.1017211051183951E-007   7.8932938310215305E-009   5.0873993630470287E-007
   14.250320000000002        5.5006980874992993E-007   1.3111996437342654E-008   5.3925753626922347E-007
   14.393540000000002        5.6810456659045730E-007   1.4261815483496790E-008   5.5307238254947623E-007
   14.538200000000000        5.7982502611874595E-007   1.5016613472107399E-008   5.6424237509069999E-007
   14.684310000000000        6.0019398205609663E-007   1.7955815988322661E-008   5.8277108079914707E-007
   14.831890000000000        6.2850586447266925E-007   2.2040905996359699E-008   6.0516757931427428E-007
   14.980950000000000        6.4724115934759197E-007   3.5091890078179009E-008   6.0622177619845074E-007
   15.131520000000000        6.6514288007534337E-007   2.3609257118226499E-008   6.3595825195708296E-007
   15.283590000000002        6.8166264775093907E-007   2.5091673332062603E-008   6.5639149560462179E-007
   15.437190000000001        6.8106606453405646E-007   1.9020212866913779E-008   6.6436819212255653E-007
   15.592340000000000        6.9860021860235564E-007   1.7623942302801994E-008   6.8254901728753938E-007
   15.749050000000002        6.9701368394107185E-007   2.0814344022850025E-008   6.8520779056864827E-007
   15.907330000000000        6.7045064978118820E-007   2.9367859900687373E-008   6.7360528106560619E-007
   15.993430000000000        7.1115842164375638E-007   2.3070643406615619E-008   7.0436349473763251E-007
