#  lambda [mu]          flux [Jy]
      6.030151     2.4681589E-008     0.0000000E+000
      6.090755     2.3185647E-008     0.0000000E+000
      6.151969     2.1609750E-008     0.0000000E+000
      6.213798     2.6402905E-008     0.0000000E+000
      6.276248     3.1811862E-008     0.0000000E+000
      6.339326     3.5979194E-008     0.0000000E+000
      6.403038     3.5745527E-008     0.0000000E+000
      6.467390     3.7052333E-008     0.0000000E+000
      6.532389     3.7525863E-008     0.0000000E+000
      6.598041     3.9023022E-008     0.0000000E+000
      6.664353     4.3818578E-008     0.0000000E+000
      6.731331     5.1497850E-008     0.0000000E+000
      6.798983     5.7401854E-008     0.0000000E+000
      6.867314     6.0534345E-008     0.0000000E+000
      6.936333     7.0323486E-008     0.0000000E+000
      7.006044     7.2530250E-008     0.0000000E+000
      7.076457     7.7143660E-008     0.0000000E+000
      7.147577     8.5469658E-008     0.0000000E+000
      7.219412     9.4849171E-008     0.0000000E+000
      7.291969     1.0169147E-007     0.0000000E+000
      7.365255     1.1016242E-007     0.0000000E+000
      7.439278     1.1751020E-007     0.0000000E+000
      7.514044     1.2043884E-007     0.0000000E+000
      7.589562     1.2496087E-007     0.0000000E+000
      7.665839     1.3113909E-007     0.0000000E+000
      7.742883     1.3484529E-007     0.0000000E+000
      7.820701     1.4078735E-007     0.0000000E+000
      7.899301     1.4476771E-007     0.0000000E+000
      7.978691     1.4981364E-007     0.0000000E+000
      8.058879     1.5721006E-007     0.0000000E+000
      8.139872     1.6035552E-007     0.0000000E+000
      8.221680     1.6217661E-007     0.0000000E+000
      8.304310     1.7311707E-007     0.0000000E+000
      8.387771     1.6691680E-007     0.0000000E+000
      8.472070     1.7363328E-007     0.0000000E+000
      8.557216     1.8417685E-007     0.0000000E+000
      8.643218     1.6815846E-007     0.0000000E+000
      8.730085     1.7838505E-007     0.0000000E+000
      8.817824     1.7563689E-007     0.0000000E+000
      8.906446     1.7386897E-007     0.0000000E+000
      8.995958     1.7665165E-007     0.0000000E+000
      9.086369     1.7399118E-007     0.0000000E+000
      9.177690     1.7031471E-007     0.0000000E+000
      9.269928     1.8300339E-007     0.0000000E+000
      9.363093     1.8259275E-007     0.0000000E+000
      9.457194     1.9851699E-007     0.0000000E+000
      9.552242     1.9558563E-007     0.0000000E+000
      9.648244     1.9908003E-007     0.0000000E+000
      9.745211     2.2370867E-007     0.0000000E+000
      9.843153     2.2879048E-007     0.0000000E+000
      9.942079     2.4617359E-007     0.0000000E+000
     10.042000     2.4040931E-007     0.0000000E+000
     10.142920     2.9367888E-007     0.0000000E+000
     10.244860     2.8349432E-007     0.0000000E+000
     10.347830     1.4501826E-007     0.0000000E+000
     10.451820     2.0568935E-007     0.0000000E+000
     10.556870     2.3871675E-007     0.0000000E+000
     10.662970     2.1780990E-007     0.0000000E+000
     10.770130     1.5330492E-007     0.0000000E+000
     10.878380     2.5651463E-007     0.0000000E+000
     10.987710     2.6481926E-007     0.0000000E+000
     11.098140     3.3618040E-007     0.0000000E+000
     11.209670     2.8200452E-007     0.0000000E+000
     11.322330     3.5467735E-007     0.0000000E+000
     11.436130     3.2156168E-007     0.0000000E+000
     11.551060     3.1496662E-007     0.0000000E+000
     11.667150     3.3177259E-007     0.0000000E+000
     11.784410     2.9773535E-007     0.0000000E+000
     11.902850     3.7846743E-007     0.0000000E+000
     12.022470     3.0274026E-007     0.0000000E+000
     12.143300     3.7171609E-007     0.0000000E+000
     12.265350     3.0729818E-007     0.0000000E+000
     12.388620     3.2400548E-007     0.0000000E+000
     12.513130     3.5467990E-007     0.0000000E+000
     12.638890     3.6647881E-007     0.0000000E+000
     12.765910     3.7471036E-007     0.0000000E+000
     12.894210     3.7224221E-007     0.0000000E+000
     13.023800     3.7410784E-007     0.0000000E+000
     13.154690     3.9452390E-007     0.0000000E+000
     13.286900     4.0711422E-007     0.0000000E+000
     13.420440     3.8516587E-007     0.0000000E+000
     13.555320     4.2022959E-007     0.0000000E+000
     13.691550     4.1809820E-007     0.0000000E+000
     13.829150     4.3490353E-007     0.0000000E+000
     13.968140     4.5383341E-007     0.0000000E+000
     14.108520     4.2454639E-007     0.0000000E+000
     14.250320     4.5433076E-007     0.0000000E+000
     14.393540     4.5420582E-007     0.0000000E+000
     14.538200     4.5392373E-007     0.0000000E+000
     14.684310     4.6464250E-007     0.0000000E+000
     14.831890     4.7664113E-007     0.0000000E+000
     14.980950     4.6510379E-007     0.0000000E+000
     15.131520     4.7775180E-007     0.0000000E+000
     15.283590     4.9044159E-007     0.0000000E+000
     15.437190     4.7661223E-007     0.0000000E+000
     15.592340     4.7490006E-007     0.0000000E+000
     15.749050     4.5597547E-007     0.0000000E+000
     15.907330     4.3142958E-007     0.0000000E+000
     15.993430     4.5133030E-007     0.0000000E+000
