   6.0301510000000009        1.9350151279812639E-009   1.3039456048893059E-008   2.3724383838283736E-008   2.8639006273449715E-008   3.4059392906411373E-008   4.1330500914667364E-008   7.3013114908510886E-008
   6.0907549999999997        2.7992466902886209E-009   1.3821406992990014E-008   2.2143187351556477E-008   2.7203064182987260E-008   3.3099096128494516E-008   4.2762834734027546E-008   7.2504859415165660E-008
   6.1519690000000002        2.6794265660807016E-009   1.3079958557949222E-008   1.9622225086200102E-008   2.4655415155391117E-008   3.2149431029773195E-008   4.6793889483976603E-008   7.0148854786451022E-008
   6.2137979999999997        1.1693661186849919E-008   2.1186295503192211E-008   2.5404430919978907E-008   3.0257622971705666E-008   3.6854524798530254E-008   4.7526980325815266E-008   6.5157429036624964E-008
   6.2762479999999998        1.9588581891084298E-008   2.6348260667178989E-008   3.0573855126988698E-008   3.5309880733265614E-008   4.1568185196596580E-008   5.0653252567594804E-008   6.5420528146313277E-008
   6.3393259999999998        1.2464687786278742E-008   2.5573507181470601E-008   3.3955657858500036E-008   3.9125939699043089E-008   4.5634310698382400E-008   5.2965391032865666E-008   7.1266693819791068E-008
   6.4030379999999996        3.1192666283269935E-009   1.8897265986502006E-008   3.4687466843112675E-008   4.1002790215009691E-008   4.8002727002316124E-008   5.6037473130883659E-008   8.5215522636628229E-008
   6.4673900000000000        3.4593708088424607E-009   1.9395107277323626E-008   3.6321637901740680E-008   4.3139921924750158E-008   5.0513557316561404E-008   5.9368680998378218E-008   1.2109581986730427E-007
   6.5323890000000011        2.2872398694853982E-009   1.7685878486201876E-008   3.7336296287512979E-008   4.5056033734212616E-008   5.2443418908007662E-008   6.2115734064439672E-008   1.3715974843144719E-007
   6.5980410000000012        2.4817057727251164E-009   1.8660247493224885E-008   3.9810345700168669E-008   4.8314155676380351E-008   5.6223635433628526E-008   6.8289876625423663E-008   1.9906624563451588E-007
   6.6643530000000002        4.9012847634828241E-009   2.5721247448488688E-008   4.4030610037660475E-008   5.2040745657936876E-008   6.0128583077758384E-008   7.1084390148866598E-008   1.6500399105910022E-007
   6.7313310000000008        1.5405909131710884E-008   3.5399094379843073E-008   5.0211461993684404E-008   5.7380071901180006E-008   6.5388649095122741E-008   7.6002633588946681E-008   1.1263669784446671E-007
   6.7989830000000007        1.4816791494294802E-008   3.7786684874833976E-008   5.4771734712329698E-008   6.2669075378820594E-008   7.0904296323809300E-008   8.1746460293960479E-008   1.2201523783257040E-007
   6.8673140000000004        1.4893444624652311E-008   3.7725760299103480E-008   5.8189785048839537E-008   6.6527305902610847E-008   7.5103082986960091E-008   8.6545454783563396E-008   1.3356491108806145E-007
   6.9363330000000003        2.9582787024741792E-008   5.1150002189943458E-008   6.3691186510356248E-008   7.2227269619948773E-008   8.1389223433460353E-008   9.3051370412668982E-008   1.1123836605820657E-007
   7.0060440000000010        2.0065391611338675E-008   4.7043645064595206E-008   6.7002163649733592E-008   7.6422937567723587E-008   8.6279779764821155E-008   9.8334271898266069E-008   1.2031917241418391E-007
   7.0764570000000004        3.5517120381835668E-008   5.6109197999986421E-008   7.0478667987111605E-008   7.9516690443133979E-008   8.9494008768199151E-008   1.0179390120895840E-007   1.2266673462051552E-007
   7.1475770000000001        3.4947253686224490E-008   5.8874668189072791E-008   7.5349345866450717E-008   8.5702883343050761E-008   9.5820865676840346E-008   1.0763466652454089E-007   1.2557502683937169E-007
   7.2194120000000011        4.5491419602417784E-008   6.5528381600957947E-008   7.9994231143818623E-008   9.1819280557385233E-008   1.0257890919134142E-007   1.1558293597563963E-007   1.3416156632633495E-007
   7.2919690000000008        4.5858562247576170E-008   6.4455286819721001E-008   8.2023564997908547E-008   9.4963690369682927E-008   1.0853045894708582E-007   1.2177859893847017E-007   1.4753611841011221E-007
   7.3652550000000012        5.1580048561084813E-008   7.1357034929382403E-008   8.5152474907986225E-008   9.9119750402220659E-008   1.1336389143587677E-007   1.2865609868373526E-007   1.6014780456511988E-007
   7.4392779999999998        5.2591322512604819E-008   7.2038942626527072E-008   8.7448027685636982E-008   1.0223627772935081E-007   1.1836161836872669E-007   1.3494540375406679E-007   1.5466728500202128E-007
   7.5140440000000002        5.6601544290074771E-008   7.8823203461729186E-008   9.2052836892690787E-008   1.0744435497290785E-007   1.2398999877998212E-007   1.4018414385621547E-007   1.6806790235410229E-007
   7.5895620000000008        5.9044549422619911E-008   8.2091587687342569E-008   9.6576692269025380E-008   1.1256531660261099E-007   1.3012953873600766E-007   1.4784118373374471E-007   1.6199226864890406E-007
   7.6658390000000001        5.7940715995596234E-008   7.4986648334860144E-008   9.7980016764367428E-008   1.1517094192853395E-007   1.3302752325158698E-007   1.5083949488335564E-007   1.8147592017195727E-007
   7.7428830000000000        6.6564772868290054E-008   8.6027146105829706E-008   1.0410563916320144E-007   1.2072836652540675E-007   1.3764864755568655E-007   1.5505039467524233E-007   1.8670595087912269E-007
   7.8207009999999997        7.2705665355499574E-008   9.4131855894180471E-008   1.0916747407996453E-007   1.2634410414406852E-007   1.4414615587225505E-007   1.6335791486862223E-007   1.9597410875771750E-007
   7.8993010000000004        7.5943587300995175E-008   9.7089657005680578E-008   1.1366942699113250E-007   1.2965544450690126E-007   1.4740256861657019E-007   1.6526618632517047E-007   1.8187155957534908E-007
   7.9786910000000013        8.5133799631429180E-008   1.0545320920735680E-007   1.1975612488969710E-007   1.3575295834106138E-007   1.5253899217613307E-007   1.7075309403270743E-007   1.9747702513563099E-007
   8.0588790000000010        9.5177751150241679E-008   1.1220382146287575E-007   1.2624421016693449E-007   1.4334763988047466E-007   1.5896147377584283E-007   1.7456268133010333E-007   1.9500808630136918E-007
   8.1398720000000022        1.0075307241669566E-007   1.1634523107338686E-007   1.3181806673817939E-007   1.4812115589295956E-007   1.6304229288826671E-007   1.7775475917471274E-007   1.9860926726804256E-007
   8.2216799999999992        1.0690337552963404E-007   1.2350478983447827E-007   1.3786951882831590E-007   1.5288964506423797E-007   1.6544527538831522E-007   1.7842430979696244E-007   1.9364495428713340E-007
   8.3043099999999992        1.0693269970343159E-007   1.2769875404136225E-007   1.4407133554648908E-007   1.6139398346630150E-007   1.7543154074746815E-007   1.9022392433216647E-007   2.0427425460318186E-007
   8.3877710000000008        1.1784720654904229E-007   1.3347686251467591E-007   1.4782180167720049E-007   1.6071388949400535E-007   1.7209630551642495E-007   1.8423568537103458E-007   1.9696615903448016E-007
   8.4720700000000004        1.2171233796919514E-007   1.3851446018076347E-007   1.5269404121479609E-007   1.6566490393789683E-007   1.7689991039856952E-007   1.9004566639764937E-007   2.0317729179161737E-007
   8.5572160000000004        1.2565827443089549E-007   1.4394169005127368E-007   1.6044165076554187E-007   1.7561581609157837E-007   1.8810421647361338E-007   2.0188018125095363E-007   2.2557926389364415E-007
   8.6432179999999992        1.3282946786689347E-007   1.4633224437972479E-007   1.5760752474083033E-007   1.6804428245562602E-007   1.7851649679749397E-007   1.8877312319422920E-007   1.9777366324162137E-007
   8.7300850000000008        1.3909397042245031E-007   1.5302345531975503E-007   1.6484369693799677E-007   1.7629364569399036E-007   1.8731085375365100E-007   1.9829532838363511E-007   2.0937173595882162E-007
   8.8178239999999999        1.4389269816193332E-007   1.5704951199294503E-007   1.6722197550837825E-007   1.7818633717770842E-007   1.8931435321673647E-007   2.0073590791159103E-007   2.0880523309258670E-007
   8.9064460000000008        1.4877341053568448E-007   1.5847272058620157E-007   1.6752862169690127E-007   1.7766322921840192E-007   1.8814844971385159E-007   1.9828285409639111E-007   2.0681484766824829E-007
   8.9959579999999999        1.5126667669921100E-007   1.6228987670593929E-007   1.7193402975848453E-007   1.8231748509312030E-007   1.9325524361571410E-007   2.0373850921162828E-007   2.1131266638565724E-007
   9.0863689999999995        1.4996668814691386E-007   1.5977427316108160E-007   1.6987867329812467E-007   1.8039252861969468E-007   1.9237185094124150E-007   2.0301016027364306E-007   2.1075531221596387E-007
   9.1776900000000001        1.3758835799051718E-007   1.5312563428502919E-007   1.6576693852409080E-007   1.7919615501863697E-007   1.9312574720499353E-007   2.0544864622723863E-007   2.1823021368032476E-007
   9.2699280000000002        1.5399521983832791E-007   1.6652590732770783E-007   1.7779197354027278E-007   1.8916218032547207E-007   2.0122840135510089E-007   2.1278804201604757E-007   2.2121834292743346E-007
   9.3630929999999992        1.4249225715167889E-007   1.6172448150971078E-007   1.7664285295311802E-007   1.9106115677426813E-007   2.0495672830089407E-007   2.1676539909670336E-007   2.2684023536191022E-007
   9.4571939999999994        1.6673463932826498E-007   1.8052373114083626E-007   1.9209652396785774E-007   2.0255903601261010E-007   2.1402027943286024E-007   2.2397412580281960E-007   2.3181576852660660E-007
   9.5522419999999997        1.4242463035591047E-007   1.6903681574159603E-007   1.8726868219714763E-007   2.0184868065732994E-007   2.1580450909618706E-007   2.2847787452039175E-007   2.3898839467615670E-007
   9.6482440000000000        1.5919106815705851E-007   1.7686595494037180E-007   1.9022836419034252E-007   2.0391637767527494E-007   2.1669319397335601E-007   2.2916937167544798E-007   2.4075035273560575E-007
   9.7452110000000012        1.7665246989666277E-007   1.9797760250538979E-007   2.1345268868654647E-007   2.2458916504091510E-007   2.3559902090353908E-007   2.4473398612961627E-007   2.5314124895646058E-007
   9.8431530000000009        1.8030616969134409E-007   1.9946876384199857E-007   2.1475756692232622E-007   2.2631375947508664E-007   2.3733861190987040E-007   2.4588692279928040E-007   2.5318570187420209E-007
   9.9420790000000014        1.8652099054568665E-007   2.1010178133878886E-007   2.2837747332488394E-007   2.4143760559509021E-007   2.5222815061941385E-007   2.6229980775878074E-007   2.6933679196347288E-007
   10.042000000000000        1.7631551682845616E-007   2.0663792027707356E-007   2.2410129421738315E-007   2.3697281564539035E-007   2.4817220873618492E-007   2.5787751872407518E-007   2.6318599103612398E-007
   10.142920000000000        1.7419549146620160E-007   2.2345151648826388E-007   2.5831716615653660E-007   2.7836067960024120E-007   2.9445674440254849E-007   3.1266043178237042E-007   3.3200524358593406E-007
   10.244860000000001        2.2148069505247753E-007   2.3915906489523349E-007   2.5732280308573046E-007   2.7196618006697937E-007   2.8428077136794306E-007   2.9699715798285758E-007   3.0893583114342484E-007
   10.347830000000000        6.0061012154831166E-008   8.0420959340216262E-008   1.1013144108413251E-007   1.4961881548525880E-007   2.0191307798339229E-007   2.6950455476271789E-007   2.9376879836583596E-007
   10.451820000000000        1.5842741686893340E-007   1.8679290539540670E-007   2.0244938270820713E-007   2.2201468085098914E-007   2.4946673059948012E-007   2.7567277596810279E-007   2.9199171276329217E-007
   10.556870000000000        1.9711272097850047E-007   2.1832425044442585E-007   2.3435421633112209E-007   2.4972389915962050E-007   2.6640796049203622E-007   2.8156068588848466E-007   2.9501351260303947E-007
   10.662970000000000        1.6596652167812349E-007   1.9232250346133990E-007   2.1155581139672977E-007   2.3226464117405007E-007   2.5677280395209547E-007   2.8262215937980949E-007   3.0215635615947938E-007
   10.770130000000002        4.6887802786500868E-008   6.7673315639545839E-008   1.0639590550354639E-007   1.5882402125829009E-007   2.2029367123057407E-007   2.9332482003769302E-007   3.2141392272823372E-007
   10.878380000000000        2.1956608543867708E-007   2.4184144507040305E-007   2.5538863566942743E-007   2.7111744121503609E-007   2.8808704708206724E-007   3.0297128676780712E-007   3.1738751862306373E-007
   10.987710000000002        2.2276915797168323E-007   2.4659916558525385E-007   2.6044960141123673E-007   2.7536572097585675E-007   2.9114075630481168E-007   3.0467083952073120E-007   3.1886508966134582E-007
   11.098140000000003        2.1559827279907434E-007   2.7486646986544631E-007   3.1244537313432965E-007   3.2681596093320909E-007   3.3809059427001474E-007   3.5268397380532416E-007   3.7173218972863141E-007
   11.209670000000001        2.0635158350003906E-007   2.4085059259462287E-007   2.7033294509439118E-007   2.8880832152299811E-007   3.0339713644997219E-007   3.1692437184032872E-007   3.3207113303424466E-007
   11.322330000000001        2.7579743432748626E-007   3.0132247647045770E-007   3.2598207605631856E-007   3.4254499289964428E-007   3.5390762666459686E-007   3.6896402928052804E-007   3.9307589888849740E-007
   11.436130000000002        2.6354757478002538E-007   2.9087595529924066E-007   3.0785853061853969E-007   3.1917560830161041E-007   3.2799204520931938E-007   3.3478762448786255E-007   3.3979368556223059E-007
   11.551060000000000        2.7966632167061479E-007   2.9645424717037055E-007   3.0699427199646831E-007   3.1635107309580056E-007   3.2515729616478620E-007   3.3359740188768525E-007   3.4246287375783996E-007
   11.667149999999999        2.9855016565314266E-007   3.0988530006662033E-007   3.2052228496974583E-007   3.2894945641777515E-007   3.3676900255118683E-007   3.4355821337451405E-007   3.4891949405462880E-007
   11.784409999999999        2.4159023109847454E-007   2.6815949923228563E-007   2.8916190167878133E-007   3.0805361136434797E-007   3.2788541086330702E-007   3.4511262972187049E-007   3.6328126312320897E-007
   11.902850000000001        3.0354950600045512E-007   3.2954192516844618E-007   3.5480291630377001E-007   3.6883866286698071E-007   3.7898151905534802E-007   3.9068301512759067E-007   4.1191066788685617E-007
   12.022470000000000        2.3003529458656726E-007   2.6536006042798298E-007   2.9508433136717788E-007   3.1815581988874700E-007   3.4042875293374441E-007   3.5912566828503397E-007   3.7790996540224436E-007
   12.143300000000000        2.8673769888928115E-007   3.3411088982400325E-007   3.6147258013282420E-007   3.6900643664219088E-007   3.7591327261833494E-007   3.8354130339478699E-007   3.8845911298324700E-007
   12.265350000000000        2.3612241865876429E-007   2.6861808453277861E-007   2.9916108535015750E-007   3.2333631883519145E-007   3.4793998888069466E-007   3.6923517058818396E-007   3.8744942684743590E-007
   12.388620000000001        2.7432724025151636E-007   2.9750743213975527E-007   3.1915953870803338E-007   3.3744400522475337E-007   3.5736815272028420E-007   3.7400465454739757E-007   3.8883122921383255E-007
   12.513130000000000        3.2325959294352488E-007   3.3893951165771363E-007   3.5099797438171795E-007   3.6192533851085885E-007   3.7201307493409728E-007   3.8189038126666089E-007   3.9361019323395061E-007
   12.638890000000000        3.4118819638674695E-007   3.5442187109843034E-007   3.6419275533708605E-007   3.7184841927583725E-007   3.7955403286226778E-007   3.8672410082711259E-007   3.9413328107871677E-007
   12.765910000000002        3.5599989978539199E-007   3.6478181422361620E-007   3.7256944047373673E-007   3.7924498075032022E-007   3.8636992905436283E-007   3.9304049683444649E-007   3.9819303624307156E-007
   12.894209999999999        3.4952220250051570E-007   3.6241022690113681E-007   3.7149475008334600E-007   3.8015484336013381E-007   3.8883099900547336E-007   3.9689064433512383E-007   4.0437878955336247E-007
   13.023800000000001        3.4536203536278600E-007   3.6213565461164614E-007   3.7321899211086502E-007   3.8334275254005256E-007   3.9363825553773563E-007   4.0217857370762120E-007   4.1137005963961254E-007
   13.154690000000000        3.5348994387033480E-007   3.8246088692739905E-007   3.9205528181765150E-007   3.9840156232684950E-007   4.0446048232760869E-007   4.1060525859161688E-007   4.1517267981115857E-007
   13.286899999999999        3.9520540558623877E-007   4.0064938151541135E-007   4.0435728594205480E-007   4.0856732615869798E-007   4.1306962647007708E-007   4.1743083443484936E-007   4.2116101411971902E-007
   13.420439999999999        3.5953220176285797E-007   3.7520926234932174E-007   3.8597073299903922E-007   3.9656652248633762E-007   4.0789817338182634E-007   4.1976252654526968E-007   4.3243301813711701E-007
   13.555320000000000        3.8803725553304389E-007   4.0620550031280071E-007   4.1350555838907625E-007   4.1872953255367784E-007   4.2441407141306549E-007   4.3215561348470496E-007   4.4108136125841704E-007
   13.691549999999999        4.0118937691768250E-007   4.0756866401561321E-007   4.1372515500148780E-007   4.1910463981745951E-007   4.2485128073875787E-007   4.3026984261527204E-007   4.3901618617634051E-007
   13.829150000000002        3.8589841830390601E-007   4.0944760370752418E-007   4.2166089851965827E-007   4.2931763492631711E-007   4.3674463166009277E-007   4.4464657843025407E-007   4.6036021969063379E-007
   13.968140000000002        3.9416653777368066E-007   4.1576269131589885E-007   4.2846195146271202E-007   4.4184837378484519E-007   4.5577376353812723E-007   4.6822749422855391E-007   4.8651531515539803E-007
   14.108520000000002        4.0809383924882535E-007   4.1596051817333926E-007   4.2238328200332396E-007   4.2817973232635967E-007   4.3462139681663859E-007   4.4321365347078798E-007   4.5269224155720251E-007
   14.250320000000002        4.1573568433699720E-007   4.2407509897203614E-007   4.3429861012961690E-007   4.4548889962064955E-007   4.5616893606204018E-007   4.6650887999702196E-007   4.8132970056149465E-007
   14.393540000000002        4.1288048905588316E-007   4.2557767699536998E-007   4.3592671576685239E-007   4.4758812227268687E-007   4.5975345978128410E-007   4.7016071174265621E-007   4.8322605246377356E-007
   14.538200000000000        4.0751519150969748E-007   4.2437309355999352E-007   4.3558279629177830E-007   4.4802179904552746E-007   4.5981212516646015E-007   4.7059652662823760E-007   4.8216595726914152E-007
   14.684310000000000        4.1112754228524071E-007   4.2689596616505307E-007   4.3927267796699866E-007   4.5307710444759308E-007   4.6738101451917722E-007   4.8036803686078821E-007   5.0150951843780390E-007
   14.831890000000000        4.0770213735465979E-007   4.3132609715190463E-007   4.4456124470682710E-007   4.6043735884156420E-007   4.7832823647554788E-007   4.9514846135991580E-007   5.1947214837154787E-007
   14.980950000000000        3.3057372281153716E-007   3.8768788666372894E-007   4.2957142314970744E-007   4.5524298413371560E-007   4.7723592184622258E-007   4.9610143851619991E-007   5.1773876168535154E-007
   15.131520000000000        4.1259612818115055E-007   4.3283339401533439E-007   4.4845258387886357E-007   4.6506987744553901E-007   4.8364269391652881E-007   5.0077581353023264E-007   5.1773859849643963E-007
   15.283590000000002        4.2035289247096904E-007   4.3878380679070251E-007   4.5312928243594268E-007   4.7106823986384900E-007   4.8940716286897286E-007   5.0676298535719299E-007   5.3759786249593591E-007
   15.437190000000001        4.2264397730278813E-007   4.4143399269897485E-007   4.5407511689571618E-007   4.6771031835995754E-007   4.8070323419078092E-007   4.9353568962474640E-007   5.1028709290216789E-007
   15.592340000000000        4.3583846093576758E-007   4.4664680632848880E-007   4.5883093977484446E-007   4.7079738081977032E-007   4.8278694996710362E-007   4.9476871554546839E-007   5.0991423314500817E-007
   15.749050000000002        3.9675608387852351E-007   4.3184594104207142E-007   4.5150852572783640E-007   4.6349573535628998E-007   4.7513183726316481E-007   4.9169351310124687E-007   5.1965926665413974E-007
   15.907330000000000        3.8082283962030882E-007   4.0956329423062866E-007   4.2813428365554663E-007   4.4511441713163779E-007   4.6533550343191015E-007   4.9027566787846605E-007   5.0935986265376939E-007
   15.993430000000000        3.8706172693193105E-007   4.3205024940979174E-007   4.4827718939844314E-007   4.6145556348904729E-007   4.7538380820606322E-007   4.9513534141855806E-007   5.1389271704936880E-007
