#  lambda [mu]     flux/flux_star
      6.030151     5.5772694E-009     0.0000000E+000
      6.090755     5.3373055E-009     0.0000000E+000
      6.151969     5.0676598E-009     0.0000000E+000
      6.213798     6.3076079E-009     0.0000000E+000
      6.276248     7.7420804E-009     0.0000000E+000
      6.339326     8.9202307E-009     0.0000000E+000
      6.403038     9.0282347E-009     0.0000000E+000
      6.467390     9.5335251E-009     0.0000000E+000
      6.532389     9.8376940E-009     0.0000000E+000
      6.598041     1.0426250E-008     0.0000000E+000
      6.664353     1.1931926E-008     0.0000000E+000
      6.731331     1.4291792E-008     0.0000000E+000
      6.798983     1.6235637E-008     0.0000000E+000
      6.867314     1.7449835E-008     0.0000000E+000
      6.936333     2.0660292E-008     0.0000000E+000
      7.006044     2.1717107E-008     0.0000000E+000
      7.076457     2.3541292E-008     0.0000000E+000
      7.147577     2.6582116E-008     0.0000000E+000
      7.219412     3.0064848E-008     0.0000000E+000
      7.291969     3.2851731E-008     0.0000000E+000
      7.365255     3.6270684E-008     0.0000000E+000
      7.439278     3.9439587E-008     0.0000000E+000
      7.514044     4.1207909E-008     0.0000000E+000
      7.589562     4.3585865E-008     0.0000000E+000
      7.665839     4.6629606E-008     0.0000000E+000
      7.742883     4.8879152E-008     0.0000000E+000
      7.820701     5.2024764E-008     0.0000000E+000
      7.899301     5.4535223E-008     0.0000000E+000
      7.978691     5.7532854E-008     0.0000000E+000
      8.058879     6.1546651E-008     0.0000000E+000
      8.139872     6.3998196E-008     0.0000000E+000
      8.221680     6.5985132E-008     0.0000000E+000
      8.304310     7.1808514E-008     0.0000000E+000
      8.387771     7.0585359E-008     0.0000000E+000
      8.472070     7.4855939E-008     0.0000000E+000
      8.557216     8.0948225E-008     0.0000000E+000
      8.643218     7.5347753E-008     0.0000000E+000
      8.730085     8.1487248E-008     0.0000000E+000
      8.817824     8.1795000E-008     0.0000000E+000
      8.906446     8.2549277E-008     0.0000000E+000
      8.995958     8.5504562E-008     0.0000000E+000
      9.086369     8.5857733E-008     0.0000000E+000
      9.177690     8.5717824E-008     0.0000000E+000
      9.269928     9.3959426E-008     0.0000000E+000
      9.363093     9.5637288E-008     0.0000000E+000
      9.457194     1.0607282E-007     0.0000000E+000
      9.552242     1.0661209E-007     0.0000000E+000
      9.648244     1.1070326E-007     0.0000000E+000
      9.745211     1.2690508E-007     0.0000000E+000
      9.843153     1.3240302E-007     0.0000000E+000
      9.942079     1.4533338E-007     0.0000000E+000
     10.042000     1.4479030E-007     0.0000000E+000
     10.142920     1.8043672E-007     0.0000000E+000
     10.244860     1.7768932E-007     0.0000000E+000
     10.347830     9.2726764E-008     0.0000000E+000
     10.451820     1.3417100E-007     0.0000000E+000
     10.556870     1.5885308E-007     0.0000000E+000
     10.662970     1.4786180E-007     0.0000000E+000
     10.770130     1.0616951E-007     0.0000000E+000
     10.878380     1.8122681E-007     0.0000000E+000
     10.987710     1.9086489E-007     0.0000000E+000
     11.098140     2.4718115E-007     0.0000000E+000
     11.209670     2.1152658E-007     0.0000000E+000
     11.322330     2.7139958E-007     0.0000000E+000
     11.436130     2.5101959E-007     0.0000000E+000
     11.551060     2.5082721E-007     0.0000000E+000
     11.667150     2.6953674E-007     0.0000000E+000
     11.784410     2.4676052E-007     0.0000000E+000
     11.902850     3.1999403E-007     0.0000000E+000
     12.022470     2.6112659E-007     0.0000000E+000
     12.143300     3.2708494E-007     0.0000000E+000
     12.265350     2.7585322E-007     0.0000000E+000
     12.388620     2.9671466E-007     0.0000000E+000
     12.513130     3.3135389E-007     0.0000000E+000
     12.638890     3.4927968E-007     0.0000000E+000
     12.765910     3.6432502E-007     0.0000000E+000
     12.894210     3.6922252E-007     0.0000000E+000
     13.023800     3.7855487E-007     0.0000000E+000
     13.154690     4.0726288E-007     0.0000000E+000
     13.286900     4.2873382E-007     0.0000000E+000
     13.420440     4.1379904E-007     0.0000000E+000
     13.555320     4.6057307E-007     0.0000000E+000
     13.691550     4.6747702E-007     0.0000000E+000
     13.829150     4.9607252E-007     0.0000000E+000
     13.968140     5.2810415E-007     0.0000000E+000
     14.108520     5.0398646E-007     0.0000000E+000
     14.250320     5.5022104E-007     0.0000000E+000
     14.393540     5.6116285E-007     0.0000000E+000
     14.538200     5.7212440E-007     0.0000000E+000
     14.684310     5.9744482E-007     0.0000000E+000
     14.831890     6.2523304E-007     0.0000000E+000
     14.980950     6.2240315E-007     0.0000000E+000
     15.131520     6.5222368E-007     0.0000000E+000
     15.283590     6.8305118E-007     0.0000000E+000
     15.437190     6.7717840E-007     0.0000000E+000
     15.592340     6.8835519E-007     0.0000000E+000
     15.749050     6.7425549E-007     0.0000000E+000
     15.907330     6.5082680E-007     0.0000000E+000
     15.993430     6.8822667E-007     0.0000000E+000
