   6.0301510000000009        2.4681589477328315E-008
   6.0907549999999997        2.3185647410276988E-008
   6.1519690000000002        2.1609749706255005E-008
   6.2137979999999997        2.6402904848859697E-008
   6.2762479999999998        3.1811861626743096E-008
   6.3393259999999998        3.5979193781124049E-008
   6.4030379999999996        3.5745527426113542E-008
   6.4673900000000000        3.7052332993580791E-008
   6.5323890000000011        3.7525862745154435E-008
   6.5980410000000012        3.9023021763170453E-008
   6.6643530000000002        4.3818578167761666E-008
   6.7313310000000008        5.1497850322401069E-008
   6.7989830000000007        5.7401854421130011E-008
   6.8673140000000004        6.0534345375704970E-008
   6.9363330000000003        7.0323486479883515E-008
   7.0060440000000010        7.2530250492282031E-008
   7.0764570000000004        7.7143659950442620E-008
   7.1475770000000001        8.5469657771261122E-008
   7.2194120000000011        9.4849171333350362E-008
   7.2919690000000008        1.0169147283251791E-007
   7.3652550000000012        1.1016242122710774E-007
   7.4392779999999998        1.1751020318535067E-007
   7.5140440000000002        1.2043883962633288E-007
   7.5895620000000008        1.2496086854402801E-007
   7.6658390000000001        1.3113908870651558E-007
   7.7428830000000000        1.3484528602684530E-007
   7.8207009999999997        1.4078734922142934E-007
   7.8993010000000004        1.4476771319243570E-007
   7.9786910000000013        1.4981363588614003E-007
   8.0588790000000010        1.5721005845685854E-007
   8.1398720000000022        1.6035552049550802E-007
   8.2216799999999992        1.6217660942687210E-007
   8.3043099999999992        1.7311706986132659E-007
   8.3877710000000008        1.6691680357622835E-007
   8.4720700000000004        1.7363327823621645E-007
   8.5572160000000004        1.8417685300276534E-007
   8.6432179999999992        1.6815846380763419E-007
   8.7300850000000008        1.7838504523904508E-007
   8.8178239999999999        1.7563689301317312E-007
   8.9064460000000008        1.7386896558708805E-007
   8.9959579999999999        1.7665164794380313E-007
   9.0863689999999995        1.7399117561960480E-007
   9.1776900000000001        1.7031470852390936E-007
   9.2699280000000002        1.8300338797085944E-007
   9.3630929999999992        1.8259275307755648E-007
   9.4571939999999994        1.9851699045401333E-007
   9.5522419999999997        1.9558563122242876E-007
   9.6482440000000000        1.9908002898558290E-007
   9.7452110000000012        2.2370867001701263E-007
   9.8431530000000009        2.2879048131746961E-007
   9.9420790000000014        2.4617359351188991E-007
   10.042000000000000        2.4040931286198537E-007
   10.142920000000000        2.9367887765958061E-007
   10.244860000000001        2.8349431724966375E-007
   10.347830000000000        1.4501825565256806E-007
   10.451820000000000        2.0568935057912144E-007
   10.556870000000000        2.3871674887292412E-007
   10.662970000000000        2.1780990390690900E-007
   10.770130000000002        1.5330491790089733E-007
   10.878380000000000        2.5651463239463120E-007
   10.987710000000002        2.6481926197304141E-007
   11.098140000000003        3.3618039949826454E-007
   11.209670000000001        2.8200451682048183E-007
   11.322330000000001        3.5467735167432740E-007
   11.436130000000002        3.2156167829479497E-007
   11.551060000000000        3.1496661768846687E-007
   11.667149999999999        3.3177258585265774E-007
   11.784409999999999        2.9773535286536220E-007
   11.902850000000001        3.7846742939376112E-007
   12.022470000000000        3.0274026476786112E-007
   12.143300000000000        3.7171609149027713E-007
   12.265350000000000        3.0729818227725318E-007
   12.388620000000001        3.2400547946405485E-007
   12.513130000000000        3.5467989613591199E-007
   12.638890000000000        3.6647881270886812E-007
   12.765910000000002        3.7471036104483217E-007
   12.894209999999999        3.7224221396511287E-007
   13.023800000000001        3.7410783643323357E-007
   13.154690000000000        3.9452389576017687E-007
   13.286899999999999        4.0711421805851981E-007
   13.420439999999999        3.8516586967652982E-007
   13.555320000000000        4.2022958554563398E-007
   13.691549999999999        4.1809819803204997E-007
   13.829150000000002        4.3490353323530466E-007
   13.968140000000002        4.5383341193241749E-007
   14.108520000000002        4.2454638530863460E-007
   14.250320000000002        4.5433076410305097E-007
   14.393540000000002        4.5420582143208074E-007
   14.538200000000000        4.5392373369496377E-007
   14.684310000000000        4.6464250240396021E-007
   14.831890000000000        4.7664112985197324E-007
   14.980950000000000        4.6510379239457928E-007
   15.131520000000000        4.7775180043279770E-007
   15.283590000000002        4.9044159326987168E-007
   15.437190000000001        4.7661223051499775E-007
   15.592340000000000        4.7490005747783018E-007
   15.749050000000002        4.5597547413520433E-007
   15.907330000000000        4.3142957621476043E-007
   15.993430000000000        4.5133029633679366E-007
