   976.50712467586550        1.0000000000000000E-050   1.0000000000000000E-050   1.0000000000000000E-050   1.0000000000000000E-050   1.0000000000000000E-050   1.0000000000000000E-050  0.67216200434458040     
   555.88910577651143        1.0000000000000000E-050   1.0000000000000000E-050   1.0000000000000000E-050   1.0000000000000000E-050   1.0000000000000000E-050   4.3343365554742081E-004  0.99444638966401466     
   316.44694658380604        1.0000000000000000E-050   1.0000000000000000E-050   1.0000000000000000E-050   1.0000000000000000E-050   9.7567326571655939E-011   5.3047055783587899E-002  0.99982433129551196     
   180.14145080668970        1.0000000000000000E-050   1.0000000000000000E-050   1.0000000000000000E-050   1.0000000000000000E-050   2.3438523108313912E-007  0.41147801068754813       0.99992190403380732     
   102.54781298749189        1.0000000000000000E-050   1.0000000000000000E-050   1.0000000000000000E-050   1.0000000000000000E-050   9.8803701000194757E-006  0.71619833922336795       0.99992190403380732     
   58.376647359204618        1.0000000000000000E-050   1.0000000000000000E-050   1.0000000000000000E-050   1.0000000000000000E-050   1.0686503869270646E-004  0.83982417377894558       0.99997328885607306     
   33.231649292380247        1.0000000000000000E-050   1.0000000000000000E-050   1.0000000000000000E-050   1.0000000000000000E-050   3.2927339208834214E-004  0.87947876075581943       0.99997328885607306     
   18.917539198448473        1.0000000000000000E-050   1.0000000000000000E-050   1.0000000000000000E-050   9.7567326571655939E-011   8.0894228100762049E-004  0.90028357965803041       0.99997328885607306     
   10.769049895061690        1.0000000000000000E-050   1.0000000000000000E-050   1.0000000000000000E-050   4.3401387819497931E-009   2.2545492157658152E-003  0.93403276411733882       0.99997328885607306     
   6.1304186779134442        1.0000000000000000E-050   1.0000000000000000E-050   1.0000000000000000E-050   6.4793066643731889E-008   4.1335329024985643E-003  0.95006719992629296       0.99998123564254127     
   3.4898188357121334        1.0000000000000000E-050   1.0000000000000000E-050   1.0000000000000000E-050   1.9906896192275019E-007   6.6877850800338414E-003  0.95505761559052327       0.99998123564254127     
   1.9866237766058041        1.0000000000000000E-050   1.0000000000000000E-050   1.0000000000000000E-050   4.3996734747606957E-007   1.1508073929520440E-002  0.95784480024879870       0.99998123564254127     
   1.1309108625892759        1.0000000000000000E-050   1.0000000000000000E-050   1.0000000000000000E-050   7.7367501101426042E-007   1.7536884588468440E-002  0.95784480024879870       0.99998123564254127     
  0.64378539821342207        1.0000000000000000E-050   1.0000000000000000E-050   1.0000000000000000E-050   2.1070084164448502E-006   2.7908023699414641E-002  0.95784480024879870       0.99998123564254127     
  0.36648302944397293        1.0000000000000000E-050   1.0000000000000000E-050   1.0000000000000000E-050   3.3315555607301413E-006   3.1950810208645881E-002  0.96882983962318892       0.99998123564254127     
  0.20862512763283678        1.0000000000000000E-050   1.0000000000000000E-050   3.9993317128740275E-011   5.3089061173607066E-006   3.8260837671828557E-002  0.97523273591946469       0.99998123564254127     
  0.11876250844644194        1.0000000000000000E-050   1.0000000000000000E-050   2.6040004592998504E-010   8.9607395862600313E-006   5.3268406059306078E-002  0.97857162885257887       0.99998123564254127     
   6.7607069064633721E-002   1.0000000000000000E-050   1.0000000000000000E-050   4.5626971346697970E-010   1.0939788732235384E-005   5.6453607465368011E-002  0.97857162885257887       0.99998123564254127     
   3.8486184295874672E-002   1.0000000000000000E-050   1.0000000000000000E-050   1.2039343556164517E-009   1.8249511399603296E-005   7.3577544898453376E-002  0.97857162885257887       0.99998123564254127     
   2.1908750107773333E-002   1.0000000000000000E-050   1.0000000000000000E-050   1.9607755686635394E-009   2.3709993715660630E-005   7.8128548237590772E-002  0.97857162885257887       0.99998123564254127     
   1.2471834765295483E-002   1.0000000000000000E-050   1.0000000000000000E-050   3.0737689736780263E-009   2.6138073174728656E-005   9.1006854033978846E-002  0.97857162885257887       0.99998123564254127     
   7.0997506314905553E-003   1.0000000000000000E-050   1.0000000000000000E-050   6.3810960626373993E-009   3.5203947120965614E-005  0.10187458761441705       0.97857162885257887       0.99998123564254127     
   4.0416233840439592E-003   1.0000000000000000E-050   6.3886395786877875E-012   1.2571152703205045E-008   4.1526590897093397E-005  0.11726068708203380       0.98013260129419422       0.99998123564254127     
   2.3007455368924067E-003   1.0000000000000000E-050   1.0436121785628965E-011   1.4541800006396324E-008   4.2566552010605038E-005  0.11731523209145615       0.98013260129419422       0.99998123564254127     
   1.3097286715106642E-003   1.0000000000000000E-050   1.9652902265013491E-011   1.6808648837993344E-008   5.0977548691832329E-005  0.12830185104858241       0.98013260129419422       0.99998123564254127     
   7.4557971121571806E-004   1.0000000000000000E-050   2.6164252528544409E-011   1.8851777590912247E-008   5.2736571384569858E-005  0.12830185104858241       0.98013260129419422       0.99998123564254127     
   4.2443073734908701E-004   1.0000000000000000E-050   4.1298479585034742E-011   1.9969256197527932E-008   5.5132605476042222E-005  0.13753278012424763       0.98013260129419422       0.99998123564254127     
   2.4161259768315993E-004   1.0000000000000000E-050   4.1298479585034742E-011   2.1280595446158826E-008   5.6880938128667446E-005  0.13753278012424763       0.98013260129419422       0.99998123564254127     
   1.3754104550441824E-004   1.0000000000000000E-050   4.3522155438206457E-011   2.1280595446158826E-008   5.6880938128667446E-005  0.13753278012424763       0.98013260129419422       0.99998123564254127     
   7.8296990222571648E-005   1.2852487039596060E-012   4.4601970313716467E-011   2.1990794875017958E-008   5.7019988782961735E-005  0.13753278012424763       0.98013260129419422       0.99998123564254127     
   4.4571557933348059E-005   1.2852487039596060E-012   4.4601970313716467E-011   2.1990794875017958E-008   5.7019988782961735E-005  0.13753278012424763       0.98013260129419422       0.99998123564254127     
   2.5372926481062872E-005   2.0732826603478426E-012   4.7738881081526619E-011   2.2677741060343064E-008   5.8547694893055377E-005  0.13753278012424763       0.98013260129419422       0.99998123564254127     
   1.4443861243893085E-005   2.0732826603478426E-012   4.7738881081526619E-011   2.2677741060343064E-008   5.8547694893055377E-005  0.13753278012424763       0.98013260129419422       0.99998123564254127     
   8.2223517964529834E-006   2.0732826603478426E-012   4.7738881081526619E-011   2.2677741060343064E-008   5.8547694893055377E-005  0.13753278012424763       0.98013260129419422       0.99998123564254127     
   4.6806783811509076E-006   2.0732826603478426E-012   4.7738881081526619E-011   2.2677741060343064E-008   5.8547694893055377E-005  0.13753278012424763       0.98013260129419422       0.99998123564254127     
   2.6645357253169931E-006   2.0732826603478426E-012   4.7738881081526619E-011   2.2677741060343064E-008   5.8547694893055377E-005  0.13753278012424763       0.98013260129419422       0.99998123564254127     
   1.5168208651295664E-006   2.0732826603478426E-012   4.7738881081526619E-011   2.2677741060343064E-008   5.8547694893055377E-005  0.13753278012424763       0.98013260129419422       0.99998123564254127     
   8.6346957746970819E-007   2.0732826603478426E-012   4.7738881081526619E-011   2.2677741060343064E-008   5.8547694893055377E-005  0.13753278012424763       0.98013260129419422       0.99998123564254127     
   4.9154104374218858E-007   2.0732826603478426E-012   4.7738881081526619E-011   2.2677741060343064E-008   5.8547694893055377E-005  0.13753278012424763       0.98013260129419422       0.99998123564254127     
   2.7981599350746808E-007   2.0732826603478426E-012   4.7738881081526619E-011   2.2677741060343064E-008   5.8547694893055377E-005  0.13753278012424763       0.98013260129419422       0.99998123564254127     
   1.5928881467655873E-007   2.0732826603478426E-012   4.7738881081526619E-011   2.2677741060343064E-008   5.8547694893055377E-005  0.13753278012424763       0.98013260129419422       0.99998123564254127     
   9.0677184541939704E-008   2.0732826603478426E-012   4.7738881081526619E-011   2.2677741060343064E-008   5.8547694893055377E-005  0.13753278012424763       0.98013260129419422       0.99998123564254127     
   5.1619141074963596E-008   2.0732826603478426E-012   4.7738881081526619E-011   2.2677741060343064E-008   5.8547694893055377E-005  0.13753278012424763       0.98013260129419422       0.99998123564254127     
   2.9384852857717511E-008   2.0732826603478426E-012   4.7738881081526619E-011   2.2677741060343064E-008   5.8547694893055377E-005  0.13753278012424763       0.98013260129419422       0.99998123564254127     
   1.6727701381465070E-008   2.0732826603478426E-012   4.7738881081526619E-011   2.2677741060343064E-008   5.8547694893055377E-005  0.13753278012424763       0.98013260129419422       0.99998123564254127     
   9.5224568542966044E-009   2.0732826603478426E-012   4.7738881081526619E-011   2.2677741060343064E-008   5.8547694893055377E-005  0.13753278012424763       0.98013260129419422       0.99998123564254127     
   5.4207797278359812E-009   2.0732826603478426E-012   4.7738881081526619E-011   2.2677741060343064E-008   5.8547694893055377E-005  0.13753278012424763       0.98013260129419422       0.99998123564254127     
   3.0858478339504331E-009   2.0732826603478426E-012   4.7738881081526619E-011   2.2677741060343064E-008   5.8547694893055377E-005  0.13753278012424763       0.98013260129419422       0.99998123564254127     
   1.7566581437349827E-009   2.0732826603478426E-012   4.7738881081526619E-011   2.2677741060343064E-008   5.8547694893055377E-005  0.13753278012424763       0.98013260129419422       0.99998123564254127     
   1.0000000000000007E-009   2.0732826603478426E-012   4.7738881081526619E-011   2.2677741060343064E-008   5.8547694893055377E-005  0.13753278012424763       0.98013260129419422       0.99998123564254127     
