   976.50712467586550        1.0000000000000000E-050   1.0000000000000000E-050   1.0000000000000000E-050   1.0000000000000000E-050   1.0000000000000000E-050   1.0000000000000000E-050  0.51531752244441964     
   555.88910577651143        1.0000000000000000E-050   1.0000000000000000E-050   1.0000000000000000E-050   1.0000000000000000E-050   1.0000000000000000E-050  0.12559281747045847       0.99852627365707702     
   316.44694658380604        1.0000000000000000E-050   1.0000000000000000E-050   1.0000000000000000E-050   1.0000000000000000E-050   2.9575035406839793E-010  0.55695574570277973       0.99957831636481631     
   180.14145080668970        1.0000000000000000E-050   1.0000000000000000E-050   1.0000000000000000E-050   1.0000000000000000E-050   1.6414603428504905E-006  0.90735170661781006       0.99998741058928420     
   102.54781298749189        1.0000000000000000E-050   1.0000000000000000E-050   1.0000000000000000E-050   1.0000000000000000E-050   5.5818807940462905E-005  0.96299400972622717       0.99998741058928420     
   58.376647359204618        1.0000000000000000E-050   1.0000000000000000E-050   1.0000000000000000E-050   1.0000000000000000E-050   6.4245740224226232E-004  0.97818684435946390       0.99998741058928420     
   33.231649292380247        1.0000000000000000E-050   1.0000000000000000E-050   1.0000000000000000E-050   1.0000000000000000E-050   4.0424856047302036E-003  0.97985987219150761       0.99998741058928420     
   18.917539198448473        1.0000000000000000E-050   1.0000000000000000E-050   1.0000000000000000E-050   1.7434159111175296E-010   1.7180699264284716E-002  0.98597935602515474       0.99998741058928420     
   10.769049895061690        1.0000000000000000E-050   1.0000000000000000E-050   1.0000000000000000E-050   2.0120456122125628E-008   4.4787355926331394E-002  0.98949708193182728       0.99998741058928420     
   6.1304186779134442        1.0000000000000000E-050   1.0000000000000000E-050   1.0000000000000000E-050   1.5922527438964901E-007  0.10610896103824376       0.99143338076225584       0.99998741058928420     
   3.4898188357121334        1.0000000000000000E-050   1.0000000000000000E-050   1.0000000000000000E-050   4.9851024213165831E-007  0.14879254995714436       0.99251481423830168       0.99998741058928420     
   1.9866237766058041        1.0000000000000000E-050   1.0000000000000000E-050   1.0000000000000000E-050   1.5587518148655113E-006  0.20389646048535173       0.99256653229897862       0.99998741058928420     
   1.1309108625892759        1.0000000000000000E-050   1.0000000000000000E-050   1.0000000000000000E-050   2.7568733883156678E-006  0.24294821468824046       0.99256653229897862       0.99998741058928420     
  0.64378539821342207        1.0000000000000000E-050   1.0000000000000000E-050   1.0000000000000000E-050   5.7606072520504654E-006  0.26981885536120148       0.99259479230268122       0.99998741058928420     
  0.36648302944397293        1.0000000000000000E-050   1.0000000000000000E-050   1.0000000000000000E-050   9.9303622103607884E-006  0.27379958547269895       0.99259479230268122       0.99998741058928420     
  0.20862512763283678        1.0000000000000000E-050   1.0000000000000000E-050   4.5071802004047762E-011   1.3060629357875594E-005  0.29986711487461976       0.99259479230268122       0.99998741058928420     
  0.11876250844644194        1.0000000000000000E-050   1.0000000000000000E-050   4.0952058185984896E-010   2.3390160660400458E-005  0.32732797072464626       0.99335306493172315       0.99998741058928420     
   6.7607069064633721E-002   1.0000000000000000E-050   1.0000000000000000E-050   8.2660745307051337E-010   2.9880296392571831E-005  0.32943374465242448       0.99335306493172315       0.99998741058928420     
   3.8486184295874672E-002   1.0000000000000000E-050   1.0000000000000000E-050   2.5605347293312652E-009   4.3358632017764127E-005  0.36659000866951769       0.99439670325614682       0.99998741058928420     
   2.1908750107773333E-002   1.0000000000000000E-050   1.0000000000000000E-050   5.4259852421717781E-009   5.7654472861832285E-005  0.39772134337366349       0.99439670325614682       0.99998741058928420     
   1.2471834765295483E-002   1.0000000000000000E-050   1.0000000000000000E-050   9.7801423370377643E-009   6.8414362634731799E-005  0.42049804353642173       0.99439670325614682       0.99998741058928420     
   7.0997506314905553E-003   1.0000000000000000E-050   1.0000000000000000E-050   1.6775953626846308E-008   8.9377831800235063E-005  0.43505251031428260       0.99439670325614682       0.99998741058928420     
   4.0416233840439592E-003   1.0000000000000000E-050   6.0770279600962629E-012   2.9506562125417045E-008   1.1078243786194382E-004  0.44500747075849290       0.99439670325614682       0.99998741058928420     
   2.3007455368924067E-003   1.0000000000000000E-050   1.4256118182885561E-011   3.1218015445170775E-008   1.1963582273539759E-004  0.44500747075849290       0.99439670325614682       0.99998741058928420     
   1.3097286715106642E-003   1.0000000000000000E-050   2.7525864150898628E-011   3.7046809625400268E-008   1.4039774400081016E-004  0.44644870094291123       0.99439670325614682       0.99998741058928420     
   7.4557971121571806E-004   1.0000000000000000E-050   4.0060883055227671E-011   4.2407953761114372E-008   1.4833303595506746E-004  0.44875230774800517       0.99439670325614682       0.99998741058928420     
   4.2443073734908701E-004   1.0000000000000000E-050   4.5071802004047762E-011   4.3776169230251043E-008   1.5579667447740281E-004  0.44875230774800517       0.99439670325614682       0.99998741058928420     
   2.4161259768315993E-004   1.0000000000000000E-050   5.2219919545951787E-011   4.4678528746937013E-008   1.5579667447740281E-004  0.44875230774800517       0.99439670325614682       0.99998741058928420     
   1.3754104550441824E-004   1.0000000000000000E-050   5.2219919545951787E-011   4.4678528746937013E-008   1.5762976336261518E-004  0.44875230774800517       0.99439670325614682       0.99998741058928420     
   7.8296990222571648E-005   1.8703709442918180E-012   5.6257257773017564E-011   4.5892096598304755E-008   1.5762976336261518E-004  0.44875230774800517       0.99439670325614682       0.99998741058928420     
   4.4571557933348059E-005   1.8703709442918180E-012   5.6257257773017564E-011   4.5892096598304755E-008   1.5762976336261518E-004  0.44875230774800517       0.99439670325614682       0.99998741058928420     
   2.5372926481062872E-005   2.1924063087653206E-012   6.5120983195100405E-011   4.5975369900048020E-008   1.5772471880365227E-004  0.44875230774800517       0.99439670325614682       0.99998741058928420     
   1.4443861243893085E-005   2.1924063087653206E-012   6.5120983195100405E-011   4.5975369900048020E-008   1.5772471880365227E-004  0.44875230774800517       0.99439670325614682       0.99998741058928420     
   8.2223517964529834E-006   2.1924063087653206E-012   6.5120983195100405E-011   4.5975369900048020E-008   1.5772471880365227E-004  0.44875230774800517       0.99439670325614682       0.99998741058928420     
   4.6806783811509076E-006   2.1924063087653206E-012   6.5120983195100405E-011   4.5975369900048020E-008   1.5772471880365227E-004  0.44875230774800517       0.99439670325614682       0.99998741058928420     
   2.6645357253169931E-006   2.1924063087653206E-012   6.5120983195100405E-011   4.5975369900048020E-008   1.5772471880365227E-004  0.44875230774800517       0.99439670325614682       0.99998741058928420     
   1.5168208651295664E-006   2.1924063087653206E-012   6.5120983195100405E-011   4.5975369900048020E-008   1.5772471880365227E-004  0.44875230774800517       0.99439670325614682       0.99998741058928420     
   8.6346957746970819E-007   2.1924063087653206E-012   6.5120983195100405E-011   4.5975369900048020E-008   1.5772471880365227E-004  0.44875230774800517       0.99439670325614682       0.99998741058928420     
   4.9154104374218858E-007   2.1924063087653206E-012   6.5120983195100405E-011   4.5975369900048020E-008   1.5772471880365227E-004  0.44875230774800517       0.99439670325614682       0.99998741058928420     
   2.7981599350746808E-007   2.1924063087653206E-012   6.5120983195100405E-011   4.5975369900048020E-008   1.5772471880365227E-004  0.44875230774800517       0.99439670325614682       0.99998741058928420     
   1.5928881467655873E-007   2.1924063087653206E-012   6.5120983195100405E-011   4.5975369900048020E-008   1.5772471880365227E-004  0.44875230774800517       0.99439670325614682       0.99998741058928420     
   9.0677184541939704E-008   2.1924063087653206E-012   6.5120983195100405E-011   4.5975369900048020E-008   1.5772471880365227E-004  0.44875230774800517       0.99439670325614682       0.99998741058928420     
   5.1619141074963596E-008   2.1924063087653206E-012   6.5120983195100405E-011   4.5975369900048020E-008   1.5772471880365227E-004  0.44875230774800517       0.99439670325614682       0.99998741058928420     
   2.9384852857717511E-008   2.1924063087653206E-012   6.5120983195100405E-011   4.5975369900048020E-008   1.5772471880365227E-004  0.44875230774800517       0.99439670325614682       0.99998741058928420     
   1.6727701381465070E-008   2.1924063087653206E-012   6.5120983195100405E-011   4.5975369900048020E-008   1.5772471880365227E-004  0.44875230774800517       0.99439670325614682       0.99998741058928420     
   9.5224568542966044E-009   2.1924063087653206E-012   6.5120983195100405E-011   4.5975369900048020E-008   1.5772471880365227E-004  0.44875230774800517       0.99439670325614682       0.99998741058928420     
   5.4207797278359812E-009   2.1924063087653206E-012   6.5120983195100405E-011   4.5975369900048020E-008   1.5772471880365227E-004  0.44875230774800517       0.99439670325614682       0.99998741058928420     
   3.0858478339504331E-009   2.1924063087653206E-012   6.5120983195100405E-011   4.5975369900048020E-008   1.5772471880365227E-004  0.44875230774800517       0.99439670325614682       0.99998741058928420     
   1.7566581437349827E-009   2.1924063087653206E-012   6.5120983195100405E-011   4.5975369900048020E-008   1.5772471880365227E-004  0.44875230774800517       0.99439670325614682       0.99998741058928420     
   1.0000000000000007E-009   2.1924063087653206E-012   6.5120983195100405E-011   4.5975369900048020E-008   1.5772471880365227E-004  0.44875230774800517       0.99439670325614682       0.99998741058928420     
