   976.50712467586550        500000000.00000048        500000000.00000048        500000000.00000048        500000000.00000048        500000000.00000048        500000000.00000048        500000000.00000048     
   555.88910577651143        500000000.00000048        500000000.00000048        500000000.00000048        500000000.00000048        500000000.00000048        500000000.00000048        500000000.00000048     
   316.44694658380604        500000000.00000048        500000000.00000048        500000000.00000048        500000000.00000048        500000000.00000048        500000000.00000048        500000000.00000048     
   180.14145080668970        500000000.00000048        500000000.00000048        500000000.00000048        500000000.00000048        500000000.00000048        500000000.00000048        500000000.00000048     
   102.54781298749189        500000000.00000048        500000000.00000048        500000000.00000048        500000000.00000048        500000000.00000048        500000000.00000048        500000000.00000048     
   58.376647359204618        500000000.00000048        500000000.00000048        500000000.00000048        500000000.00000048        500000000.00000048        500000000.00000048        500000000.00000048     
   33.231649292380247        500000000.00000048        500000000.00000048        500000000.00000048        500000000.00000048        500000000.00000048        500000000.00000048        500000000.00000048     
   18.917539198448473        500000000.00000048        500000000.00000048        500000000.00000048        500000000.00000048        500000000.00000048        500000000.00000048        500000000.00000048     
   10.769049895061690        500000000.00000048        500000000.00000048        500000000.00000048        500000000.00000048        500000000.00000048        500000000.00000048        500000000.00000048     
   6.1304186779134442        500000000.00000048        500000000.00000048        500000000.00000048        500000000.00000048        500000000.00000048        500000000.00000048        500000000.00000048     
   3.4898188357121334        500000000.00000048        500000000.00000048        500000000.00000048        500000000.00000048        500000000.00000048        500000000.00000048        500000000.00000048     
   1.9866237766058041        500000000.00000048        500000000.00000048        500000000.00000048        500000000.00000048        500000000.00000048        500000000.00000048        500000000.00000048     
   1.1309108625892759        500000000.00000048        500000000.00000048        500000000.00000048        500000000.00000048        500000000.00000048        500000000.00000048        500000000.00000048     
  0.64378539821342207        500000000.00000048        500000000.00000048        500000000.00000048        500000000.00000048        500000000.00000048        500000000.00000048        500000000.00000048     
  0.36648302944397293        500000000.00000048        500000000.00000048        500000000.00000048        500000000.00000048        500000000.00000048        500000000.00000048        500000000.00000048     
  0.20862512763283678        500000000.00000048        500000000.00000048        500000000.00000048        500000000.00000048        500000000.00000048        500000000.00000048        500000000.00000048     
  0.11876250844644194        500000000.00000048        500000000.00000048        500000000.00000048        500000000.00000048        500000000.00000048        500000000.00000048        500000000.00000048     
   6.7607069064633721E-002   500000000.00000048        500000000.00000048        500000000.00000048        500000000.00000048        500000000.00000048        500000000.00000048        500000000.00000048     
   3.8486184295874672E-002   500000000.00000048        500000000.00000048        500000000.00000048        500000000.00000048        500000000.00000048        500000000.00000048        500000000.00000048     
   2.1908750107773333E-002   500000000.00000048        500000000.00000048        500000000.00000048        500000000.00000048        500000000.00000048        500000000.00000048        500000000.00000048     
   1.2471834765295483E-002   500000000.00000048        500000000.00000048        500000000.00000048        500000000.00000048        500000000.00000048        500000000.00000048        500000000.00000048     
   7.0997506314905553E-003   500000000.00000048        500000000.00000048        500000000.00000048        500000000.00000048        500000000.00000048        500000000.00000048        500000000.00000048     
   4.0416233840439592E-003   500000000.00000048        500000000.00000048        500000000.00000048        500000000.00000048        500000000.00000048        500000000.00000048        500000000.00000048     
   2.3007455368924067E-003   500000000.00000048        500000000.00000048        500000000.00000048        500000000.00000048        500000000.00000048        500000000.00000048        500000000.00000048     
   1.3097286715106642E-003   500000000.00000048        500000000.00000048        500000000.00000048        500000000.00000048        500000000.00000048        500000000.00000048        500000000.00000048     
   7.4557971121571806E-004   500000000.00000048        500000000.00000048        500000000.00000048        500000000.00000048        500000000.00000048        500000000.00000048        500000000.00000048     
   4.2443073734908701E-004   500000000.00000048        500000000.00000048        500000000.00000048        500000000.00000048        500000000.00000048        500000000.00000048        500000000.00000048     
   2.4161259768315993E-004   500000000.00000048        500000000.00000048        500000000.00000048        500000000.00000048        500000000.00000048        500000000.00000048        500000000.00000048     
   1.3754104550441824E-004   500000000.00000048        500000000.00000048        500000000.00000048        500000000.00000048        500000000.00000048        500000000.00000048        500000000.00000048     
   7.8296990222571648E-005   500000000.00000048        500000000.00000048        500000000.00000048        500000000.00000048        500000000.00000048        500000000.00000048        500000000.00000048     
   4.4571557933348059E-005   500000000.00000048        500000000.00000048        500000000.00000048        500000000.00000048        500000000.00000048        500000000.00000048        500000000.00000048     
   2.5372926481062872E-005   500000000.00000048        500000000.00000048        500000000.00000048        500000000.00000048        500000000.00000048        500000000.00000048        500000000.00000048     
   1.4443861243893085E-005   500000000.00000048        500000000.00000048        500000000.00000048        500000000.00000048        500000000.00000048        500000000.00000048        500000000.00000048     
   8.2223517964529834E-006   500000000.00000048        500000000.00000048        500000000.00000048        500000000.00000048        500000000.00000048        500000000.00000048        500000000.00000048     
   4.6806783811509076E-006   500000000.00000048        500000000.00000048        500000000.00000048        500000000.00000048        500000000.00000048        500000000.00000048        500000000.00000048     
   2.6645357253169931E-006   500000000.00000048        500000000.00000048        500000000.00000048        500000000.00000048        500000000.00000048        500000000.00000048        500000000.00000048     
   1.5168208651295664E-006   500000000.00000048        500000000.00000048        500000000.00000048        500000000.00000048        500000000.00000048        500000000.00000048        500000000.00000048     
   8.6346957746970819E-007   500000000.00000048        500000000.00000048        500000000.00000048        500000000.00000048        500000000.00000048        500000000.00000048        500000000.00000048     
   4.9154104374218858E-007   500000000.00000048        500000000.00000048        500000000.00000048        500000000.00000048        500000000.00000048        500000000.00000048        500000000.00000048     
   2.7981599350746808E-007   500000000.00000048        500000000.00000048        500000000.00000048        500000000.00000048        500000000.00000048        500000000.00000048        500000000.00000048     
   1.5928881467655873E-007   500000000.00000048        500000000.00000048        500000000.00000048        500000000.00000048        500000000.00000048        500000000.00000048        500000000.00000048     
   9.0677184541939704E-008   500000000.00000048        500000000.00000048        500000000.00000048        500000000.00000048        500000000.00000048        500000000.00000048        500000000.00000048     
   5.1619141074963596E-008   500000000.00000048        500000000.00000048        500000000.00000048        500000000.00000048        500000000.00000048        500000000.00000048        500000000.00000048     
   2.9384852857717511E-008   500000000.00000048        500000000.00000048        500000000.00000048        500000000.00000048        500000000.00000048        500000000.00000048        500000000.00000048     
   1.6727701381465070E-008   500000000.00000048        500000000.00000048        500000000.00000048        500000000.00000048        500000000.00000048        500000000.00000048        500000000.00000048     
   9.5224568542966044E-009   500000000.00000048        500000000.00000048        500000000.00000048        500000000.00000048        500000000.00000048        500000000.00000048        500000000.00000048     
   5.4207797278359812E-009   500000000.00000048        500000000.00000048        500000000.00000048        500000000.00000048        500000000.00000048        500000000.00000048        500000000.00000048     
   3.0858478339504331E-009   500000000.00000048        500000000.00000048        500000000.00000048        500000000.00000048        500000000.00000048        500000000.00000048        500000000.00000048     
   1.7566581437349827E-009   500000000.00000048        500000000.00000048        500000000.00000048        500000000.00000048        500000000.00000048        500000000.00000048        500000000.00000048     
   1.0000000000000007E-009   500000000.00000048        500000000.00000048        500000000.00000048        500000000.00000048        500000000.00000048        500000000.00000048        500000000.00000048     
