   976.50712467586550        1.0000000000000000E-050   1.0000000000000000E-050   1.0000000000000000E-050   1.0000000000000000E-050   1.0000000000000000E-050   1.0000000000000000E-050  0.55219907403397595     
   555.88910577651143        1.0000000000000000E-050   1.0000000000000000E-050   1.0000000000000000E-050   1.0000000000000000E-050   1.0000000000000000E-050  0.10169711774420774       0.99923297528711497     
   316.44694658380604        1.0000000000000000E-050   1.0000000000000000E-050   1.0000000000000000E-050   1.0000000000000000E-050   1.0231827479638131E-010  0.57695731753241508       0.99960644179794977     
   180.14145080668970        1.0000000000000000E-050   1.0000000000000000E-050   1.0000000000000000E-050   1.0000000000000000E-050   3.5124247914808295E-006  0.82635543672201861       0.99960644179794977     
   102.54781298749189        1.0000000000000000E-050   1.0000000000000000E-050   1.0000000000000000E-050   1.0000000000000000E-050   4.7034724744286148E-005  0.93322491700140175       0.99963549917266148     
   58.376647359204618        1.0000000000000000E-050   1.0000000000000000E-050   1.0000000000000000E-050   1.0000000000000000E-050   1.2533089913446933E-003  0.97258975264119851       0.99963549917266148     
   33.231649292380247        1.0000000000000000E-050   1.0000000000000000E-050   1.0000000000000000E-050   1.0000000000000000E-050   3.1607175491991930E-003  0.97433719916599448       0.99963549917266148     
   18.917539198448473        1.0000000000000000E-050   1.0000000000000000E-050   1.0000000000000000E-050   1.2816654376769799E-010   1.4097459295561334E-002  0.98104201704225735       0.99965779479014338     
   10.769049895061690        1.0000000000000000E-050   1.0000000000000000E-050   1.0000000000000000E-050   4.9140200700298352E-009   3.6637023057977482E-002  0.98261799182188669       0.99965779479014338     
   6.1304186779134442        1.0000000000000000E-050   1.0000000000000000E-050   1.0000000000000000E-050   8.6576271454791019E-008   9.9900671052165949E-002  0.99096281633478955       0.99965779479014338     
   3.4898188357121334        1.0000000000000000E-050   1.0000000000000000E-050   1.0000000000000000E-050   2.8377270431472776E-007  0.13558140207920152       0.99228408808519508       0.99965779479014338     
   1.9866237766058041        1.0000000000000000E-050   1.0000000000000000E-050   1.0000000000000000E-050   1.1137559803598501E-006  0.18563430551595211       0.99492183031555426       0.99965779479014338     
   1.1309108625892759        1.0000000000000000E-050   1.0000000000000000E-050   1.0000000000000000E-050   2.3845750250941057E-006  0.21955829928598766       0.99492183031555426       0.99965779479014338     
  0.64378539821342207        1.0000000000000000E-050   1.0000000000000000E-050   1.0000000000000000E-050   4.2484995710480466E-006  0.25605380517077464       0.99498483797214776       0.99965779479014338     
  0.36648302944397293        1.0000000000000000E-050   1.0000000000000000E-050   1.0000000000000000E-050   6.2357667204747502E-006  0.31264967290861229       0.99598341537866963       0.99971473586344506     
  0.20862512763283678        1.0000000000000000E-050   1.0000000000000000E-050   3.6836103302670335E-011   9.8870793552200985E-006  0.36914575696048879       0.99753144110685654       0.99971473586344506     
  0.11876250844644194        1.0000000000000000E-050   1.0000000000000000E-050   2.3185314530098417E-010   1.9894380279077399E-005  0.38328038705922124       0.99753144110685654       0.99971473586344506     
   6.7607069064633721E-002   1.0000000000000000E-050   1.0000000000000000E-050   4.4870178138799985E-010   2.5445011400883744E-005  0.39157231883086219       0.99753144110685654       0.99971473586344506     
   3.8486184295874672E-002   1.0000000000000000E-050   1.0000000000000000E-050   1.3294432867455440E-009   4.0046687012942374E-005  0.44445242391426248       0.99753144110685654       0.99988430504683345     
   2.1908750107773333E-002   1.0000000000000000E-050   1.0000000000000000E-050   2.4053416185202364E-009   5.1092561183131064E-005  0.44445242391426248       0.99753144110685654       0.99988430504683345     
   1.2471834765295483E-002   1.0000000000000000E-050   1.0000000000000000E-050   3.4976019956445047E-009   6.3784858120039705E-005  0.46091792162249912       0.99767701689460242       0.99988430504683345     
   7.0997506314905553E-003   1.0000000000000000E-050   1.0000000000000000E-050   6.5885516009402583E-009   8.4592942918436669E-005  0.47311951710562689       0.99767701689460242       0.99988430504683345     
   4.0416233840439592E-003   1.0000000000000000E-050   3.9648658834957688E-012   1.0904855346405134E-008   9.4402584931262208E-005  0.47676554325472181       0.99767701689460242       0.99988430504683345     
   2.3007455368924067E-003   1.0000000000000000E-050   9.8114344547844083E-012   1.1782160766200531E-008   1.0419181561239185E-004  0.47676554325472181       0.99767701689460242       0.99988430504683345     
   1.3097286715106642E-003   1.0000000000000000E-050   1.8257189801938663E-011   1.6599402146349235E-008   1.1671850724498814E-004  0.47676554325472181       0.99767701689460242       0.99988430504683345     
   7.4557971121571806E-004   1.0000000000000000E-050   3.4662526781373991E-011   1.9018437898842378E-008   1.2460270249057330E-004  0.47676554325472181       0.99767701689460242       0.99988430504683345     
   4.2443073734908701E-004   1.0000000000000000E-050   4.2345574001417231E-011   2.1540498771232226E-008   1.3655217261553739E-004  0.48390358404085038       0.99767701689460242       0.99988430504683345     
   2.4161259768315993E-004   1.0000000000000000E-050   4.3565230707379428E-011   2.1929928788658086E-008   1.3655217261553739E-004  0.48390358404085038       0.99767701689460242       0.99988430504683345     
   1.3754104550441824E-004   1.0000000000000000E-050   4.5164519777197720E-011   2.1929928788658086E-008   1.3839317236509008E-004  0.48390358404085038       0.99767701689460242       0.99988430504683345     
   7.8296990222571648E-005   1.4492368846921429E-012   4.7385667357783116E-011   2.2027101524553927E-008   1.3839317236509008E-004  0.48390358404085038       0.99767701689460242       0.99988430504683345     
   4.4571557933348059E-005   1.4492368846921429E-012   4.7385667357783116E-011   2.2027101524553927E-008   1.3839317236509008E-004  0.48390358404085038       0.99767701689460242       0.99988430504683345     
   2.5372926481062872E-005   1.7763570693984159E-012   5.5985254827861588E-011   2.2251045843162096E-008   1.3858089469347013E-004  0.48390358404085038       0.99767701689460242       0.99988430504683345     
   1.4443861243893085E-005   1.7763570693984159E-012   5.5985254827861588E-011   2.2251045843162096E-008   1.3858089469347013E-004  0.48390358404085038       0.99767701689460242       0.99988430504683345     
   8.2223517964529834E-006   1.7763570693984159E-012   5.5985254827861588E-011   2.2251045843162096E-008   1.3858089469347013E-004  0.48390358404085038       0.99767701689460242       0.99988430504683345     
   4.6806783811509076E-006   1.7763570693984159E-012   5.5985254827861588E-011   2.2251045843162096E-008   1.3858089469347013E-004  0.48390358404085038       0.99767701689460242       0.99988430504683345     
   2.6645357253169931E-006   1.7763570693984159E-012   5.5985254827861588E-011   2.2251045843162096E-008   1.3858089469347013E-004  0.48390358404085038       0.99767701689460242       0.99988430504683345     
   1.5168208651295664E-006   1.7763570693984159E-012   5.5985254827861588E-011   2.2251045843162096E-008   1.3858089469347013E-004  0.48390358404085038       0.99767701689460242       0.99988430504683345     
   8.6346957746970819E-007   1.7763570693984159E-012   5.5985254827861588E-011   2.2251045843162096E-008   1.3858089469347013E-004  0.48390358404085038       0.99767701689460242       0.99988430504683345     
   4.9154104374218858E-007   1.7763570693984159E-012   5.5985254827861588E-011   2.2251045843162096E-008   1.3858089469347013E-004  0.48390358404085038       0.99767701689460242       0.99988430504683345     
   2.7981599350746808E-007   1.7763570693984159E-012   5.5985254827861588E-011   2.2251045843162096E-008   1.3858089469347013E-004  0.48390358404085038       0.99767701689460242       0.99988430504683345     
   1.5928881467655873E-007   1.7763570693984159E-012   5.5985254827861588E-011   2.2251045843162096E-008   1.3858089469347013E-004  0.48390358404085038       0.99767701689460242       0.99988430504683345     
   9.0677184541939704E-008   1.7763570693984159E-012   5.5985254827861588E-011   2.2251045843162096E-008   1.3858089469347013E-004  0.48390358404085038       0.99767701689460242       0.99988430504683345     
   5.1619141074963596E-008   1.7763570693984159E-012   5.5985254827861588E-011   2.2251045843162096E-008   1.3858089469347013E-004  0.48390358404085038       0.99767701689460242       0.99988430504683345     
   2.9384852857717511E-008   1.7763570693984159E-012   5.5985254827861588E-011   2.2251045843162096E-008   1.3858089469347013E-004  0.48390358404085038       0.99767701689460242       0.99988430504683345     
   1.6727701381465070E-008   1.7763570693984159E-012   5.5985254827861588E-011   2.2251045843162096E-008   1.3858089469347013E-004  0.48390358404085038       0.99767701689460242       0.99988430504683345     
   9.5224568542966044E-009   1.7763570693984159E-012   5.5985254827861588E-011   2.2251045843162096E-008   1.3858089469347013E-004  0.48390358404085038       0.99767701689460242       0.99988430504683345     
   5.4207797278359812E-009   1.7763570693984159E-012   5.5985254827861588E-011   2.2251045843162096E-008   1.3858089469347013E-004  0.48390358404085038       0.99767701689460242       0.99988430504683345     
   3.0858478339504331E-009   1.7763570693984159E-012   5.5985254827861588E-011   2.2251045843162096E-008   1.3858089469347013E-004  0.48390358404085038       0.99767701689460242       0.99988430504683345     
   1.7566581437349827E-009   1.7763570693984159E-012   5.5985254827861588E-011   2.2251045843162096E-008   1.3858089469347013E-004  0.48390358404085038       0.99767701689460242       0.99988430504683345     
   1.0000000000000007E-009   1.7763570693984159E-012   5.5985254827861588E-011   2.2251045843162096E-008   1.3858089469347013E-004  0.48390358404085038       0.99767701689460242       0.99988430504683345     
