   976.50712467586550        1.0000000000000000E-050   1.0000000000000000E-050   1.0000000000000000E-050   1.0000000000000000E-050   1.0000000000000000E-050   1.0000000000000000E-050  0.99966465134380611     
   555.88910577651143        1.0000000000000000E-050   1.0000000000000000E-050   1.0000000000000000E-050   1.0000000000000000E-050   1.0000000000000000E-050  0.99820597932489608       0.99999838015035092     
   316.44694658380604        1.0000000000000000E-050   1.0000000000000000E-050   1.0000000000000000E-050   1.0000000000000000E-050   2.5215794385737564E-004  0.99986327878761361       0.99999879925266733     
   180.14145080668970        1.0000000000000000E-050   1.0000000000000000E-050   1.0000000000000000E-050   1.0000000000000000E-050  0.33897081783032679       0.99992837052629668       0.99999952836229489     
   102.54781298749189        1.0000000000000000E-050   1.0000000000000000E-050   1.0000000000000000E-050   1.0000000000000000E-050  0.71362421356384209       0.99996521240978076       0.99999981391977188     
   58.376647359204618        1.0000000000000000E-050   1.0000000000000000E-050   1.0000000000000000E-050   1.0000000000000000E-050  0.92603566754903688       0.99997735478300209       0.99999981391977188     
   33.231649292380247        1.0000000000000000E-050   1.0000000000000000E-050   1.0000000000000000E-050   1.0000000000000000E-050  0.97248347814281189       0.99998130130936491       0.99999991749655892     
   18.917539198448473        1.0000000000000000E-050   1.0000000000000000E-050   1.0000000000000000E-050   1.1059497623078186E-004  0.98830899425940455       0.99998194076052338       0.99999991749655892     
   10.769049895061690        1.0000000000000000E-050   1.0000000000000000E-050   1.0000000000000000E-050   1.0730369682326815E-002  0.99149339565738581       0.99998238851035248       0.99999991749655892     
   6.1304186779134442        1.0000000000000000E-050   1.0000000000000000E-050   1.0000000000000000E-050   6.3381613034590681E-002  0.99517721152196081       0.99998652686565648       0.99999991749655892     
   3.4898188357121334        1.0000000000000000E-050   1.0000000000000000E-050   1.0000000000000000E-050  0.11207413518129344       0.99608999340354742       0.99998707934081410       0.99999991749655892     
   1.9866237766058041        1.0000000000000000E-050   1.0000000000000000E-050   1.0000000000000000E-050  0.20234969589995730       0.99669955869075388       0.99998709405427899       0.99999991749655892     
   1.1309108625892759        1.0000000000000000E-050   1.0000000000000000E-050   1.0000000000000000E-050  0.24775620453631600       0.99732926528535326       0.99998709405427899       0.99999991749655892     
  0.64378539821342207        1.0000000000000000E-050   1.0000000000000000E-050   1.0000000000000000E-050  0.36130871990809332       0.99769623791675199       0.99998717560539274       0.99999991749655892     
  0.36648302944397293        1.0000000000000000E-050   1.0000000000000000E-050   1.0000000000000000E-050  0.43092451171256857       0.99792591919354345       0.99998717560539274       0.99999991749655892     
  0.20862512763283678        1.0000000000000000E-050   1.0000000000000000E-050   2.2607299896206156E-007  0.45900345675371990       0.99804309522995627       0.99998717560539274       0.99999991749655892     
  0.11876250844644194        1.0000000000000000E-050   1.0000000000000000E-050   6.1500484498282183E-005  0.49978303931072959       0.99817389344223417       0.99998717560539274       0.99999991749655892     
   6.7607069064633721E-002   1.0000000000000000E-050   1.0000000000000000E-050   1.6663862819286669E-004  0.52078680032929980       0.99818948265237639       0.99998717560539274       0.99999991749655892     
   3.8486184295874672E-002   1.0000000000000000E-050   1.0000000000000000E-050   6.2158828790505934E-004  0.56831565463109646       0.99818948265237639       0.99998717560539274       0.99999991749655892     
   2.1908750107773333E-002   1.0000000000000000E-050   1.0000000000000000E-050   9.5246135445342640E-004  0.58861930597904333       0.99821101821596070       0.99998717560539274       0.99999991749655892     
   1.2471834765295483E-002   1.0000000000000000E-050   1.0000000000000000E-050   1.6494847829063445E-003  0.61743594039731375       0.99821101821596070       0.99998717560539274       0.99999991749655892     
   7.0997506314905553E-003   1.0000000000000000E-050   1.0000000000000000E-050   3.1794218315914866E-003  0.65122974461873828       0.99821101821596070       0.99998717560539274       0.99999991749655892     
   4.0416233840439592E-003   1.0000000000000000E-050   5.5528490970061482E-010   4.6202331293346303E-003  0.65902850716726435       0.99822271010603802       0.99998717560539274       0.99999991749655892     
   2.3007455368924067E-003   1.0000000000000000E-050   2.3145569086543724E-009   5.4559685197755944E-003  0.66180637947521737       0.99824744995517256       0.99998717560539274       0.99999991749655892     
   1.3097286715106642E-003   1.0000000000000000E-050   1.6215052419370218E-008   6.5538565261732641E-003  0.66781584814432160       0.99824744995517256       0.99998717560539274       0.99999991749655892     
   7.4557971121571806E-004   1.0000000000000000E-050   8.2366221821124187E-008   6.9469861909442435E-003  0.67659664093957506       0.99824744995517256       0.99998717560539274       0.99999991749655892     
   4.2443073734908701E-004   1.0000000000000000E-050   2.2607299896206156E-007   7.1439940276634261E-003  0.68056802757854928       0.99824744995517256       0.99998717560539274       0.99999991749655892     
   2.4161259768315993E-004   1.0000000000000000E-050   4.1078607463765290E-007   7.3852091110604571E-003  0.68616151211382248       0.99824744995517256       0.99998717560539274       0.99999991749655892     
   1.3754104550441824E-004   1.0000000000000000E-050   5.2132673732549188E-007   7.3956863266944027E-003  0.68680067608831163       0.99824744995517256       0.99998717560539274       0.99999991749655892     
   7.8296990222571648E-005   1.1521265671249997E-011   5.8044417176643291E-007   7.3961996803340374E-003  0.68695446035909036       0.99824744995517256       0.99998717560539274       0.99999991749655892     
   4.4571557933348059E-005   1.1521265671249997E-011   5.8044417176643291E-007   7.3961996803340374E-003  0.68695446035909036       0.99824744995517256       0.99998717560539274       0.99999991749655892     
   2.5372926481062872E-005   2.4042156053176306E-011   5.8044417176643291E-007   7.4000000924484772E-003  0.68695446035909036       0.99824744995517256       0.99998717560539274       0.99999991749655892     
   1.4443861243893085E-005   2.4042156053176306E-011   5.8044417176643291E-007   7.4000000924484772E-003  0.68695446035909036       0.99824744995517256       0.99998717560539274       0.99999991749655892     
   8.2223517964529834E-006   2.4042156053176306E-011   5.8044417176643291E-007   7.4000000924484772E-003  0.68695446035909036       0.99824744995517256       0.99998717560539274       0.99999991749655892     
   4.6806783811509076E-006   2.4042156053176306E-011   5.8044417176643291E-007   7.4000000924484772E-003  0.68695446035909036       0.99824744995517256       0.99998717560539274       0.99999991749655892     
   2.6645357253169931E-006   2.4042156053176306E-011   5.8044417176643291E-007   7.4000000924484772E-003  0.68695446035909036       0.99824744995517256       0.99998717560539274       0.99999991749655892     
   1.5168208651295664E-006   2.4042156053176306E-011   5.8044417176643291E-007   7.4000000924484772E-003  0.68695446035909036       0.99824744995517256       0.99998717560539274       0.99999991749655892     
   8.6346957746970819E-007   2.4042156053176306E-011   5.8044417176643291E-007   7.4000000924484772E-003  0.68695446035909036       0.99824744995517256       0.99998717560539274       0.99999991749655892     
   4.9154104374218858E-007   2.4042156053176306E-011   5.8044417176643291E-007   7.4000000924484772E-003  0.68695446035909036       0.99824744995517256       0.99998717560539274       0.99999991749655892     
   2.7981599350746808E-007   2.4042156053176306E-011   5.8044417176643291E-007   7.4000000924484772E-003  0.68695446035909036       0.99824744995517256       0.99998717560539274       0.99999991749655892     
   1.5928881467655873E-007   2.4042156053176306E-011   5.8044417176643291E-007   7.4000000924484772E-003  0.68695446035909036       0.99824744995517256       0.99998717560539274       0.99999991749655892     
   9.0677184541939704E-008   2.4042156053176306E-011   5.8044417176643291E-007   7.4000000924484772E-003  0.68695446035909036       0.99824744995517256       0.99998717560539274       0.99999991749655892     
   5.1619141074963596E-008   2.4042156053176306E-011   5.8044417176643291E-007   7.4000000924484772E-003  0.68695446035909036       0.99824744995517256       0.99998717560539274       0.99999991749655892     
   2.9384852857717511E-008   2.4042156053176306E-011   5.8044417176643291E-007   7.4000000924484772E-003  0.68695446035909036       0.99824744995517256       0.99998717560539274       0.99999991749655892     
   1.6727701381465070E-008   2.4042156053176306E-011   5.8044417176643291E-007   7.4000000924484772E-003  0.68695446035909036       0.99824744995517256       0.99998717560539274       0.99999991749655892     
   9.5224568542966044E-009   2.4042156053176306E-011   5.8044417176643291E-007   7.4000000924484772E-003  0.68695446035909036       0.99824744995517256       0.99998717560539274       0.99999991749655892     
   5.4207797278359812E-009   2.4042156053176306E-011   5.8044417176643291E-007   7.4000000924484772E-003  0.68695446035909036       0.99824744995517256       0.99998717560539274       0.99999991749655892     
   3.0858478339504331E-009   2.4042156053176306E-011   5.8044417176643291E-007   7.4000000924484772E-003  0.68695446035909036       0.99824744995517256       0.99998717560539274       0.99999991749655892     
   1.7566581437349827E-009   2.4042156053176306E-011   5.8044417176643291E-007   7.4000000924484772E-003  0.68695446035909036       0.99824744995517256       0.99998717560539274       0.99999991749655892     
   1.0000000000000007E-009   2.4042156053176306E-011   5.8044417176643291E-007   7.4000000924484772E-003  0.68695446035909036       0.99824744995517256       0.99998717560539274       0.99999991749655892     
