   6.0301510000000009        2.4681589477328315E-008   2.4237050000000000E-008  -2.0972249999999999E-007
   6.0907549999999997        2.3185647410276988E-008   2.2862460000000001E-008  -2.6661430000000001E-007
   6.1519690000000002        2.1609749706255005E-008   1.8701530000000000E-008   8.7379120000000003E-008
   6.2137979999999997        2.6402904848859697E-008   2.8281720000000001E-008  -3.3048059999999998E-007
   6.2762479999999998        3.1811861626743096E-008   3.4350799999999997E-008  -7.3729160000000004E-007
   6.3393259999999998        3.5979193781124049E-008   3.6227930000000003E-008   5.2664909999999999E-007
   6.4030379999999996        3.5745527426113542E-008   3.3053090000000000E-008  -9.7435420000000003E-007
   6.4673900000000000        3.7052332993580791E-008   3.4880960000000000E-008  -1.2254189999999999E-007
   6.5323890000000011        3.7525862745154435E-008   3.4775309999999998E-008  -1.4553170000000001E-007
   6.5980410000000012        3.9023021763170453E-008   3.6210249999999998E-008  -5.1508929999999999E-007
   6.6643530000000002        4.3818578167761666E-008   4.2744870000000002E-008  -2.7618680000000003E-007
   6.7313310000000008        5.1497850322401069E-008   5.2053490000000000E-008  -3.8062459999999999E-007
   6.7989830000000007        5.7401854421130011E-008   5.6725110000000002E-008   2.2240520000000000E-007
   6.8673140000000004        6.0534345375704970E-008   5.8766309999999998E-008   2.6883060000000001E-007
   6.9363330000000003        7.0323486479883515E-008   7.1227250000000000E-008  -7.5104440000000003E-008
   7.0060440000000010        7.2530250492282031E-008   7.2969790000000003E-008  -1.5317329999999999E-007
   7.0764570000000004        7.7143659950442620E-008   7.9239899999999995E-008   1.1300490000000001E-007
   7.1475770000000001        8.5469657771261122E-008   8.6819479999999999E-008   1.8618530000000000E-007
   7.2194120000000011        9.4849171333350362E-008   9.4428580000000003E-008   4.6543359999999999E-007
   7.2919690000000008        1.0169147283251791E-007   9.9309449999999997E-008   4.5963370000000002E-007
   7.3652550000000012        1.1016242122710774E-007   1.0475990000000000E-007   4.3988530000000000E-008
   7.4392779999999998        1.1751020318535067E-007   1.0978160000000000E-007  -3.9480799999999997E-008
   7.5140440000000002        1.2043883962633288E-007   1.1438880000000000E-007   4.3584049999999998E-007
   7.5895620000000008        1.2496086854402801E-007   1.1923269999999999E-007   2.0305490000000000E-007
   7.6658390000000001        1.3113908870651558E-007   1.2192840000000000E-007  -1.0341700000000001E-007
   7.7428830000000000        1.3484528602684530E-007   1.2854429999999999E-007   1.1460049999999999E-007
   7.8207009999999997        1.4078734922142934E-007   1.3451670000000001E-007  -4.9918719999999997E-007
   7.8993010000000004        1.4476771319243570E-007   1.3735239999999999E-007   2.7284429999999998E-007
   7.9786910000000013        1.4981363588614003E-007   1.4483980000000001E-007   1.7017150000000001E-007
   8.0588790000000010        1.5721005845685854E-007   1.5056770000000000E-007  -2.5889860000000003E-007
   8.1398720000000022        1.6035552049550802E-007   1.5377820000000000E-007  -3.7307689999999998E-007
   8.2216799999999992        1.6217660942687210E-007   1.5793120000000000E-007   2.9490700000000000E-008
   8.3043099999999992        1.7311706986132659E-007   1.6454320000000000E-007  -1.5509890000000001E-007
   8.3877710000000008        1.6691680357622835E-007   1.6632170000000000E-007   3.0119050000000003E-008
   8.4720700000000004        1.7363327823621645E-007   1.6992300000000001E-007  -5.2249130000000002E-008
   8.5572160000000004        1.8417685300276534E-007   1.7885060000000000E-007  -2.6631130000000001E-007
   8.6432179999999992        1.6815846380763419E-007   1.6831850000000000E-007  -3.2643019999999998E-007
   8.7300850000000008        1.7838504523904508E-007   1.7934590000000000E-007   5.1355180000000001E-007
   8.8178239999999999        1.7563689301317312E-007   1.7868920000000000E-007  -6.7495349999999996E-008
   8.9064460000000008        1.7386896558708805E-007   1.7359529999999999E-007  -1.7764309999999999E-008
   8.9959579999999999        1.7665164794380313E-007   1.8214220000000000E-007   9.8013080000000005E-008
   9.0863689999999995        1.7399117561960480E-007   1.8251150000000000E-007   2.4520270000000000E-007
   9.1776900000000001        1.7031470852390936E-007   1.7766530000000000E-007  -3.0871029999999999E-007
   9.2699280000000002        1.8300338797085944E-007   1.8471539999999999E-007   2.4004340000000002E-007
   9.3630929999999992        1.8259275307755648E-007   1.8352820000000001E-007   1.4784500000000001E-007
   9.4571939999999994        1.9851699045401333E-007   1.9861040000000000E-007   1.5844510000000001E-007
   9.5522419999999997        1.9558563122242876E-007   1.8982499999999999E-007   2.8894570000000002E-007
   9.6482440000000000        1.9908002898558290E-007   2.0566580000000000E-007  -2.4480030000000000E-007
   9.7452110000000012        2.2370867001701263E-007   2.1922859999999999E-007   1.6915920000000000E-007
   9.8431530000000009        2.2879048131746961E-007   2.3269340000000000E-007  -3.6523379999999998E-008
   9.9420790000000014        2.4617359351188991E-007   2.3382520000000000E-007  -3.1168600000000000E-007
   10.042000000000000        2.4040931286198537E-007   2.5095250000000002E-007  -1.4138620000000000E-007
   10.142920000000000        2.9367887765958061E-007   2.7629640000000002E-007   2.8647510000000002E-007
   10.244860000000001        2.8349431724966375E-007   2.7923429999999997E-007  -1.2375710000000001E-007
   10.347830000000000        1.4501825565256806E-007   1.5767629999999999E-007  -1.1854240000000000E-007
   10.451820000000000        2.0568935057912144E-007   2.1017960000000000E-007   1.0387780000000000E-007
   10.556870000000000        2.3871674887292412E-007   2.4864370000000001E-007  -1.7972740000000000E-007
   10.662970000000000        2.1780990390690900E-007   2.2039110000000000E-007  -4.1395170000000002E-008
   10.770130000000002        1.5330491790089733E-007   1.6619080000000000E-007  -1.5691520000000001E-007
   10.878380000000000        2.5651463239463120E-007   2.6265830000000002E-007   1.8403369999999999E-007
   10.987710000000002        2.6481926197304141E-007   2.8293930000000002E-007   1.2756150000000000E-007
   11.098140000000003        3.3618039949826454E-007   3.3129889999999999E-007  -3.8110300000000002E-007
   11.209670000000001        2.8200451682048183E-007   2.8712910000000002E-007  -1.5430090000000001E-007
   11.322330000000001        3.5467735167432740E-007   3.4185810000000001E-007  -4.2313040000000003E-007
   11.436130000000002        3.2156167829479497E-007   3.2829599999999999E-007  -1.3173759999999999E-007
   11.551060000000000        3.1496661768846687E-007   3.2019899999999999E-007  -2.0758069999999999E-008
   11.667149999999999        3.3177258585265774E-007   3.2812610000000000E-007   1.8070780000000000E-007
   11.784409999999999        2.9773535286536220E-007   3.0864110000000001E-007  -2.8717180000000001E-007
   11.902850000000001        3.7846742939376112E-007   3.6449299999999998E-007   7.6551200000000006E-008
   12.022470000000000        3.0274026476786112E-007   2.9682110000000000E-007  -7.6609950000000000E-008
   12.143300000000000        3.7171609149027713E-007   3.6854650000000001E-007  -1.6715040000000001E-007
   12.265350000000000        3.0729818227725318E-007   3.3217990000000001E-007  -2.5499119999999999E-007
   12.388620000000001        3.2400547946405485E-007   3.4126750000000002E-007   3.7797710000000002E-007
   12.513130000000000        3.5467989613591199E-007   3.6427480000000001E-007   1.6743529999999999E-007
   12.638890000000000        3.6647881270886812E-007   3.6181380000000000E-007  -5.4864080000000000E-008
   12.765910000000002        3.7471036104483217E-007   3.7216290000000000E-007  -3.0994350000000003E-007
   12.894209999999999        3.7224221396511287E-007   3.8188040000000000E-007   7.5855990000000005E-008
   13.023800000000001        3.7410783643323357E-007   3.8848629999999998E-007  -1.6877749999999999E-007
   13.154690000000000        3.9452389576017687E-007   3.9982580000000001E-007   1.0925080000000001E-007
   13.286899999999999        4.0711421805851981E-007   4.0827240000000001E-007   4.7220539999999999E-009
   13.420439999999999        3.8516586967652982E-007   4.0322119999999999E-007   4.5082579999999998E-007
   13.555320000000000        4.2022958554563398E-007   4.3083530000000001E-007  -5.0610450000000003E-007
   13.691549999999999        4.1809819803204997E-007   4.2381520000000000E-007   5.2191080000000004E-007
   13.829150000000002        4.3490353323530466E-007   4.3747089999999999E-007  -3.0573199999999997E-007
   13.968140000000002        4.5383341193241749E-007   4.5208150000000000E-007   1.0082650000000001E-007
   14.108520000000002        4.2454638530863460E-007   4.3882190000000002E-007   6.8001990000000003E-007
   14.250320000000002        4.5433076410305097E-007   4.5641040000000002E-007   3.0092309999999999E-007
   14.393540000000002        4.5420582143208074E-007   4.5318269999999999E-007  -4.1510019999999999E-008
   14.538200000000000        4.5392373369496377E-007   4.5639059999999998E-007   3.7142310000000002E-008
   14.684310000000000        4.6464250240396021E-007   4.6897850000000002E-007   5.9573949999999999E-008
   14.831890000000000        4.7664112985197324E-007   4.7398789999999998E-007  -4.2006880000000002E-007
   14.980950000000000        4.6510379239457928E-007   4.7556790000000002E-007   7.9450070000000003E-008
   15.131520000000000        4.7775180043279770E-007   4.7798310000000002E-007  -3.5654020000000003E-007
   15.283590000000002        4.9044159326987168E-007   4.8322400000000001E-007   1.7524470000000000E-007
   15.437190000000001        4.7661223051499775E-007   4.7859039999999997E-007  -3.9539390000000001E-007
   15.592340000000000        4.7490005747783018E-007   4.7762470000000001E-007   3.1544830000000001E-007
   15.749050000000002        4.5597547413520433E-007   4.6743740000000000E-007   3.0850700000000002E-007
   15.907330000000000        4.3142957621476043E-007   4.4551170000000000E-007  -1.9609890000000000E-007
   15.993430000000000        4.5133029633679366E-007   4.6440990000000002E-007   1.0644810000000000E-006
