#  lambda [mu]   flux(180.0) [Jy]         fstar [Jy]
      6.030151     2.4681589E-008     4.4253895E+000     7.7381027E-009
      6.090755     2.3185647E-008     4.3440735E+000     7.6003871E-009
      6.151969     2.1609750E-008     4.2642464E+000     7.4650444E-009
      6.213798     2.6402905E-008     4.1858824E+000     7.3213245E-009
      6.276248     3.1811862E-008     4.1089552E+000     7.1814743E-009
      6.339326     3.5979194E-008     4.0334376E+000     7.0479223E-009
      6.403038     3.5745527E-008     3.9593042E+000     6.9212282E-009
      6.467390     3.7052333E-008     3.8865302E+000     6.7946097E-009
      6.532389     3.7525863E-008     3.8144979E+000     6.6700927E-009
      6.598041     3.9023022E-008     3.7427667E+000     6.5446604E-009
      6.664353     4.3818578E-008     3.6723811E+000     6.4185032E-009
      6.731331     5.1497850E-008     3.6033164E+000     6.2925143E-009
      6.798983     5.7401854E-008     3.5355468E+000     6.1716441E-009
      6.867314     6.0534345E-008     3.4690497E+000     6.0553429E-009
      6.936333     7.0323486E-008     3.4037993E+000     5.9364307E-009
      7.006044     7.2530250E-008     3.3397750E+000     5.8257723E-009
      7.076457     7.7143660E-008     3.2769510E+000     5.7148713E-009
      7.147577     8.5469658E-008     3.2153068E+000     5.6044286E-009
      7.219412     9.4849171E-008     3.1548196E+000     5.4948172E-009
      7.291969     1.0169147E-007     3.0954677E+000     5.3899521E-009
      7.365255     1.1016242E-007     3.0372303E+000     5.2841514E-009
      7.439278     1.1751020E-007     2.9794989E+000     5.1819108E-009
      7.514044     1.2043884E-007     2.9227118E+000     5.0798397E-009
      7.589562     1.2496087E-007     2.8670044E+000     4.9844867E-009
      7.665839     1.3113909E-007     2.8123568E+000     4.8843635E-009
      7.742883     1.3484529E-007     2.7587485E+000     4.7928892E-009
      7.820701     1.4078735E-007     2.7061603E+000     4.6991151E-009
      7.899301     1.4476771E-007     2.6545727E+000     4.6134111E-009
      7.978691     1.4981364E-007     2.6039667E+000     4.5229001E-009
      8.058879     1.5721006E-007     2.5543235E+000     4.4388543E-009
      8.139872     1.6035552E-007     2.5056256E+000     4.3555357E-009
      8.221680     1.6217661E-007     2.4577750E+000     4.2751923E-009
      8.304310     1.7311707E-007     2.4108154E+000     4.1917320E-009
      8.387771     1.6691680E-007     2.3647511E+000     4.1170607E-009
      8.472070     1.7363328E-007     2.3195658E+000     4.0384413E-009
      8.557216     1.8417685E-007     2.2752426E+000     3.9603456E-009
      8.643218     1.6815846E-007     2.2317648E+000     3.8907908E-009
      8.730085     1.7838505E-007     2.1891161E+000     3.8154356E-009
      8.817824     1.7563689E-007     2.1472815E+000     3.7443907E-009
      8.906446     1.7386897E-007     2.1062446E+000     3.6748580E-009
      8.995958     1.7665165E-007     2.0659909E+000     3.6048423E-009
      9.086369     1.7399118E-007     2.0265056E+000     3.5375772E-009
      9.177690     1.7031471E-007     1.9869229E+000     3.4702765E-009
      9.269928     1.8300339E-007     1.9476853E+000     3.4004649E-009
      9.363093     1.8259275E-007     1.9092214E+000     3.3345033E-009
      9.457194     1.9851699E-007     1.8715161E+000     3.2663445E-009
      9.552242     1.9558563E-007     1.8345539E+000     3.2039514E-009
      9.648244     1.9908003E-007     1.7983212E+000     3.1403346E-009
      9.745211     2.2370867E-007     1.7628031E+000     3.0758476E-009
      9.843153     2.2879048E-007     1.7279853E+000     3.0147706E-009
      9.942079     2.4617359E-007     1.6938545E+000     2.9542381E-009
     10.042000     2.4040931E-007     1.6603966E+000     2.8970275E-009
     10.142920     2.9367888E-007     1.6276004E+000     2.8308342E-009
     10.244860     2.8349432E-007     1.5954494E+000     2.7784830E-009
     10.347830     1.4501826E-007     1.5639309E+000     2.7404265E-009
     10.451820     2.0568935E-007     1.5330388E+000     2.6795559E-009
     10.556870     2.3871675E-007     1.5027518E+000     2.6244236E-009
     10.662970     2.1780990E-007     1.4730640E+000     2.5746795E-009
     10.770130     1.5330492E-007     1.4439637E+000     2.5304844E-009
     10.878380     2.5651463E-007     1.4154342E+000     2.4714172E-009
     10.987710     2.6481926E-007     1.3874697E+000     2.4229061E-009
     11.098140     3.3618040E-007     1.3600568E+000     2.3684781E-009
     11.209670     2.8200452E-007     1.3331871E+000     2.3280533E-009
     11.322330     3.5467735E-007     1.3068456E+000     2.2751593E-009
     11.436130     3.2156168E-007     1.2810222E+000     2.2341284E-009
     11.551060     3.1496662E-007     1.2557115E+000     2.1907711E-009
     11.667150     3.3177259E-007     1.2308993E+000     2.1465099E-009
     11.784410     2.9773535E-007     1.2065761E+000     2.1072295E-009
     11.902850     3.7846743E-007     1.1827328E+000     2.0594532E-009
     12.022470     3.0274026E-007     1.1593621E+000     2.0251292E-009
     12.143300     3.7171609E-007     1.1364512E+000     1.9802562E-009
     12.265350     3.0729818E-007     1.1139916E+000     1.9460334E-009
     12.388620     3.2400548E-007     1.0919766E+000     1.9065530E-009
     12.513130     3.5467990E-007     1.0703960E+000     1.8673498E-009
     12.638890     3.6647881E-007     1.0492417E+000     1.8300855E-009
     12.765910     3.7471036E-007     1.0285057E+000     1.7934897E-009
     12.894210     3.7224221E-007     1.0081785E+000     1.7585652E-009
     13.023800     3.7410784E-007     9.8825261E-001     1.7238831E-009
     13.154690     3.9452390E-007     9.6872048E-001     1.6888229E-009
     13.286900     4.0711422E-007     9.4957337E-001     1.6550225E-009
     13.420440     3.8516587E-007     9.3080417E-001     1.6236848E-009
     13.555320     4.2022959E-007     9.1240589E-001     1.5898330E-009
     13.691550     4.1809820E-007     8.9437167E-001     1.5584950E-009
     13.829150     4.3490353E-007     8.7669345E-001     1.5270257E-009
     13.968140     4.5383341E-007     8.5936347E-001     1.4956611E-009
     14.108520     4.2454639E-007     8.4237657E-001     1.4680928E-009
     14.250320     4.5433076E-007     8.2572408E-001     1.4375041E-009
     14.393540     4.5420582E-007     8.0940108E-001     1.4092471E-009
     14.538200     4.5392373E-007     7.9340040E-001     1.3816489E-009
     14.684310     4.6464250E-007     7.7771617E-001     1.3537347E-009
     14.831890     4.7664113E-007     7.6234156E-001     1.3263239E-009
     14.980950     4.6510379E-007     7.4727095E-001     1.3009044E-009
     15.131520     4.7775180E-007     7.3249687E-001     1.2745306E-009
     15.283590     4.9044159E-007     7.1801588E-001     1.2489665E-009
     15.437190     4.7661223E-007     7.0382078E-001     1.2253191E-009
     15.592340     4.7490006E-007     6.8990554E-001     1.2013290E-009
     15.749050     4.5597547E-007     6.7626513E-001     1.1785831E-009
     15.907330     4.3142958E-007     6.6289461E-001     1.1565855E-009
     15.993430     4.5133030E-007     6.5578728E-001     1.1432923E-009
