   976.50712467586550        3.6906425273628822        14.261712050410603        75.820222732439902        203.36386790112749        274.13831833071544        315.39534742101807        838.28914060365832     
   555.88910577651143        4.5697347011690432        15.594771519739425        76.894844993279904        203.90148900384105        274.13831833071544        315.39534742101807        838.28914060365832     
   316.44694658380604        6.3881308907542662        17.968510508137459        81.141383643140344        205.39181220750524        274.13831833071544        315.39534742101807        787.67863180749043     
   180.14145080668970        9.1039835033111629        22.705102205027188        86.480756968956285        207.39672345964229        274.13831833071544        315.39534742101807        709.62224783321744     
   102.54781298749189        12.889833349750354        29.582830190440756        95.205686070126958        210.65851441213610        274.16602951008969        315.39534742101807        681.69105981907910     
   58.376647359204618        18.039336577705086        36.703206437036016        103.83990607470791        215.35787904128142        274.22092757308388        315.39534742101807        584.03264946719798     
   33.231649292380247        24.903350860859124        45.804396614943983        114.37147649155538        219.56555490954685        274.48653593646668        313.41682774534655        533.46830198744817     
   18.917539198448473        33.866355968660677        59.211809332819584        127.48032851690940        224.46038665181908        274.89498695015857        315.39534742101807        489.70708169232819     
   10.769049895061690        45.314037473412348        74.411497637516305        142.46130006638430        230.51335399593478        275.75782970114085        313.41682774534655        451.74161476466782     
   6.1304186779134442        59.586498617494065        90.360130788275228        158.73934763080666        237.59245275782382        276.57621778257641        310.53451424084875        418.79839361981175     
   3.4898188357121334        76.843297227579910        109.06235321124765        174.11685734802410        245.67013756476348        277.64162352051125        308.36994326885730        405.04938330256186     
   1.9866237766058041        95.200963433743411        130.43475089790149        192.33746714297220        251.59839593066724        278.42096264467853        304.75598628774884        398.69520698094175     
   1.1309108625892759        116.05851804843003        149.19082575422814        207.16254083828861        256.60071186499442        279.25627392578485        302.31638365580864        374.72732690687951     
  0.64378539821342207        131.02763131500870        172.44906326284806        223.04785921472603        260.79058533350724        279.93971493248870        299.16303585097825        361.70407997161362     
  0.36648302944397293        153.15758722362912        193.86900981608602        237.02607691762159        264.10159593052191        281.52059465082255        296.66600469644851        351.79410829423404     
  0.20862512763283678        179.73920995916581        212.43908749072270        247.41537645619411        267.13529920842461        282.32220339750410        296.78559504325813        333.98617453151883     
  0.11876250844644194        170.82632771340016        230.02202990953830        254.98805625268352        270.36530495494526        283.61367616975173        296.14320938834146        323.08772147951004     
   6.7607069064633721E-002   191.75912613803129        242.61104676009046        259.90758846708115        272.79661794042414        284.18839579373810        295.65061707911997        315.83121238364151     
   3.8486184295874672E-002   203.56265386853497        248.82488367890721        262.77079761664845        274.78727846941308        284.47529246925433        295.89912758463566        308.19828476839149     
   2.1908750107773333E-002   111.91779542185608        249.25257571021532        264.13361918102703        275.66955702364191        284.83550793150880        296.11626156672696        307.19901383572534     
   1.2471834765295483E-002   43.789041199311541        237.60141802902302        263.36292556386047        275.47547844529475        284.56382873736680        296.55687248614515        312.55284580482532     
   7.0997506314905553E-003   19.620476818874906        214.78489659421041        261.44884863193136        274.68927229977368        284.38229846945711        295.61881289767911        307.94847747196275     
   4.0416233840439592E-003   12.783548699071579        167.56846355240631        257.51460190043844        272.72838860413589        283.50907179497068        293.40126564775392        308.72323985702758     
   2.3007455368924067E-003   9.5820325460815727        118.22514244529415        250.45266775980312        269.61665925400388        281.10337156991767        292.21554723011081        299.82752021732597     
   1.3097286715106642E-003   7.8456235880682970        71.191908527000081        235.26545264163300        264.71224045778905        277.27730817515135        288.79117756330032        299.93329910750839     
   7.4557971121571806E-004   5.3294948636054773        34.777137090234334        205.01326065327626        257.16106562515381        270.70703293740718        283.92945997022969        293.16238343952040     
   4.2443073734908701E-004   5.3363964165684843        18.387716660271270        153.90013057069947        244.69357946416869        262.06281649877474        275.26367379381190        290.66188273935018     
   2.4161259768315993E-004   4.8911740021310939        12.831818744297873        109.15918080942227        226.56346644729521        252.71887069001068        272.03101110400007        299.28062594394754     
   1.3754104550441824E-004   3.3695139526054296        10.039604142521505        68.996164637930718        203.34421869838621        243.67002804404905        267.20138171271736        309.42755320633290     
   7.8296990222571648E-005   3.2912717703741672        7.3305549294229939        48.550192929193635        176.42465177755929        234.40207206587928        262.43684553172812        324.35871577157553     
   4.4571557933348059E-005   3.2827839008186208        6.1852505041400851        36.925842650779835        151.20121570806441        223.97878728977406        255.57401953505274        320.35334771407912     
   2.5372926481062872E-005   3.2888440166135053        5.4150046200440283        27.561459663186518        124.96744639839653        211.50256128804853        247.75029290660044        375.33621492564583     
   1.4443861243893085E-005   3.2476324003789778        5.0727814113541196        22.258072311891386        105.21571715996966        199.72975569829066        244.06222619476711        389.43990814187373     
   8.2223517964529834E-006   3.3370901477092865        4.7248709185934947        17.954335850482920        90.238847834295726        187.62679086266496        242.50834261588477        392.33044611273340     
   4.6806783811509076E-006   3.3887722439785737        4.7068196591129139        15.532861060264722        75.297166609651413        173.75000674601728        239.97250856092046        468.28585883675544     
   2.6645357253169931E-006   3.3597999287256197        4.2932155929774876        13.461296815749698        62.374519493680317        161.88173930386310        237.42289762381535        623.99862520959323     
   1.5168208651295664E-006   3.3472550696811529        4.0582000791867889        12.212575633925018        55.250348063042061        151.59120988315203        233.33162674254794        708.50310840068425     
   8.6346957746970819E-007   3.3480973350035179        4.0702878311781276        11.110245297916682        49.719591262906690        143.05891028983601        244.01972089357250        718.87964610027029     
   4.9154104374218858E-007   3.3080471608219959        4.1181611921107262        9.7964129750355777        43.452698487457795        136.35023529482893        262.42240368966270        694.09834073065792     
   2.7981599350746808E-007   3.2989990686373321        4.0214358054994888        9.1841193430540766        38.460926861108859        127.64772242329302        280.26732151403996        546.89481418261221     
   1.5928881467655873E-007   3.2866764126774375        4.0873019784193465        8.7816447428040778        34.774756520796245        127.74181391394087        290.10455415629400        619.22519056389820     
   9.0677184541939704E-008   3.3492295446744400        3.9983902469018817        8.3838186223673290        33.831507718253597        124.80687534427298        307.02501880711776        558.18351311351694     
   5.1619141074963596E-008   3.2898186790153274        3.9673946295528881        8.1869560595090363        31.617617866950056        120.29545305001088        323.32957716674889        553.13469378268758     
   2.9384852857717511E-008   3.3093195275281957        4.0756566137393548        7.7703076613323052        31.837569005833473        120.92752501167240        321.32265825522336        605.22122915720172     
   1.6727701381465070E-008   3.3689960805411401        3.9927007557158065        7.6864214036936556        32.001229759764009        132.51381608132621        314.24602362409405        840.72639938316604     
   9.5224568542966044E-009   3.3463003831389444        3.9867351860031093        7.9596693679880408        32.646308684597798        142.58927851008039        365.61800364219249        754.99015877441877     
   5.4207797278359812E-009   3.3632121792200760        4.2449483805113246        8.4752502476537419        35.556796802045781        150.86358775826855        383.61082909699070        990.05155059602498     
   3.0858478339504331E-009   3.4306474431438700        4.6600421288625977        10.226342884824124        38.052743582057012        163.51470638450371        462.77237666785470        1548.9057951602940     
   1.7566581437349827E-009   3.4694528750736660        4.6234106420939636        12.889052907525379        46.514877863831089        178.05370174896885        524.62122550052095        1990.5145370729808     
   1.0000000000000007E-009   3.2320626917896811        3.5981236122910016        8.6745682127141936        54.759418913229418        343.22959032857977        1408.9860000047499        7299.6700000000274     
