#      par      median  1sig lower  1sig upper  (  3sig lower  3sig upper)
      pmax  3.6085E-01  3.3632E-03  4.0310E+01  (  1.0186E-04  9.3084E+02)
        H2  4.4004E-04  2.5242E-07  7.7292E-01  (  1.0336E-09  8.9569E+02)
       H2O  1.2735E-03  3.8975E-07  6.1960E+00  (  1.0477E-09  9.1176E+02)
       CO2  3.2296E-06  2.1086E-08  1.2171E-03  (  1.0940E-09  4.4921E+00)
       CH4  3.6414E-05  4.3738E-08  4.8616E-02  (  1.0223E-09  3.7973E+02)
       NH3  4.4513E+00  1.1316E-02  1.6746E+02  (  4.8941E-09  9.8564E+02)
        N2  1.2779E-03  2.1986E-07  6.5901E+00  (  1.1132E-09  8.3899E+02)
        Rp  8.8311E-02  8.3298E-02  9.4115E-02  (  7.1283E-02  1.1330E-01)
        Mp  3.7536E-03  2.2246E-03  5.1265E-03  (  1.0108E-03  5.9575E-03)
 Tpoint001  5.4759E+01  8.6541E+00  3.4323E+02  (  2.7353E+00  7.2997E+03)
 Tpoint002  3.3716E+01  6.3867E+00  1.8034E+02  (  2.7127E+00  1.5421E+03)
 Tpoint003  2.6746E+01  6.0967E+00  1.3132E+02  (  2.7120E+00  9.3944E+02)
 Tpoint004  8.2983E+01  1.3036E+01  1.8766E+02  (  2.7438E+00  3.9554E+02)
 Tpoint005  2.7915E+02  2.6743E+02  2.8863E+02  (  1.9160E+02  3.1333E+02)
 Tpoint006  8.3088E+01  1.6571E+01  2.3267E+02  (  2.8880E+00  1.8617E+03)
 Ppoint002  1.1824E-08  2.2257E-09  1.5148E-07  (  1.0094E-09  8.2042E-05)
 Ppoint003  2.6918E-07  2.1199E-08  4.5150E-06  (  1.7058E-09  8.3665E-04)
 Ppoint004  6.1238E-06  3.7116E-07  8.6247E-05  (  4.2946E-09  1.4380E-02)
 Ppoint005  5.7883E-03  7.2046E-04  1.0418E-01  (  5.1872E-06  1.3913E+02)
       C/O  2.1625E-01  5.3394E-05  4.2453E+01  (  1.2570E-10  9.7953E+07)
       [Z]  2.5881E+00  2.5568E+00  3.0973E+00  ( -2.4976E+00  6.8567E+00)
   hotspot  0.0000E+00  0.0000E+00  0.0000E+00  (  0.0000E+00  0.0000E+00)
       MMW  1.6934E+01  1.5935E+01  2.1961E+01  (  2.0015E+00  3.5283E+01)
