   6.0301510000000009        8.5674575466081234E-005   1.1282884172446931E-005   8.3451612110233036E-005
   6.0907549999999997        8.5779075408628838E-005   1.1335217451320892E-005   8.3562719041973312E-005
   6.1519690000000002        8.5885867223607333E-005   1.1388736320782907E-005   8.3667046862468113E-005
   6.2137979999999997        8.5799878715485408E-005   1.1303489639483378E-005   8.3521171328934847E-005
   6.2762479999999998        8.5723228386349511E-005   1.1229368597232117E-005   8.3395037839193960E-005
   6.3393259999999998        8.5651601197877719E-005   1.1231280703481270E-005   8.3366045592612789E-005
   6.4030379999999996        8.5641091006440897E-005   1.1280878810559404E-005   8.3420199450118067E-005
   6.4673900000000000        8.5634721007653023E-005   1.1326339721719710E-005   8.3456031669765967E-005
   6.5323890000000011        8.5643649215959942E-005   1.1315904395912810E-005   8.3457715228204269E-005
   6.5980410000000012        8.5614375797422204E-005   1.1278695083445009E-005   8.3405071229788308E-005
   6.6643530000000002        8.5587044768186072E-005   1.1251154544959545E-005   8.3351652778188975E-005
   6.7313310000000008        8.5529958044678299E-005   1.1208140363499156E-005   8.3255715253826370E-005
   6.7989830000000007        8.5457530056558316E-005   1.1189062430152579E-005   8.3182325809942791E-005
   6.8673140000000004        8.5424595472800139E-005   1.1186774149364579E-005   8.3154253257769638E-005
   6.9363330000000003        8.5358649457304225E-005   1.1147574862212981E-005   8.3052525818938131E-005
   7.0060440000000010        8.5318699610297129E-005   1.1156804642550090E-005   8.3039661370185765E-005
   7.0764570000000004        8.5339895955255466E-005   1.1149880734044693E-005   8.3034910830291132E-005
   7.1475770000000001        8.5236737265036139E-005   1.1136322545333027E-005   8.2940168680972661E-005
   7.2194120000000011        8.5123060091847329E-005   1.1131135681544825E-005   8.2844028506823402E-005
   7.2919690000000008        8.4999367330562686E-005   1.1162422814719903E-005   8.2796807263976570E-005
   7.3652550000000012        8.4947833861936692E-005   1.1184296546926916E-005   8.2770666726666168E-005
   7.4392779999999998        8.4862538261217283E-005   1.1193250056601572E-005   8.2723129102674434E-005
   7.5140440000000002        8.4836084823831904E-005   1.1158509412013928E-005   8.2639877725994174E-005
   7.5895620000000008        8.4797774995617900E-005   1.1115506828648563E-005   8.2557067382860619E-005
   7.6658390000000001        8.4848457200184909E-005   1.1221937767340426E-005   8.2709142928473822E-005
   7.7428830000000000        8.4859347092948684E-005   1.1193949571838906E-005   8.2688577091119634E-005
   7.8207009999999997        8.4828269878800970E-005   1.1154169974908101E-005   8.2592486987472698E-005
   7.8993010000000004        8.4852143682886166E-005   1.1172509713334585E-005   8.2654332901722748E-005
   7.9786910000000013        8.4907796694661393E-005   1.1145222730928388E-005   8.2617679477746202E-005
   8.0588790000000010        8.4982582211614417E-005   1.1140662171044630E-005   8.2662736737746279E-005
   8.1398720000000022        8.5024867140318417E-005   1.1121847549363473E-005   8.2661854445312112E-005
   8.2216799999999992        8.5098936531232344E-005   1.1133384791565205E-005   8.2745637407434378E-005
   8.3043099999999992        8.5060129258662749E-005   1.1098213554697038E-005   8.2652661587221727E-005
   8.3877710000000008        8.5220760856949236E-005   1.1128371018504830E-005   8.2825872624604907E-005
   8.4720700000000004        8.5217009825887087E-005   1.1122400020896146E-005   8.2814401076605179E-005
   8.5572160000000004        8.5186272339161131E-005   1.1101556555079691E-005   8.2766580204542085E-005
   8.6432179999999992        8.5385195537179571E-005   1.1164314207809401E-005   8.2995645906436207E-005
   8.7300850000000008        8.5349874908815737E-005   1.1150530904278168E-005   8.2951333919210952E-005
   8.8178239999999999        8.5406533381535488E-005   1.1168264399229247E-005   8.3029092057881087E-005
   8.9064460000000008        8.5468258789184068E-005   1.1200396796105153E-005   8.3104314660148072E-005
   8.9959579999999999        8.5475739563762123E-005   1.1198811399120617E-005   8.3114070473046578E-005
   9.0863689999999995        8.5528447764118994E-005   1.1228193341305031E-005   8.3183025769811625E-005
   9.1776900000000001        8.5581552228594348E-005   1.1260079694045048E-005   8.3262541558105669E-005
   9.2699280000000002        8.5542336757581377E-005   1.1238835707469269E-005   8.3202939265600214E-005
   9.3630929999999992        8.5568702342459071E-005   1.1257521269072185E-005   8.3263444494685124E-005
   9.4571939999999994        8.5502817237846063E-005   1.1225099305926939E-005   8.3150433800840534E-005
   9.5522419999999997        8.5558535524081090E-005   1.1256783870220842E-005   8.3257601172929504E-005
   9.6482440000000000        8.5563912180623822E-005   1.1258617887851019E-005   8.3232980554201060E-005
   9.7452110000000012        8.5453968920426798E-005   1.1213192470894177E-005   8.3118380007871673E-005
   9.8431530000000009        8.5449902414250965E-005   1.1216008726485288E-005   8.3096235128897518E-005
   9.9420790000000014        8.5397994935401463E-005   1.1195861734743344E-005   8.3049429952661280E-005
   10.042000000000000        8.5454458271246348E-005   1.1221086733573409E-005   8.3100318855122346E-005
   10.142920000000000        8.5105939313909049E-005   1.1096537588055494E-005   8.2622163954697810E-005
   10.244860000000001        8.5248462355894504E-005   1.1143504520709312E-005   8.2823072003172999E-005
   10.347830000000000        8.6009937030772835E-005   1.1523400575187801E-005   8.3756093683178852E-005
   10.451820000000000        8.5740659107731923E-005   1.1315262188008454E-005   8.3380391665837408E-005
   10.556870000000000        8.5619662789060676E-005   1.1265173353126599E-005   8.3265377570950345E-005
   10.662970000000000        8.5711340362112511E-005   1.1326820382151883E-005   8.3374229393306886E-005
   10.770130000000002        8.6013250362100807E-005   1.1530516694030053E-005   8.3773084131307646E-005
   10.878380000000000        8.5591440338951338E-005   1.1260766129572262E-005   8.3221460016075181E-005
   10.987710000000002        8.5589057032710718E-005   1.1269244333611127E-005   8.3251286328038204E-005
   11.098140000000003        8.5267361011170646E-005   1.1145656519905860E-005   8.2801293842152157E-005
   11.209670000000001        8.5553888449301229E-005   1.1273969306555968E-005   8.3246448847957143E-005
   11.322330000000001        8.5217262580898059E-005   1.1144071260170440E-005   8.2771270404619402E-005
   11.436130000000002        8.5407041499691274E-005   1.1221593527680429E-005   8.3043821712203920E-005
   11.551060000000000        8.5460877148396626E-005   1.1245376646337437E-005   8.3097092194596650E-005
   11.667149999999999        8.5404425073087051E-005   1.1227438089262288E-005   8.3031814177712715E-005
   11.784409999999999        8.5574797090493684E-005   1.1297356652821561E-005   8.3261801019062293E-005
   11.902850000000001        8.5234592760995511E-005   1.1164466574377272E-005   8.2801449849127169E-005
   12.022470000000000        8.5597348618229134E-005   1.1304418095582058E-005   8.3286272306600312E-005
   12.143300000000000        8.5320429770842181E-005   1.1193446276326568E-005   8.2908863703344887E-005
   12.265350000000000        8.5611041668943541E-005   1.1316129051165087E-005   8.3303475332657944E-005
   12.388620000000001        8.5557689801000277E-005   1.1291406211251189E-005   8.3222629984678774E-005
   12.513130000000000        8.5447745818533136E-005   1.1253672975166342E-005   8.3107569303962915E-005
   12.638890000000000        8.5432688550868575E-005   1.1242985707955973E-005   8.3070313422269762E-005
   12.765910000000002        8.5409287396160467E-005   1.1234319682874908E-005   8.3037447485476650E-005
   12.894209999999999        8.5447280513954564E-005   1.1247119326526344E-005   8.3085369476206840E-005
   13.023800000000001        8.5451550328122841E-005   1.1251426081523406E-005   8.3090425193118282E-005
   13.154690000000000        8.5383474240564332E-005   1.1228711200425586E-005   8.3001219643361198E-005
   13.286899999999999        8.5355670491981569E-005   1.1222821941943412E-005   8.2976108336189561E-005
   13.420439999999999        8.5448691637756818E-005   1.1261412863289298E-005   8.3108487367276816E-005
   13.555320000000000        8.5329542463398930E-005   1.1222615787702198E-005   8.2939350683403608E-005
   13.691549999999999        8.5329877192513582E-005   1.1230739078160225E-005   8.2949899547090036E-005
   13.829150000000002        8.5281115852714966E-005   1.1224751483667909E-005   8.2888167328688811E-005
   13.968140000000002        8.5178030084747238E-005   1.1204967339662758E-005   8.2772020379998876E-005
   14.108520000000002        8.5349607931840311E-005   1.1251151038299958E-005   8.2986130955522760E-005
   14.250320000000002        8.5212609844535599E-005   1.1232677356901072E-005   8.2836595292920783E-005
   14.393540000000002        8.5202311618882908E-005   1.1253557131156753E-005   8.2862901253860801E-005
   14.538200000000000        8.5224281904552391E-005   1.1273093712408798E-005   8.2898514308009922E-005
   14.684310000000000        8.5195777207944961E-005   1.1270533829602687E-005   8.2842719119429752E-005
   14.831890000000000        8.5130446094428873E-005   1.1266695578600632E-005   8.2777610050706102E-005
   14.980950000000000        8.5125690072994524E-005   1.1362610656589918E-005   8.2899978111199260E-005
   15.131520000000000        8.5099908142023515E-005   1.1269009167046061E-005   8.2771610121633646E-005
   15.283590000000002        8.5111217348498824E-005   1.1264589858135308E-005   8.2749105930123522E-005
   15.437190000000001        8.5208748379398235E-005   1.1278381317180086E-005   8.2865817323679955E-005
   15.592340000000000        8.5216750780784878E-005   1.1272507435603922E-005   8.2886499599878658E-005
   15.749050000000002        8.5309769399047694E-005   1.1292120285316173E-005   8.3004133625877419E-005
   15.907330000000000        8.5480295617011964E-005   1.1319618687558204E-005   8.3159967867499045E-005
   15.993430000000000        8.5365293565774575E-005   1.1295708524290185E-005   8.3055251334194339E-005
