   6.0301510000000009        5.2897655399470920E-005   6.5135981369786669E-005   7.3422229780972328E-005   8.2318278847328142E-005   9.3658991628122514E-005   1.1010548259604356E-004   1.3818177133174037E-004
   6.0907549999999997        5.2868565119207502E-005   6.5163359744924970E-005   7.3464842646853647E-005   8.2405066818171284E-005   9.3745447469014686E-005   1.1015424297171439E-004   1.3816119675208929E-004
   6.1519690000000002        5.2810510728076446E-005   6.5220068562451061E-005   7.3534732731356632E-005   8.2540080711014850E-005   9.3955729890110595E-005   1.1013874028993697E-004   1.3762422227557382E-004
   6.2137979999999997        5.2715524427164610E-005   6.5149934788281377E-005   7.3388861784281682E-005   8.2411738859640321E-005   9.3713011466183799E-005   1.1000279712295343E-004   1.3734938002871958E-004
   6.2762479999999998        5.2601126978273036E-005   6.5123084183096549E-005   7.3312672141921784E-005   8.2293279171786362E-005   9.3465852056935113E-005   1.0987939560969216E-004   1.3723603938639741E-004
   6.3393259999999998        5.2753625655448248E-005   6.5116523780649093E-005   7.3361172146621086E-005   8.2278769225093291E-005   9.3437508647347813E-005   1.0991059701355517E-004   1.3713651223350818E-004
   6.4030379999999996        5.3001501200519472E-005   6.5127833195712797E-005   7.3402244984020713E-005   8.2290733645045498E-005   9.3614640751327053E-005   1.0980507275126874E-004   1.3819248170811337E-004
   6.4673900000000000        5.3280085285583064E-005   6.5135094037470525E-005   7.3428674915758117E-005   8.2307448080232948E-005   9.3729211342960558E-005   1.0976989727679233E-004   1.3903416512194513E-004
   6.5323890000000011        5.3111449589812523E-005   6.5136361078617683E-005   7.3413217931161842E-005   8.2318150095288392E-005   9.3663776175140695E-005   1.0989050124857252E-004   1.3931315956195351E-004
   6.5980410000000012        5.2944597338404062E-005   6.5121082568056303E-005   7.3413243559056627E-005   8.2269303894573048E-005   9.3624250067214017E-005   1.0963473406773210E-004   1.3952859677658668E-004
   6.6643530000000002        5.2843439140484422E-005   6.5107925234080376E-005   7.3377622910103624E-005   8.2235276886767557E-005   9.3595525282030601E-005   1.0939553827922663E-004   1.3861076891865176E-004
   6.7313310000000008        5.2838675874593344E-005   6.5085097272255413E-005   7.3331654692842860E-005   8.2136351359077508E-005   9.3356470252676661E-005   1.0923609665126424E-004   1.3712515484234734E-004
   6.7989830000000007        5.2897754112634756E-005   6.5063976560035633E-005   7.3246833212682291E-005   8.2051050915671016E-005   9.3279202631577681E-005   1.0917326561374822E-004   1.3717418797361256E-004
   6.8673140000000004        5.2906793642570355E-005   6.5055565656194268E-005   7.3260800255333245E-005   8.2044769977640853E-005   9.3275537515481103E-005   1.0915780607557535E-004   1.3757535499382483E-004
   6.9363330000000003        5.2872288755914969E-005   6.5034069837324821E-005   7.3175216694529253E-005   8.1948209754814709E-005   9.3085324092544882E-005   1.0896148739212853E-004   1.3674584960870833E-004
   7.0060440000000010        5.2957280707344177E-005   6.5027511920997928E-005   7.3170852834657284E-005   8.1918968836645537E-005   9.3045170268200744E-005   1.0890055204079695E-004   1.3737774868305337E-004
   7.0764570000000004        5.2978754086516002E-005   6.5026089209577155E-005   7.3163874329951827E-005   8.1935839097183657E-005   9.3058445423318457E-005   1.0897941634911782E-004   1.3683531835106754E-004
   7.1475770000000001        5.3052380506772595E-005   6.5003414571923138E-005   7.3105509262072480E-005   8.1846804403944308E-005   9.2861519733057418E-005   1.0878754397016949E-004   1.3685847012705893E-004
   7.2194120000000011        5.3185935582934719E-005   6.4975522082947072E-005   7.2909614802484085E-005   8.1765731381797167E-005   9.2751070185780087E-005   1.0868944466826630E-004   1.3710262167222523E-004
   7.2919690000000008        5.3368450327578072E-005   6.4904591785370721E-005   7.2867320366932180E-005   8.1664444416626163E-005   9.2711722622164757E-005   1.0872525203433206E-004   1.3818645559058156E-004
   7.3652550000000012        5.3500825052776925E-005   6.4961329798264358E-005   7.2804086993407964E-005   8.1595050758466014E-005   9.2657563225886507E-005   1.0867531008365219E-004   1.3886491954184828E-004
   7.4392779999999998        5.3524604451366866E-005   6.4978298303156862E-005   7.2760443838327447E-005   8.1518335136144355E-005   9.2513873116133077E-005   1.0869548236887054E-004   1.3929915006656159E-004
   7.5140440000000002        5.3395627981625617E-005   6.4848138150265668E-005   7.2727392746578650E-005   8.1450654171447956E-005   9.2421230390093940E-005   1.0847856639168385E-004   1.3852880164564555E-004
   7.5895620000000008        5.3158426251518269E-005   6.4799168759489199E-005   7.2639898250265205E-005   8.1430193877470256E-005   9.2342988442275476E-005   1.0851259602622251E-004   1.3738538297045582E-004
   7.6658390000000001        5.3604677219243659E-005   6.4936231813665190E-005   7.2814614851117541E-005   8.1462907470362283E-005   9.2555000456806479E-005   1.0871958789539667E-004   1.4048556522375342E-004
   7.7428830000000000        5.3591351037655991E-005   6.4847679694903331E-005   7.2768183718304667E-005   8.1466915528964200E-005   9.2549341848243300E-005   1.0842869517915987E-004   1.3916435977255652E-004
   7.8207009999999997        5.3424817015238567E-005   6.4831404743485163E-005   7.2689029036521500E-005   8.1415354728177651E-005   9.2443680954536190E-005   1.0838165385018561E-004   1.3834556834545824E-004
   7.8993010000000004        5.3407859015103013E-005   6.4845444735543931E-005   7.2720629318701963E-005   8.1459458545369502E-005   9.2498050418674763E-005   1.0847749819376144E-004   1.3865466167824433E-004
   7.9786910000000013        5.3330935802064683E-005   6.4872906856623403E-005   7.2691285856891732E-005   8.1483679668224770E-005   9.2518134650302014E-005   1.0825227047215070E-004   1.3804953395487500E-004
   8.0588790000000010        5.3303274121942845E-005   6.4864827877239020E-005   7.2793897018646840E-005   8.1512351105653098E-005   9.2646583575892383E-005   1.0819983753638418E-004   1.3780066738936959E-004
   8.1398720000000022        5.3167415599503943E-005   6.4813565034254334E-005   7.2759777270719304E-005   8.1531167192956151E-005   9.2641773515566957E-005   1.0816116328275141E-004   1.3725784282834737E-004
   8.2216799999999992        5.3121852606896090E-005   6.4815950556627614E-005   7.2863889410915329E-005   8.1569971690033575E-005   9.2798340579622164E-005   1.0831121507803661E-004   1.3723785686474120E-004
   8.3043099999999992        5.2964614548132573E-005   6.4747819828178891E-005   7.2804366993714094E-005   8.1451870719520333E-005   9.2636544423727995E-005   1.0813207729554587E-004   1.3688700995698663E-004
   8.3877710000000008        5.2848977070227060E-005   6.4788189426448991E-005   7.2961796442235454E-005   8.1650388909672376E-005   9.2847077607910821E-005   1.0829137203701660E-004   1.3687389455281868E-004
   8.4720700000000004        5.2681220690047291E-005   6.4776241074419722E-005   7.2936236577082679E-005   8.1655076364575975E-005   9.2833868533436981E-005   1.0832197154757215E-004   1.3681768806766942E-004
   8.5572160000000004        5.2556565713732521E-005   6.4762880188670187E-005   7.2882155739267644E-005   8.1623283821831381E-005   9.2767702671336428E-005   1.0815798986399290E-004   1.3681306802922866E-004
   8.6432179999999992        5.2478578952245697E-005   6.4899665824243955E-005   7.3044945836433589E-005   8.1952653329781325E-005   9.3086262565975929E-005   1.0840245888423510E-004   1.3690938560952784E-004
   8.7300850000000008        5.2346142840690559E-005   6.4876565310685098E-005   7.3033398862093138E-005   8.1865201774625169E-005   9.2998001996433028E-005   1.0837888742785756E-004   1.3696723659721195E-004
   8.8178239999999999        5.2265846858049481E-005   6.4924603953363331E-005   7.3107434517257925E-005   8.1941006897153510E-005   9.3154902558742868E-005   1.0854695249078342E-004   1.3703413254135036E-004
   8.9064460000000008        5.2227624881414496E-005   6.4961505921112326E-005   7.3147524012289651E-005   8.2005601073321038E-005   9.3319548416767476E-005   1.0885560399960872E-004   1.3719454867388369E-004
   8.9959579999999999        5.2129061662281558E-005   6.4971955122354483E-005   7.3153280518790091E-005   8.2012065758688412E-005   9.3336408886418039E-005   1.0887265862592184E-004   1.3721503290475460E-004
   9.0863689999999995        5.2251037373711173E-005   6.5007470277819490E-005   7.3188644822330464E-005   8.2039988770966395E-005   9.3388054644896065E-005   1.0905584695090091E-004   1.3736052928317905E-004
   9.1776900000000001        5.2432302192090974E-005   6.5052069273138007E-005   7.3239670870846161E-005   8.2094245775896939E-005   9.3449096389989041E-005   1.0952001937565009E-004   1.3749130658298041E-004
   9.2699280000000002        5.2453530356706869E-005   6.5018007589389939E-005   7.3197592092813849E-005   8.2047239663106752E-005   9.3402083637924953E-005   1.0918934466800693E-004   1.3753028401263979E-004
   9.3630929999999992        5.2337655138038238E-005   6.5054354007008350E-005   7.3240499301670386E-005   8.2070126690397341E-005   9.3446183438160698E-005   1.0939190422575315E-004   1.3760461186264062E-004
   9.4571939999999994        5.2336104033508948E-005   6.4991646089692355E-005   7.3170255398635880E-005   8.2025892081793515E-005   9.3368701044777640E-005   1.0888300198495561E-004   1.3760274809427168E-004
   9.5522419999999997        5.2296435889237318E-005   6.5057131018335501E-005   7.3247753326867167E-005   8.2068552234547696E-005   9.3458552446343729E-005   1.0928578674693723E-004   1.3769775335311014E-004
   9.6482440000000000        5.2229429725699453E-005   6.5039684426100374E-005   7.3219376837311049E-005   8.2059980995524920E-005   9.3425215681094574E-005   1.0929947049051228E-004   1.3774070950392319E-004
   9.7452110000000012        5.2105140976250513E-005   6.4977683823482212E-005   7.3138382020517532E-005   8.1989046626549563E-005   9.3303096127156227E-005   1.0886030957834825E-004   1.3769077215929361E-004
   9.8431530000000009        5.1978207565469115E-005   6.4961972621519325E-005   7.3133720359652780E-005   8.1985177803473695E-005   9.3268162742423096E-005   1.0884753664823764E-004   1.3774238583626699E-004
   9.9420790000000014        5.1914073352274163E-005   6.4935592528603359E-005   7.3088043517297122E-005   8.1953299846347451E-005   9.3188554424321736E-005   1.0880733372757375E-004   1.3771470327663909E-004
   10.042000000000000        5.1981156177299774E-005   6.4962704988006618E-005   7.3136334015493757E-005   8.1987281811655500E-005   9.3278452315981243E-005   1.0883841789014433E-004   1.3779172882347543E-004
   10.142920000000000        5.2050928693675494E-005   6.4689214877772263E-005   7.2738534734221103E-005   8.1481635295892107E-005   9.2649684333450530E-005   1.0746361945356547E-004   1.3763599054101081E-004
   10.244860000000001        5.2175522783720686E-005   6.4804491249397523E-005   7.2906213571344213E-005   8.1741320045031440E-005   9.2880595421308658E-005   1.0819322355244928E-004   1.3773131680798963E-004
   10.347830000000000        5.2407022915513957E-005   6.5323746690540763E-005   7.3567087385697591E-005   8.2613116702925376E-005   9.4159171587907705E-005   1.1045454095035893E-004   1.3864724501459698E-004
   10.451820000000000        5.2204258325769423E-005   6.5107331554283701E-005   7.3302904441464929E-005   8.2274292316298763E-005   9.3632642761927275E-005   1.0963595752684719E-004   1.3788922220175196E-004
   10.556870000000000        5.2245179207056372E-005   6.5049067712573755E-005   7.3226447449214528E-005   8.2131889640925493E-005   9.3485238932546088E-005   1.0951890461292603E-004   1.3788421305672248E-004
   10.662970000000000        5.2262282594604247E-005   6.5103518738880155E-005   7.3301755958937533E-005   8.2294609326722157E-005   9.3566733725263670E-005   1.0961190202224050E-004   1.3803941567665980E-004
   10.770130000000002        5.2365024600723887E-005   6.5343045577781256E-005   7.3576545423435286E-005   8.2624154606242265E-005   9.4139706305326957E-005   1.1053785165087442E-004   1.3865701473414854E-004
   10.878380000000000        5.2106039451345272E-005   6.5029817273202744E-005   7.3200605546748531E-005   8.2107116447999672E-005   9.3455386121866596E-005   1.0951334060656778E-004   1.3804886186021936E-004
   10.987710000000002        5.2099884463179803E-005   6.5040352812121356E-005   7.3222110835798477E-005   8.2102427135218967E-005   9.3437155178389866E-005   1.0952910758833321E-004   1.3817177122257455E-004
   11.098140000000003        5.1968282881535594E-005   6.4803286808710499E-005   7.2881019714224267E-005   8.1681454879728996E-005   9.2818822123882173E-005   1.0817073017500320E-004   1.3807992754829280E-004
   11.209670000000001        5.2008793368707848E-005   6.5043780449472959E-005   7.3231079107201750E-005   8.2065833544987598E-005   9.3449703156044478E-005   1.0918333216208857E-004   1.3829145132779187E-004
   11.322330000000001        5.1946118782277620E-005   6.4775669455174553E-005   7.2859107650191009E-005   8.1635405866891839E-005   9.2799703879490355E-005   1.0795359512212641E-004   1.3822636823579578E-004
   11.436130000000002        5.1961321212862365E-005   6.4930124922747660E-005   7.3099667288173081E-005   8.1932806477529832E-005   9.3193152913467723E-005   1.0877144491859959E-004   1.3838326983258608E-004
   11.551060000000000        5.2085519710748985E-005   6.4953568930737617E-005   7.3141317656939405E-005   8.1998712443124945E-005   9.3309203318729864E-005   1.0883241118309540E-004   1.3851918595251048E-004
   11.667149999999999        5.2042794326968744E-005   6.4913742917071062E-005   7.3080481028656006E-005   8.1903640805459414E-005   9.3170933539094583E-005   1.0862044431991223E-004   1.3856851363009377E-004
   11.784409999999999        5.2044524624525041E-005   6.5045573198905141E-005   7.3226315859257904E-005   8.2079093010453273E-005   9.3439578856297501E-005   1.0947184005572630E-004   1.3864464422455990E-004
   11.902850000000001        5.2000158104410772E-005   6.4793538215136644E-005   7.2890425851751325E-005   8.1679236294246541E-005   9.2822106635476843E-005   1.0806726307452657E-004   1.3855044851081064E-004
   12.022470000000000        5.2218899478527218E-005   6.5067904381515483E-005   7.3248259510927085E-005   8.2099919883534946E-005   9.3466427864586374E-005   1.0952310787375332E-004   1.3868116232618549E-004
   12.143300000000000        5.2038576744810458E-005   6.4859770902105793E-005   7.2948017225184109E-005   8.1813480504244220E-005   9.2930055445859973E-005   1.0833214303437600E-004   1.3863555957306284E-004
   12.265350000000000        5.2175122735831143E-005   6.5068135986593210E-005   7.3247679329516914E-005   8.2112232579332450E-005   9.3458931656315638E-005   1.0956852391982271E-004   1.3881916494597226E-004
   12.388620000000001        5.2231982566081966E-005   6.5019667388447683E-005   7.3208699229175463E-005   8.2051652190356765E-005   9.3400346353965724E-005   1.0930554774162045E-004   1.3880443113902966E-004
   12.513130000000000        5.2293561060128270E-005   6.4955106164517584E-005   7.3165200848582701E-005   8.1993947098237739E-005   9.3283886315682679E-005   1.0890164728895268E-004   1.3887704216991386E-004
   12.638890000000000        5.2591403850756491E-005   6.4939060113107888E-005   7.3110474487695875E-005   8.1981769673813087E-005   9.3228651645543999E-005   1.0876103540531124E-004   1.3883639130149447E-004
   12.765910000000002        5.2437837627385028E-005   6.4922691081902722E-005   7.3104956406964215E-005   8.1876926498706680E-005   9.3164271774432675E-005   1.0851666360579635E-004   1.3884716620375735E-004
   12.894209999999999        5.2526764714046865E-005   6.4947259373913555E-005   7.3133284108678267E-005   8.1993390028631448E-005   9.3261325441171096E-005   1.0877364739807642E-004   1.3889277819722500E-004
   13.023800000000001        5.2766697108550453E-005   6.4953009543851793E-005   7.3121799195661140E-005   8.1997485464245891E-005   9.3279864980917634E-005   1.0882085922818756E-004   1.3892066606210212E-004
   13.154690000000000        5.2759954799569324E-005   6.4906788557389164E-005   7.3050966388975977E-005   8.1866115880835884E-005   9.3091054567690041E-005   1.0839542949730153E-004   1.3892372043921628E-004
   13.286899999999999        5.2986873155640148E-005   6.4882495486716130E-005   7.3022573927085496E-005   8.1849544198146990E-005   9.3130229889157743E-005   1.0843379535864145E-004   1.3905885989985630E-004
   13.420439999999999        5.2961036807254852E-005   6.4952603215491986E-005   7.3157428003889537E-005   8.1998929711319917E-005   9.3266852386966916E-005   1.0879401360704446E-004   1.3918505704824992E-004
   13.555320000000000        5.3188454259720476E-005   6.4863791740031425E-005   7.2985195968331860E-005   8.1825594780018989E-005   9.3095728016481954E-005   1.0832344393682205E-004   1.3910428919617675E-004
   13.691549999999999        5.3094979774694851E-005   6.4861206856424000E-005   7.2969517119908782E-005   8.1846086852149796E-005   9.3077868285609106E-005   1.0845302401269305E-004   1.3922103675349424E-004
   13.829150000000002        5.3247173730386624E-005   6.4830165371031214E-005   7.2929112160027379E-005   8.1762842668218577E-005   9.3020144562991976E-005   1.0826024941161072E-004   1.3938220460093189E-004
   13.968140000000002        5.3292335454244654E-005   6.4757132005913406E-005   7.2805400086265351E-005   8.1591092718346115E-005   9.2754998878065385E-005   1.0808132629912503E-004   1.3939353483625379E-004
   14.108520000000002        5.3386532213064181E-005   6.4874636701443226E-005   7.3035440952105377E-005   8.1884974947346370E-005   9.3134668876651122E-005   1.0844962967589399E-004   1.3950957644242952E-004
   14.250320000000002        5.3533118907341497E-005   6.4780705598389490E-005   7.2890196627041799E-005   8.1645595177154477E-005   9.2872245303294172E-005   1.0838584183685672E-004   1.3967938800138347E-004
   14.393540000000002        5.3634893808083863E-005   6.4787490737136421E-005   7.2902687048174728E-005   8.1661603480294087E-005   9.2849675037259209E-005   1.0849881663038146E-004   1.3998668364593786E-004
   14.538200000000000        5.3724653341005695E-005   6.4803559232184537E-005   7.2969249631611347E-005   8.1697891860978448E-005   9.2916967833940638E-005   1.0866150032975718E-004   1.4023820983463981E-004
   14.684310000000000        5.3788874817809679E-005   6.4769801548700964E-005   7.2899709886058825E-005   8.1655846877308599E-005   9.2892692187712575E-005   1.0870287889867785E-004   1.4030333633631258E-004
   14.831890000000000        5.3796076487905370E-005   6.4728753101303454E-005   7.2820016133557161E-005   8.1600419002197201E-005   9.2777146255744382E-005   1.0869504051119336E-004   1.4031207706006069E-004
   14.980950000000000        5.4062164292587081E-005   6.4834517998850176E-005   7.2915628176707770E-005   8.1744461864832155E-005   9.3028488592762689E-005   1.0931351805251496E-004   1.4273303939901625E-004
   15.131520000000000        5.3719050311172822E-005   6.4722638845430679E-005   7.2857982200135945E-005   8.1583355427200077E-005   9.2771321709972244E-005   1.0858190416439479E-004   1.4034502380450269E-004
   15.283590000000002        5.3762007948187415E-005   6.4712155284956673E-005   7.2781635948750644E-005   8.1579752018435872E-005   9.2783943243442198E-005   1.0868638013263702E-004   1.4031399975528123E-004
   15.437190000000001        5.3712164546777852E-005   6.4792111614573540E-005   7.2915459424930244E-005   8.1671338904455848E-005   9.2908762976479467E-005   1.0864785154265475E-004   1.4040704720189650E-004
   15.592340000000000        5.3578739843169002E-005   6.4799762751181295E-005   7.2934260029676221E-005   8.1690026322518057E-005   9.2902142841292965E-005   1.0848029460681926E-004   1.4034181982819694E-004
   15.749050000000002        5.3486822018741334E-005   6.4897984286851242E-005   7.3046959503281236E-005   8.1839057126834716E-005   9.3074966415668530E-005   1.0866657079785995E-004   1.4037338442151085E-004
   15.907330000000000        5.3341843906920781E-005   6.4973651100065427E-005   7.3161988045089335E-005   8.2013694869215433E-005   9.3335354437943486E-005   1.0891849289596495E-004   1.4005854993882490E-004
   15.993430000000000        5.3272066473475197E-005   6.4906379498810230E-005   7.3101104995052220E-005   8.1937754104737122E-005   9.3177299814270760E-005   1.0864688457033323E-004   1.4017464738087459E-004
