#  lambda [mu]            Morning            Evening       Rp^2/Rstar^2
      6.030151     8.0898467E-005     0.0000000E+000     8.0898467E-005
      6.090755     8.0946086E-005     0.0000000E+000     8.0946086E-005
      6.151969     8.0992986E-005     0.0000000E+000     8.0992986E-005
      6.213798     8.0920757E-005     0.0000000E+000     8.0920757E-005
      6.276248     8.0861075E-005     0.0000000E+000     8.0861075E-005
      6.339326     8.0843122E-005     0.0000000E+000     8.0843122E-005
      6.403038     8.0876361E-005     0.0000000E+000     8.0876361E-005
      6.467390     8.0883470E-005     0.0000000E+000     8.0883470E-005
      6.532389     8.0900610E-005     0.0000000E+000     8.0900610E-005
      6.598041     8.0900585E-005     0.0000000E+000     8.0900585E-005
      6.664353     8.0861785E-005     0.0000000E+000     8.0861785E-005
      6.731331     8.0794001E-005     0.0000000E+000     8.0794001E-005
      6.798983     8.0760982E-005     0.0000000E+000     8.0760982E-005
      6.867314     8.0757994E-005     0.0000000E+000     8.0757994E-005
      6.936333     8.0689823E-005     0.0000000E+000     8.0689823E-005
      7.006044     8.0703730E-005     0.0000000E+000     8.0703730E-005
      7.076457     8.0685187E-005     0.0000000E+000     8.0685187E-005
      7.147577     8.0642916E-005     0.0000000E+000     8.0642916E-005
      7.219412     8.0581626E-005     0.0000000E+000     8.0581626E-005
      7.291969     8.0559346E-005     0.0000000E+000     8.0559346E-005
      7.365255     8.0492391E-005     0.0000000E+000     8.0492391E-005
      7.439278     8.0464445E-005     0.0000000E+000     8.0464445E-005
      7.514044     8.0412085E-005     0.0000000E+000     8.0412085E-005
      7.589562     8.0435799E-005     0.0000000E+000     8.0435799E-005
      7.665839     8.0351663E-005     0.0000000E+000     8.0351663E-005
      7.742883     8.0378998E-005     0.0000000E+000     8.0378998E-005
      7.820701     8.0337790E-005     0.0000000E+000     8.0337790E-005
      7.899301     8.0405330E-005     0.0000000E+000     8.0405330E-005
      7.978691     8.0359806E-005     0.0000000E+000     8.0359806E-005
      8.058879     8.0399304E-005     0.0000000E+000     8.0399304E-005
      8.139872     8.0423450E-005     0.0000000E+000     8.0423450E-005
      8.221680     8.0476825E-005     0.0000000E+000     8.0476825E-005
      8.304310     8.0442742E-005     0.0000000E+000     8.0442742E-005
      8.387771     8.0548812E-005     0.0000000E+000     8.0548812E-005
      8.472070     8.0549783E-005     0.0000000E+000     8.0549783E-005
      8.557216     8.0530923E-005     0.0000000E+000     8.0530923E-005
      8.643218     8.0657872E-005     0.0000000E+000     8.0657872E-005
      8.730085     8.0636681E-005     0.0000000E+000     8.0636681E-005
      8.817824     8.0676950E-005     0.0000000E+000     8.0676950E-005
      8.906446     8.0721471E-005     0.0000000E+000     8.0721471E-005
      8.995958     8.0726323E-005     0.0000000E+000     8.0726323E-005
      9.086369     8.0763555E-005     0.0000000E+000     8.0763555E-005
      9.177690     8.0805396E-005     0.0000000E+000     8.0805396E-005
      9.269928     8.0774973E-005     0.0000000E+000     8.0774973E-005
      9.363093     8.0803874E-005     0.0000000E+000     8.0803874E-005
      9.457194     8.0746876E-005     0.0000000E+000     8.0746876E-005
      9.552242     8.0800257E-005     0.0000000E+000     8.0800257E-005
      9.648244     8.0791554E-005     0.0000000E+000     8.0791554E-005
      9.745211     8.0726907E-005     0.0000000E+000     8.0726907E-005
      9.843153     8.0718210E-005     0.0000000E+000     8.0718210E-005
      9.942079     8.0691300E-005     0.0000000E+000     8.0691300E-005
     10.042000     8.0723147E-005     0.0000000E+000     8.0723147E-005
     10.142920     8.0468139E-005     0.0000000E+000     8.0468139E-005
     10.244860     8.0571606E-005     0.0000000E+000     8.0571606E-005
     10.347830     8.1069575E-005     0.0000000E+000     8.1069575E-005
     10.451820     8.0866191E-005     0.0000000E+000     8.0866191E-005
     10.556870     8.0798629E-005     0.0000000E+000     8.0798629E-005
     10.662970     8.0864677E-005     0.0000000E+000     8.0864677E-005
     10.770130     8.1078310E-005     0.0000000E+000     8.1078310E-005
     10.878380     8.0781828E-005     0.0000000E+000     8.0781828E-005
     10.987710     8.0792373E-005     0.0000000E+000     8.0792373E-005
     11.098140     8.0569309E-005     0.0000000E+000     8.0569309E-005
     11.209670     8.0790280E-005     0.0000000E+000     8.0790280E-005
     11.322330     8.0546157E-005     0.0000000E+000     8.0546157E-005
     11.436130     8.0687968E-005     0.0000000E+000     8.0687968E-005
     11.551060     8.0716894E-005     0.0000000E+000     8.0716894E-005
     11.667150     8.0680333E-005     0.0000000E+000     8.0680333E-005
     11.784410     8.0800566E-005     0.0000000E+000     8.0800566E-005
     11.902850     8.0560584E-005     0.0000000E+000     8.0560584E-005
     12.022470     8.0814809E-005     0.0000000E+000     8.0814809E-005
     12.143300     8.0617232E-005     0.0000000E+000     8.0617232E-005
     12.265350     8.0821270E-005     0.0000000E+000     8.0821270E-005
     12.388620     8.0777953E-005     0.0000000E+000     8.0777953E-005
     12.513130     8.0712072E-005     0.0000000E+000     8.0712072E-005
     12.638890     8.0696210E-005     0.0000000E+000     8.0696210E-005
     12.765910     8.0676954E-005     0.0000000E+000     8.0676954E-005
     12.894210     8.0700893E-005     0.0000000E+000     8.0700893E-005
     13.023800     8.0704390E-005     0.0000000E+000     8.0704390E-005
     13.154690     8.0657160E-005     0.0000000E+000     8.0657160E-005
     13.286900     8.0636690E-005     0.0000000E+000     8.0636690E-005
     13.420440     8.0705053E-005     0.0000000E+000     8.0705053E-005
     13.555320     8.0615903E-005     0.0000000E+000     8.0615903E-005
     13.691550     8.0620354E-005     0.0000000E+000     8.0620354E-005
     13.829150     8.0585312E-005     0.0000000E+000     8.0585312E-005
     13.968140     8.0521829E-005     0.0000000E+000     8.0521829E-005
     14.108520     8.0631462E-005     0.0000000E+000     8.0631462E-005
     14.250320     8.0543677E-005     0.0000000E+000     8.0543677E-005
     14.393540     8.0552808E-005     0.0000000E+000     8.0552808E-005
     14.538200     8.0567998E-005     0.0000000E+000     8.0567998E-005
     14.684310     8.0532231E-005     0.0000000E+000     8.0532231E-005
     14.831890     8.0492850E-005     0.0000000E+000     8.0492850E-005
     14.980950     8.0542407E-005     0.0000000E+000     8.0542407E-005
     15.131520     8.0501101E-005     0.0000000E+000     8.0501101E-005
     15.283590     8.0477422E-005     0.0000000E+000     8.0477422E-005
     15.437190     8.0546081E-005     0.0000000E+000     8.0546081E-005
     15.592340     8.0561885E-005     0.0000000E+000     8.0561885E-005
     15.749050     8.0630718E-005     0.0000000E+000     8.0630718E-005
     15.907330     8.0721746E-005     0.0000000E+000     8.0721746E-005
     15.993430     8.0658771E-005     0.0000000E+000     8.0658771E-005
