   979.40230812007405        1.0000000000000000E-050   1.0000000000000000E-050   1.0000000000000000E-050   1.0000000000000000E-050   1.0000000000000000E-050   1.0000000000000000E-050   8.0270321948981176E-005
   557.50354189353186        1.0000000000000000E-050   1.0000000000000000E-050   1.0000000000000000E-050   1.0000000000000000E-050   1.0000000000000000E-050   2.4146839025449013E-004   3.8731464716111924E-003
   317.34681105706369        1.0000000000000000E-050   1.0000000000000000E-050   1.0000000000000000E-050   1.0000000000000000E-050   1.0000000000000000E-050   4.9938862756565398E-004   6.1820334979950306E-003
   180.64279582159207        1.0000000000000000E-050   1.0000000000000000E-050   1.0000000000000000E-050   1.0000000000000000E-050   1.0000000000000000E-050   1.0504509746290184E-003   8.2774474029654703E-003
   102.82699729531451        1.0000000000000000E-050   1.0000000000000000E-050   1.0000000000000000E-050   1.0000000000000000E-050   8.5886733223074511E-005   1.7719138764556539E-003   1.8032847278962698E-002
   58.532040121949890        1.0000000000000000E-050   1.0000000000000000E-050   1.0000000000000000E-050   1.0000000000000000E-050   1.7616604825014781E-004   2.2766186804784698E-003   2.0221279728183508E-002
   33.318095548372689        1.0000000000000000E-050   1.0000000000000000E-050   1.0000000000000000E-050   1.0000000000000000E-050   2.3932491321854098E-004   3.0380628325914773E-003   3.5970430986244521E-002
   18.965603943714228        1.0000000000000000E-050   1.0000000000000000E-050   1.0000000000000000E-050   1.0000000000000000E-050   3.3124306353806419E-004   3.9438298975814868E-003   4.2483259300335564E-002
   10.795759092160859        1.0000000000000000E-050   1.0000000000000000E-050   1.0000000000000000E-050   1.0000000000000000E-050   3.9185594812452478E-004   4.7018764429667455E-003   7.0265594527602018E-002
   6.1452519372367016        1.0000000000000000E-050   1.0000000000000000E-050   1.0000000000000000E-050   2.4585092096778425E-006   5.1238293287758706E-004   6.0118453584522029E-003   8.7316856400833462E-002
   3.4980515079790142        1.0000000000000000E-050   1.0000000000000000E-050   1.0000000000000000E-050   3.0293322707357211E-005   6.4693650547796556E-004   6.5041166650737460E-003  0.11285895560735462     
   1.9911900240133202        1.0000000000000000E-050   1.0000000000000000E-050   1.0000000000000000E-050   5.6617868317375573E-005   7.6641540921104266E-004   7.4768940733993391E-003  0.11285895560735462     
   1.1334417754245223        1.0000000000000000E-050   1.0000000000000000E-050   1.0000000000000000E-050   8.6733288094770165E-005   9.4350092538824629E-004   9.1630621984630060E-003  0.40176113909706140     
  0.64518717087993060        1.0000000000000000E-050   1.0000000000000000E-050   1.0000000000000000E-050   1.1292013783600106E-004   1.0764642137137436E-003   1.2954942089260381E-002  0.48893378523188696     
  0.36725881690053191        1.0000000000000000E-050   1.0000000000000000E-050   1.0000000000000000E-050   1.3047800421285156E-004   1.1859354324003629E-003   1.6450809814432334E-002  0.70993606538047127     
  0.20905412363861103        1.0000000000000000E-050   1.0000000000000000E-050   1.0000000000000000E-050   1.5273424267987895E-004   1.4489078146790709E-003   2.0221279728183508E-002  0.70993606538047127     
  0.11899953002937490        1.0000000000000000E-050   1.0000000000000000E-050   3.5196414695257015E-009   1.7499925370790054E-004   1.7429367363047228E-003   3.1733943444058985E-002  0.97796462185733601     
   6.7737903949179473E-002   1.0000000000000000E-050   1.0000000000000000E-050   2.3374173992167022E-007   1.9811069031308901E-004   2.1050905688214474E-003   5.7058649963585797E-002  0.97796462185733601     
   3.8558334056408593E-002   1.0000000000000000E-050   1.0000000000000000E-050   6.7117798422874832E-006   2.3551404340843116E-004   3.0298560766339965E-003  0.25807700283798923       0.99749857788355278     
   2.1948496167242357E-002   1.0000000000000000E-050   1.0000000000000000E-050   1.8316367417097014E-005   2.7891737956026673E-004   4.1816948740762035E-003  0.59314079808832065       0.99749857788355278     
   1.2493705856137398E-002   1.0000000000000000E-050   1.0000000000000000E-050   2.2918886145547257E-005   2.9195379937542893E-004   4.7018764429667455E-003  0.69331491320847149       0.99749857788355278     
   7.1117713409744304E-003   1.0000000000000000E-050   3.8332211853895503E-010   3.0633031626509364E-005   3.2050239275748475E-004   6.0118453584522029E-003  0.77786739013923600       0.99766717093809743     
   4.0482217357038133E-003   1.0000000000000000E-050   7.4335294654850704E-009   3.2353640480581874E-005   3.2923556332642532E-004   6.4414253971246697E-003  0.82660781741969769       0.99766717093809743     
   2.3043625048804364E-003   1.0000000000000000E-050   1.5156062121027168E-008   3.4440175768053001E-005   3.3483181602225894E-004   6.5959499180685277E-003  0.82660781741969769       0.99766717093809743     
   1.3117084242362136E-003   3.7816937330336750E-012   2.8595104813249911E-008   3.4841505144469826E-005   3.3869884077506460E-004   6.6143223699156629E-003  0.82660781741969769       0.99766717093809743     
   7.4666159797697590E-004   3.7816937330336750E-012   2.8595104813249911E-008   3.4979122846168322E-005   3.3953578305784542E-004   6.6526437628004788E-003  0.84287730477714262       0.99766717093809743     
   4.2502093574504289E-004   3.7816937330336750E-012   2.8595104813249911E-008   3.4979122846168322E-005   3.3953578305784542E-004   6.6526437628004788E-003  0.84287730477714262       0.99766717093809743     
   2.4193395818270278E-004   3.7816937330336750E-012   2.8595104813249911E-008   3.4979122846168322E-005   3.3953578305784542E-004   6.6526437628004788E-003  0.84287730477714262       0.99766717093809743     
   1.3771566339278239E-004   3.7816937330336750E-012   2.8595104813249911E-008   3.4979122846168322E-005   3.3953578305784542E-004   6.6526437628004788E-003  0.84287730477714262       0.99766717093809743     
   7.8391657319109545E-005   3.7816937330336750E-012   2.8595104813249911E-008   3.4979122846168322E-005   3.3953578305784542E-004   6.6526437628004788E-003  0.84287730477714262       0.99766717093809743     
   4.4622752313291112E-005   3.7816937330336750E-012   2.8595104813249911E-008   3.4979122846168322E-005   3.3953578305784542E-004   6.6526437628004788E-003  0.84287730477714262       0.99766717093809743     
   2.5400534854209896E-005   3.7816937330336750E-012   2.8595104813249911E-008   3.4979122846168322E-005   3.3953578305784542E-004   6.6526437628004788E-003  0.84287730477714262       0.99766717093809743     
   1.4458704078810472E-005   3.7816937330336750E-012   2.8595104813249911E-008   3.4979122846168322E-005   3.3953578305784542E-004   6.6526437628004788E-003  0.84287730477714262       0.99766717093809743     
   8.2303040010184139E-006   3.7816937330336750E-012   2.8595104813249911E-008   3.4979122846168322E-005   3.3953578305784542E-004   6.6526437628004788E-003  0.84287730477714262       0.99766717093809743     
   4.6849222157088578E-006   3.7816937330336750E-012   2.8595104813249911E-008   3.4979122846168322E-005   3.3953578305784542E-004   6.6526437628004788E-003  0.84287730477714262       0.99766717093809743     
   2.6667904568927830E-006   3.7816937330336750E-012   2.8595104813249911E-008   3.4979122846168322E-005   3.3953578305784542E-004   6.6526437628004788E-003  0.84287730477714262       0.99766717093809743     
   1.5180126827139621E-006   3.7816937330336750E-012   2.8595104813249911E-008   3.4979122846168322E-005   3.3953578305784542E-004   6.6526437628004788E-003  0.84287730477714262       0.99766717093809743     
   8.6409582684849018E-007   3.7816937330336750E-012   2.8595104813249911E-008   3.4979122846168322E-005   3.3953578305784542E-004   6.6526437628004788E-003  0.84287730477714262       0.99766717093809743     
   4.9186782592755769E-007   3.7816937330336750E-012   2.8595104813249911E-008   3.4979122846168322E-005   3.3953578305784542E-004   6.6526437628004788E-003  0.84287730477714262       0.99766717093809743     
   2.7998510195921068E-007   3.7816937330336750E-012   2.8595104813249911E-008   3.4979122846168322E-005   3.3953578305784542E-004   6.6526437628004788E-003  0.84287730477714262       0.99766717093809743     
   1.5937545248315374E-007   3.7816937330336750E-012   2.8595104813249911E-008   3.4979122846168322E-005   3.3953578305784542E-004   6.6526437628004788E-003  0.84287730477714262       0.99766717093809743     
   9.0721022927535153E-008   3.7816937330336750E-012   2.8595104813249911E-008   3.4979122846168322E-005   3.3953578305784542E-004   6.6526437628004788E-003  0.84287730477714262       0.99766717093809743     
   5.1640976529232913E-008   3.7816937330336750E-012   2.8595104813249911E-008   3.4979122846168322E-005   3.3953578305784542E-004   6.6526437628004788E-003  0.84287730477714262       0.99766717093809743     
   2.9395506915998130E-008   3.7816937330336750E-012   2.8595104813249911E-008   3.4979122846168322E-005   3.3953578305784542E-004   6.6526437628004788E-003  0.84287730477714262       0.99766717093809743     
   1.6732755360645565E-008   3.7816937330336750E-012   2.8595104813249911E-008   3.4979122846168322E-005   3.3953578305784542E-004   6.6526437628004788E-003  0.84287730477714262       0.99766717093809743     
   9.5247584183293182E-009   3.7816937330336750E-012   2.8595104813249911E-008   3.4979122846168322E-005   3.3953578305784542E-004   6.6526437628004788E-003  0.84287730477714262       0.99766717093809743     
   5.4217623441089843E-009   3.7816937330336750E-012   2.8595104813249911E-008   3.4979122846168322E-005   3.3953578305784542E-004   6.6526437628004788E-003  0.84287730477714262       0.99766717093809743     
   3.0862207338959722E-009   3.7816937330336750E-012   2.8595104813249911E-008   3.4979122846168322E-005   3.3953578305784542E-004   6.6526437628004788E-003  0.84287730477714262       0.99766717093809743     
   1.7567642795480425E-009   3.7816937330336750E-012   2.8595104813249911E-008   3.4979122846168322E-005   3.3953578305784542E-004   6.6526437628004788E-003  0.84287730477714262       0.99766717093809743     
   1.0000000000000007E-009   3.7816937330336750E-012   2.8595104813249911E-008   3.4979122846168322E-005   3.3953578305784542E-004   6.6526437628004788E-003  0.84287730477714262       0.99766717093809743     
