   979.40230812007405        1.0000000000000000E-050   1.0000000000000000E-050   1.0000000000000000E-050   1.0000000000000000E-050   1.0000000000000000E-050   1.0000000000000000E-050   1.0414035179540676E-005
   557.50354189353186        1.0000000000000000E-050   1.0000000000000000E-050   1.0000000000000000E-050   1.0000000000000000E-050   1.0000000000000000E-050   7.3766590443535830E-006   1.8229233425705096E-004
   317.34681105706369        1.0000000000000000E-050   1.0000000000000000E-050   1.0000000000000000E-050   1.0000000000000000E-050   1.0000000000000000E-050   1.6741647906365031E-005   1.8229233425705096E-004
   180.64279582159207        1.0000000000000000E-050   1.0000000000000000E-050   1.0000000000000000E-050   1.0000000000000000E-050   1.0000000000000000E-050   2.4417006617743317E-005   3.8123820461299831E-004
   102.82699729531451        1.0000000000000000E-050   1.0000000000000000E-050   1.0000000000000000E-050   1.0000000000000000E-050   3.3476521091503801E-006   3.7630191463572628E-005   5.8661072293361314E-004
   58.532040121949890        1.0000000000000000E-050   1.0000000000000000E-050   1.0000000000000000E-050   1.0000000000000000E-050   6.6974421772572046E-006   4.9226243510575337E-005  0.10483922725813255     
   33.318095548372689        1.0000000000000000E-050   1.0000000000000000E-050   1.0000000000000000E-050   1.0000000000000000E-050   9.8776573218222648E-006   6.2810226826955280E-005  0.10483922725813255     
   18.965603943714228        1.0000000000000000E-050   1.0000000000000000E-050   1.0000000000000000E-050   1.0000000000000000E-050   1.2340370239662813E-005   8.1248686234777613E-005  0.10483922725813255     
   10.795759092160859        1.0000000000000000E-050   1.0000000000000000E-050   1.0000000000000000E-050   1.0000000000000000E-050   1.4776622442956226E-005   9.7306220994369444E-005  0.10483922725813255     
   6.1452519372367016        1.0000000000000000E-050   1.0000000000000000E-050   1.0000000000000000E-050   5.2433000792391708E-007   1.6971869462074485E-005   1.1058570987076890E-004  0.10483922725813255     
   3.4980515079790142        1.0000000000000000E-050   1.0000000000000000E-050   1.0000000000000000E-050   1.6881513394390193E-006   1.9260698058260835E-005   1.1884920593690823E-004  0.10483922725813255     
   1.9911900240133202        1.0000000000000000E-050   1.0000000000000000E-050   1.0000000000000000E-050   2.9344744006488949E-006   2.1882042667797685E-005   1.5525240518747982E-004  0.32421919965699741     
   1.1334417754245223        1.0000000000000000E-050   1.0000000000000000E-050   1.0000000000000000E-050   4.0545632760029844E-006   2.5115179948346123E-005   2.0368669703237156E-004  0.32421919965699741     
  0.64518717087993060        1.0000000000000000E-050   1.0000000000000000E-050   1.0000000000000000E-050   4.9271394661170782E-006   2.9718008506737841E-005   2.6196565232270238E-004  0.32421919965699741     
  0.36725881690053191        1.0000000000000000E-050   1.0000000000000000E-050   1.0000000000000000E-050   5.5903969354310003E-006   3.3276183634451061E-005   3.3151388276834277E-004  0.32421919965699741     
  0.20905412363861103        1.0000000000000000E-050   1.0000000000000000E-050   1.0000000000000000E-050   6.8437232657429752E-006   3.8660287851688380E-005   4.5389362389964562E-004  0.39347089219978398     
  0.11899953002937490        1.0000000000000000E-050   1.0000000000000000E-050   9.3720270424751191E-008   7.3942286163976006E-006   4.6026562426796077E-005   5.0871295977218450E-004  0.39347089219978398     
   6.7737903949179473E-002   1.0000000000000000E-050   1.0000000000000000E-050   3.4493697239337813E-007   8.2334106378960052E-006   5.7178929183899942E-005   9.9493376947646164E-004  0.39658302591020139     
   3.8558334056408593E-002   1.0000000000000000E-050   1.0000000000000000E-050   6.8931688816566013E-007   9.6214614978530347E-006   8.0238422070307849E-005   3.6809873381696205E-003  0.39658302591020139     
   2.1948496167242357E-002   1.0000000000000000E-050   1.0000000000000000E-050   1.4463773997260571E-006   1.1318231762166762E-005   1.1767627650217317E-004   1.1055658910708593E-002  0.54318302169608801     
   1.2493705856137398E-002   1.0000000000000000E-050   1.0000000000000000E-050   1.6404078950468258E-006   1.2108108025519428E-005   1.3987827016924916E-004   2.0869343881043126E-002  0.62773273808821095     
   7.1117713409744304E-003   1.0000000000000000E-050   9.0233883651682306E-009   2.0469671008680874E-006   1.2960737813536125E-005   1.8039330097744438E-004   3.8702259763301272E-002  0.62773273808821095     
   4.0482217357038133E-003   1.0000000000000000E-050   1.0320192571867478E-007   2.2263866834179841E-006   1.3273080751216572E-005   2.1506561236840578E-004   5.5736001809929915E-002  0.62773273808821095     
   2.3043625048804364E-003   1.0000000000000000E-050   1.3873068222984108E-007   2.3150476518867207E-006   1.3528362285120928E-005   2.2594522318809956E-004   7.0813261964903285E-002  0.65729054845474000     
   1.3117084242362136E-003   8.0842318965512947E-012   1.4846346080263158E-007   2.4264669691704661E-006   1.3578469212815518E-005   2.3546588230034265E-004   7.4137812377106635E-002  0.65729054845474000     
   7.4666159797697590E-004   8.0842318965512947E-012   1.5376252575571813E-007   2.4438479023149515E-006   1.3600550159422146E-005   2.3623306421833573E-004   7.4137812377106635E-002  0.65729054845474000     
   4.2502093574504289E-004   8.0842318965512947E-012   1.5376252575571813E-007   2.4438479023149515E-006   1.3600550159422146E-005   2.3623306421833573E-004   7.4137812377106635E-002  0.65729054845474000     
   2.4193395818270278E-004   8.0842318965512947E-012   1.5376252575571813E-007   2.4438479023149515E-006   1.3600550159422146E-005   2.3623306421833573E-004   7.4137812377106635E-002  0.65729054845474000     
   1.3771566339278239E-004   8.0842318965512947E-012   1.5376252575571813E-007   2.4438479023149515E-006   1.3600550159422146E-005   2.3623306421833573E-004   7.4137812377106635E-002  0.65729054845474000     
   7.8391657319109545E-005   8.0842318965512947E-012   1.5376252575571813E-007   2.4438479023149515E-006   1.3600550159422146E-005   2.3623306421833573E-004   7.4137812377106635E-002  0.65729054845474000     
   4.4622752313291112E-005   8.0842318965512947E-012   1.5376252575571813E-007   2.4438479023149515E-006   1.3600550159422146E-005   2.3623306421833573E-004   7.4137812377106635E-002  0.65729054845474000     
   2.5400534854209896E-005   8.0842318965512947E-012   1.5376252575571813E-007   2.4438479023149515E-006   1.3600550159422146E-005   2.3623306421833573E-004   7.4137812377106635E-002  0.65729054845474000     
   1.4458704078810472E-005   8.0842318965512947E-012   1.5376252575571813E-007   2.4438479023149515E-006   1.3600550159422146E-005   2.3623306421833573E-004   7.4137812377106635E-002  0.65729054845474000     
   8.2303040010184139E-006   8.0842318965512947E-012   1.5376252575571813E-007   2.4438479023149515E-006   1.3600550159422146E-005   2.3623306421833573E-004   7.4137812377106635E-002  0.65729054845474000     
   4.6849222157088578E-006   8.0842318965512947E-012   1.5376252575571813E-007   2.4438479023149515E-006   1.3600550159422146E-005   2.3623306421833573E-004   7.4137812377106635E-002  0.65729054845474000     
   2.6667904568927830E-006   8.0842318965512947E-012   1.5376252575571813E-007   2.4438479023149515E-006   1.3600550159422146E-005   2.3623306421833573E-004   7.4137812377106635E-002  0.65729054845474000     
   1.5180126827139621E-006   8.0842318965512947E-012   1.5376252575571813E-007   2.4438479023149515E-006   1.3600550159422146E-005   2.3623306421833573E-004   7.4137812377106635E-002  0.65729054845474000     
   8.6409582684849018E-007   8.0842318965512947E-012   1.5376252575571813E-007   2.4438479023149515E-006   1.3600550159422146E-005   2.3623306421833573E-004   7.4137812377106635E-002  0.65729054845474000     
   4.9186782592755769E-007   8.0842318965512947E-012   1.5376252575571813E-007   2.4438479023149515E-006   1.3600550159422146E-005   2.3623306421833573E-004   7.4137812377106635E-002  0.65729054845474000     
   2.7998510195921068E-007   8.0842318965512947E-012   1.5376252575571813E-007   2.4438479023149515E-006   1.3600550159422146E-005   2.3623306421833573E-004   7.4137812377106635E-002  0.65729054845474000     
   1.5937545248315374E-007   8.0842318965512947E-012   1.5376252575571813E-007   2.4438479023149515E-006   1.3600550159422146E-005   2.3623306421833573E-004   7.4137812377106635E-002  0.65729054845474000     
   9.0721022927535153E-008   8.0842318965512947E-012   1.5376252575571813E-007   2.4438479023149515E-006   1.3600550159422146E-005   2.3623306421833573E-004   7.4137812377106635E-002  0.65729054845474000     
   5.1640976529232913E-008   8.0842318965512947E-012   1.5376252575571813E-007   2.4438479023149515E-006   1.3600550159422146E-005   2.3623306421833573E-004   7.4137812377106635E-002  0.65729054845474000     
   2.9395506915998130E-008   8.0842318965512947E-012   1.5376252575571813E-007   2.4438479023149515E-006   1.3600550159422146E-005   2.3623306421833573E-004   7.4137812377106635E-002  0.65729054845474000     
   1.6732755360645565E-008   8.0842318965512947E-012   1.5376252575571813E-007   2.4438479023149515E-006   1.3600550159422146E-005   2.3623306421833573E-004   7.4137812377106635E-002  0.65729054845474000     
   9.5247584183293182E-009   8.0842318965512947E-012   1.5376252575571813E-007   2.4438479023149515E-006   1.3600550159422146E-005   2.3623306421833573E-004   7.4137812377106635E-002  0.65729054845474000     
   5.4217623441089843E-009   8.0842318965512947E-012   1.5376252575571813E-007   2.4438479023149515E-006   1.3600550159422146E-005   2.3623306421833573E-004   7.4137812377106635E-002  0.65729054845474000     
   3.0862207338959722E-009   8.0842318965512947E-012   1.5376252575571813E-007   2.4438479023149515E-006   1.3600550159422146E-005   2.3623306421833573E-004   7.4137812377106635E-002  0.65729054845474000     
   1.7567642795480425E-009   8.0842318965512947E-012   1.5376252575571813E-007   2.4438479023149515E-006   1.3600550159422146E-005   2.3623306421833573E-004   7.4137812377106635E-002  0.65729054845474000     
   1.0000000000000007E-009   8.0842318965512947E-012   1.5376252575571813E-007   2.4438479023149515E-006   1.3600550159422146E-005   2.3623306421833573E-004   7.4137812377106635E-002  0.65729054845474000     
