   979.40230812007405      -0.47004451788492518      -0.10147880474076265       -0.0000000000000000       -0.0000000000000000       -0.0000000000000000       -0.0000000000000000       0.18599980752181997     
   557.50354189353186      -0.50555288561972012      -0.19172070560203369       -0.0000000000000000       -0.0000000000000000       -0.0000000000000000       -0.0000000000000000       0.25195631575616034     
   317.34681105706369      -0.62041837876623773      -0.31927797736110247       -0.0000000000000000       -0.0000000000000000       -0.0000000000000000       -0.0000000000000000       0.31052252809245823     
   180.64279582159207      -0.61934320222060946      -0.35203875583007815       -6.0146793969112766E-002  -0.0000000000000000       -0.0000000000000000       -0.0000000000000000       0.29578647994608753     
   102.82699729531451      -0.57036626282496483      -0.35190510541603520      -0.11652274119378675       -0.0000000000000000       -0.0000000000000000       -0.0000000000000000       0.29162146029720198     
   58.532040121949890      -0.51025799157795371      -0.34735516202847816      -0.15297193884683732       -0.0000000000000000       -0.0000000000000000       -0.0000000000000000       0.27630575430720600     
   33.318095548372689      -0.46965936466115010      -0.33928761224197607      -0.16622620098247889       -0.0000000000000000       -0.0000000000000000       -0.0000000000000000       0.26024126081267407     
   18.965603943714228      -0.42067255952136412      -0.30899971001686050      -0.16793865193305457       -0.0000000000000000       -0.0000000000000000       -0.0000000000000000       0.24342803607485936     
   10.795759092160859      -0.37554778799731958      -0.28214987271657982      -0.16322342438862561       -1.4936795217451310E-002  -0.0000000000000000       -0.0000000000000000       0.22586617506219367     
   6.1452519372367016      -0.33294929849445509      -0.25148293515702558      -0.14947388952363264       -3.8009917500636828E-002  -0.0000000000000000       -0.0000000000000000       0.20966747804561919     
   3.4980515079790142      -0.29185397468495250      -0.21985105635100263      -0.13658909761299376       -4.5215602816674638E-002  -0.0000000000000000       -0.0000000000000000       0.23107460311280478     
   1.9911900240133202      -0.24928016826926211      -0.19099293653845748      -0.12183970393478642       -4.7590577867831121E-002  -0.0000000000000000       -0.0000000000000000       0.20959503983409608     
   1.1334417754245223      -0.20742841139420942      -0.16447228640845821      -0.10756471316007228       -4.6351090064284908E-002  -0.0000000000000000        1.8451246400314571E-002  0.19379909780118032     
  0.64518717087993060      -0.17719797065857509      -0.13746454808368569       -9.1678667773052988E-002  -4.2643442375703777E-002  -0.0000000000000000        2.6595271246047533E-002  0.18949153461885834     
  0.36725881690053191      -0.14543687459428448      -0.11223719036977241       -7.6181828209477331E-002  -3.8878296810340419E-002  -0.0000000000000000        5.0582225155871546E-002  0.17468345631818213     
  0.20905412363861103      -0.11727730711652913       -8.9441517216900163E-002  -6.2913925757219907E-002  -3.4160684769651319E-002  -0.0000000000000000        5.4303250039022095E-002  0.17617504253472407     
  0.11899953002937490       -9.1717367892987858E-002  -6.9049188491874108E-002  -5.0489669985531678E-002  -2.9569232573883098E-002  -4.0650934877158587E-003   4.3782844149431170E-002  0.15938856443672306     
   6.7737903949179473E-002  -6.9180631568359227E-002  -5.2054677684341390E-002  -3.9468758986163838E-002  -2.5009724446210996E-002  -9.3575275233358166E-003   3.4157231034439163E-002  0.13837080534736801     
   3.8558334056408593E-002  -5.4840657453599700E-002  -3.9313040906298037E-002  -3.0334711886975306E-002  -2.0759784019476452E-002  -1.1016880976185490E-002   3.5441695566460582E-002  0.11657500894296791     
   2.1948496167242357E-002  -5.2238307336440158E-002  -3.4377679830724886E-002  -2.2369446545621351E-002  -1.6289828524577350E-002  -9.6570519795219963E-003   3.3968887749714703E-002  0.11065742791281728     
   1.2493705856137398E-002  -6.2585417360067064E-002  -3.0887223143285205E-002  -1.6719957561594941E-002  -1.1794368183772634E-002  -7.1606384307647073E-003   4.1072225198810111E-002  0.14381035850378351     
   7.1117713409744304E-003  -5.2234537699230685E-002  -2.9926750912160134E-002  -1.3217039939483812E-002  -8.1638084606191971E-003  -4.3527918595175205E-003   4.5878747588052153E-002  0.76639815093929753     
   4.0482217357038133E-003  -6.3686197704068595E-002  -2.8623309719550346E-002  -1.0540975334737846E-002  -5.3325041564148135E-003  -5.0512546896042316E-004  0.13397701330508277        1.5599789482545907     
   2.3043625048804364E-003  -7.9329038931779922E-002  -2.6200524244341206E-002  -7.8348205669197136E-003  -3.2432182367085330E-003   3.6030025529903663E-002  0.54815103059732828        1.8389602445115305     
   1.3117084242362136E-003  -7.2070242501162632E-002  -2.2369548723818140E-002  -6.2705039160823499E-003  -1.6849068780839175E-003  0.19320138120622513        1.2628120324100469        3.0798321581810244     
   7.4666159797697590E-004  -1.1691455607806271       -1.9323664029508577E-002  -4.8748663700411308E-003  -5.3073528041561245E-004  0.46356980072196025        1.8772001860476815        3.6951130404357251     
   4.2502093574504289E-004  -1.2274168210438487       -2.4007037398126253E-002  -3.7104046533604743E-003   2.4031528398896693E-002  0.75262873385268503        2.0449050458308089        3.0767577049377235     
   2.4193395818270278E-004  -1.4878036527426344       -5.8666376164179038E-002  -3.0960375091697093E-003  0.10249330295912784       0.87977044882725375        2.0587087175172596        3.3496878025514176     
   1.3771566339278239E-004  -1.5508838223086088      -0.16759105928077345       -2.6795053954393553E-003  0.19637380251317268       0.92595118775590834        1.9942038447553618        3.5528751603423849     
   7.8391657319109545E-005  -1.6434504085402311      -0.45751086368988841       -2.7719631236079981E-003  0.23065390677403591       0.91486991431126252        2.0457221520783282        3.2789349474880054     
   4.4622752313291112E-005  -2.5493643212941941      -0.74434518159521668       -4.2917558639960799E-003  0.22996617580215969       0.85184588259084260        1.9528407135920649        3.0599397428407515     
   2.5400534854209896E-005  -2.4347479125693181       -1.0114321201779879       -4.4825623688335425E-002  0.21607796687097769       0.79456117509539137        1.9107254405406142        3.2446527408755705     
   1.4458704078810472E-005  -3.0524716166666521       -1.0837694961863569      -0.14577932362516019       0.18738238549768804       0.77816600760881049        1.8219269636880062        3.3531802592864284     
   8.2303040010184139E-006  -2.5043931725508926       -1.2479526069506484      -0.26782640756788273       0.15120167115009103       0.71842723267641795        1.7672790487125851        3.1459159938972614     
   4.6849222157088578E-006  -3.1750228371249296       -1.4815837157432248      -0.38430643396133962       0.10592808319265072       0.67727662033876701        1.8776170522021278        3.3462755703288529     
   2.6667904568927830E-006  -3.2076827360401725       -1.6697159522360239      -0.48449713673827377        6.1650768244902190E-002  0.62651061574337263        1.8979874187424239        3.3707743910983612     
   1.5180126827139621E-006  -4.4011006156864516       -1.7745911858549057      -0.59378677652502077        1.1312337088960464E-002  0.56763308106095856        1.8566100743567007        3.2498827994028399     
   8.6409582684849018E-007  -4.2182268172176425       -1.7979028692153645      -0.66047165941182928       -1.2163106649892069E-002  0.52402827193453128        1.8069717079034364        2.7459746002908565     
   4.9186782592755769E-007  -3.0980098423359030       -1.9646431958715300      -0.70386928014028649       -4.5965176386801386E-002  0.42957475448869809        1.3733671818270774        3.2899438358432098     
   2.7998510195921068E-007  -3.5915893505242740       -1.9144389681122485      -0.75408000441644329       -7.0858445451141616E-002  0.41287984188465104        1.4041259930567058        3.3029203442802753     
   1.5937545248315374E-007  -4.2630735880504034       -2.1086032304122435      -0.81401327701940474       -9.5908390259039397E-002  0.39027895513454008        1.4705188862768099        3.1622476194723359     
   9.0721022927535153E-008  -5.0900347693446983       -2.3073962592157735      -0.85071722751326351      -0.11647010467235136       0.39533537010290642        1.6010208350216650        2.5666583563713909     
   5.1640976529232913E-008  -4.5250425803757164       -2.1340550873185609      -0.81540680986938596      -0.10141738132974056       0.39174740740724356        1.6704705181718473        3.3485347565185761     
   2.9395506915998130E-008  -4.6499147829017415       -2.0825343888714571      -0.80550553100977440      -0.11501684313413264       0.41430447582405511        1.6961147561693881        4.1383710341219384     
   1.6732755360645565E-008  -4.4588001795461176       -2.1687248535715624      -0.79371013313690608      -0.11047061124053337       0.45420031780422854        1.6342875574223648        3.4263550912176832     
   9.5247584183293182E-009  -4.3001606995131638       -1.8651405201297351      -0.81614473159910339      -0.11499534137769565       0.50928283930521789        1.6098464224444529        3.9807608666636445     
   5.4217623441089843E-009  -4.6213257227413846       -1.9691408022166201      -0.95218447495389213      -0.11384489255581920       0.65793292585443297        1.7793983160424394        4.4744306649580707     
   3.0862207338959722E-009  -5.2542964877925620       -2.6173156811056293       -1.3649088342535067      -0.10135132985092250       0.91161649113287901        2.0846116143025628        4.3529883980944586     
   1.7567642795480425E-009  -5.9175664124623513       -4.1021200834886864       -2.0466636106158300      -0.10177130516629126        1.4381611307499238        3.6586478756837604        5.5516236910490564     
   1.0000000000000007E-009  -11.153168184959219       -6.6439815240795532       -2.3974020009762338       -7.2720846857653038E-002   1.8004730652455256        6.2243117442587756        10.186515461172734     
