#  lambda [mu]     flux/flux_star
      6.030151     4.3073405E-009     0.0000000E+000
      6.090755     4.6294551E-009     0.0000000E+000
      6.151969     5.2028370E-009     0.0000000E+000
      6.213798     4.2912116E-009     0.0000000E+000
      6.276248     3.3219330E-009     0.0000000E+000
      6.339326     4.5427540E-009     0.0000000E+000
      6.403038     7.2119642E-009     0.0000000E+000
      6.467390     1.1509348E-008     0.0000000E+000
      6.532389     1.0487263E-008     0.0000000E+000
      6.598041     9.2178743E-009     0.0000000E+000
      6.664353     8.9089786E-009     0.0000000E+000
      6.731331     8.2711326E-009     0.0000000E+000
      6.798983     9.2224299E-009     0.0000000E+000
      6.867314     1.1211957E-008     0.0000000E+000
      6.936333     1.1138104E-008     0.0000000E+000
      7.006044     1.3286203E-008     0.0000000E+000
      7.076457     1.3798334E-008     0.0000000E+000
      7.147577     1.6466448E-008     0.0000000E+000
      7.219412     2.2323218E-008     0.0000000E+000
      7.291969     3.1490776E-008     0.0000000E+000
      7.365255     3.9092246E-008     0.0000000E+000
      7.439278     4.0956111E-008     0.0000000E+000
      7.514044     3.8962837E-008     0.0000000E+000
      7.589562     3.3334922E-008     0.0000000E+000
      7.665839     4.8320566E-008     0.0000000E+000
      7.742883     5.2155997E-008     0.0000000E+000
      7.820701     4.9321830E-008     0.0000000E+000
      7.899301     5.3183995E-008     0.0000000E+000
      7.978691     5.1521031E-008     0.0000000E+000
      8.058879     5.2915556E-008     0.0000000E+000
      8.139872     4.6025833E-008     0.0000000E+000
      8.221680     4.6780633E-008     0.0000000E+000
      8.304310     4.0394175E-008     0.0000000E+000
      8.387771     3.8792260E-008     0.0000000E+000
      8.472070     3.6868336E-008     0.0000000E+000
      8.557216     3.6395287E-008     0.0000000E+000
      8.643218     3.9057610E-008     0.0000000E+000
      8.730085     3.9719327E-008     0.0000000E+000
      8.817824     4.1622728E-008     0.0000000E+000
      8.906446     4.5597453E-008     0.0000000E+000
      8.995958     4.7410854E-008     0.0000000E+000
      9.086369     5.1396542E-008     0.0000000E+000
      9.177690     5.5482147E-008     0.0000000E+000
      9.269928     5.8481333E-008     0.0000000E+000
      9.363093     6.1604872E-008     0.0000000E+000
      9.457194     6.4652335E-008     0.0000000E+000
      9.552242     6.8159457E-008     0.0000000E+000
      9.648244     7.2682227E-008     0.0000000E+000
      9.745211     7.3684824E-008     0.0000000E+000
      9.843153     7.7751980E-008     0.0000000E+000
      9.942079     7.9718092E-008     0.0000000E+000
     10.042000     8.4974961E-008     0.0000000E+000
     10.142920     8.4841831E-008     0.0000000E+000
     10.244860     8.9508571E-008     0.0000000E+000
     10.347830     1.2218997E-007     0.0000000E+000
     10.451820     1.0313851E-007     0.0000000E+000
     10.556870     1.0473680E-007     0.0000000E+000
     10.662970     1.1490285E-007     0.0000000E+000
     10.770130     1.4022264E-007     0.0000000E+000
     10.878380     1.2110351E-007     0.0000000E+000
     10.987710     1.2663495E-007     0.0000000E+000
     11.098140     1.2842301E-007     0.0000000E+000
     11.209670     1.3920525E-007     0.0000000E+000
     11.322330     1.4113736E-007     0.0000000E+000
     11.436130     1.5062105E-007     0.0000000E+000
     11.551060     1.6080659E-007     0.0000000E+000
     11.667150     1.6593580E-007     0.0000000E+000
     11.784410     1.7638982E-007     0.0000000E+000
     11.902850     1.7656784E-007     0.0000000E+000
     12.022470     1.8870044E-007     0.0000000E+000
     12.143300     1.9182709E-007     0.0000000E+000
     12.265350     2.0546474E-007     0.0000000E+000
     12.388620     2.1203592E-007     0.0000000E+000
     12.513130     2.1799648E-007     0.0000000E+000
     12.638890     2.2517001E-007     0.0000000E+000
     12.765910     2.3187216E-007     0.0000000E+000
     12.894210     2.4015128E-007     0.0000000E+000
     13.023800     2.4901373E-007     0.0000000E+000
     13.154690     2.5850306E-007     0.0000000E+000
     13.286900     2.6902940E-007     0.0000000E+000
     13.420440     2.8217836E-007     0.0000000E+000
     13.555320     2.9341591E-007     0.0000000E+000
     13.691550     3.0141092E-007     0.0000000E+000
     13.829150     3.2286636E-007     0.0000000E+000
     13.968140     3.3066144E-007     0.0000000E+000
     14.108520     3.4996134E-007     0.0000000E+000
     14.250320     3.7536075E-007     0.0000000E+000
     14.393540     4.0065937E-007     0.0000000E+000
     14.538200     4.2461218E-007     0.0000000E+000
     14.684310     4.4136991E-007     0.0000000E+000
     14.831890     4.5069040E-007     0.0000000E+000
     14.980950     4.7289575E-007     0.0000000E+000
     15.131520     4.6007746E-007     0.0000000E+000
     15.283590     4.7891390E-007     0.0000000E+000
     15.437190     4.9336143E-007     0.0000000E+000
     15.592340     4.8541587E-007     0.0000000E+000
     15.749050     4.8719167E-007     0.0000000E+000
     15.907330     4.8517684E-007     0.0000000E+000
     15.993430     4.8961905E-007     0.0000000E+000
