   6.0301510000000009        1.9017715100914417E-008   5.9010899559475179E-009   1.8733017480762509E-008
   6.0907549999999997        2.0273880617225009E-008   6.0052187826678779E-009   2.0228230205933004E-008
   6.1519690000000002        2.1572402454665914E-008   6.2233752405205741E-009   2.1591060686756847E-008
   6.2137979999999997        2.2509696265278421E-008   5.8418535311022995E-009   2.1494650734966590E-008
   6.2762479999999998        2.2416849081727575E-008   5.8231677915607154E-009   2.0515331617673705E-008
   6.3393259999999998        2.4911186217642588E-008   6.2884103306773544E-009   2.3170818464386311E-008
   6.4030379999999996        2.9081055295820951E-008   7.3968122760653236E-009   2.8406364884566086E-008
   6.4673900000000000        3.5430028910926127E-008   8.4677418273640914E-009   3.6609562420313221E-008
   6.5323890000000011        3.2375495915263151E-008   8.3092183692366206E-009   3.3567382993483496E-008
   6.5980410000000012        2.9669789001634068E-008   1.0943520568117961E-008   3.0159899660077507E-008
   6.6643530000000002        3.1691067269698024E-008   9.7365690063726024E-009   3.1580381030622274E-008
   6.7313310000000008        3.5435618059785297E-008   8.2297388800736420E-009   3.4182049221272627E-008
   6.7989830000000007        3.9054533667596814E-008   8.5923332770842288E-009   3.7658118578504296E-008
   6.8673140000000004        4.1953309365002684E-008   8.9767372880356238E-009   4.1050764173828008E-008
   6.9363330000000003        4.4591970644988852E-008   8.5977495340824434E-009   4.2905631189700624E-008
   7.0060440000000010        4.7527877849486733E-008   9.5144715250567828E-009   4.6482512580591458E-008
   7.0764570000000004        5.0686627325970875E-008   1.0125033774449442E-008   4.9418422814065957E-008
   7.1475770000000001        5.5196517064745745E-008   1.1871395518133364E-008   5.5220627600536697E-008
   7.2194120000000011        6.1441314826763794E-008   1.5041612468548314E-008   6.4584311432773003E-008
   7.2919690000000008        6.9013192526498586E-008   1.9166302024412540E-008   7.6381030054346511E-008
   7.3652550000000012        7.5949982751044463E-008   2.2286523742864213E-008   8.5609533577505896E-008
   7.4392779999999998        7.9557626332727839E-008   2.2015623293840900E-008   8.9231853632660089E-008
   7.5140440000000002        8.0508100496343348E-008   2.0432098263540331E-008   8.8071031883613112E-008
   7.5895620000000008        7.8960804899786270E-008   1.7507735840559510E-008   8.2872189658295848E-008
   7.6658390000000001        8.9045055073764660E-008   2.7888037023780016E-008   1.0247548490119146E-007
   7.7428830000000000        9.4344341665711655E-008   2.7276611447318124E-008   1.0548082688066143E-007
   7.8207009999999997        9.5396907267618800E-008   2.4764617178892022E-008   1.0390574532424817E-007
   7.8993010000000004        9.9123381867369215E-008   2.3955642371606574E-008   1.0788985190799262E-007
   7.9786910000000013        1.0015950453073173E-007   2.2319338155008665E-008   1.0659388269322258E-007
   8.0588790000000010        1.0302024138807730E-007   2.2057366177352186E-008   1.0810344084281349E-007
   8.1398720000000022        1.0152841181725082E-007   1.9377317601241440E-008   1.0334039830726473E-007
   8.2216799999999992        1.0352171665392448E-007   1.8536233140485145E-008   1.0450176248359208E-007
   8.3043099999999992        1.0124081698900437E-007   1.5735951943306858E-008   9.8983068886551126E-008
   8.3877710000000008        1.0035305994374792E-007   1.3685584390825937E-008   9.7554019773657796E-008
   8.4720700000000004        9.7355237153793628E-008   1.0980881022079653E-008   9.4669495435171377E-008
   8.5572160000000004        9.7459302371966786E-008   1.0016699191784983E-008   9.4344773056597192E-008
   8.6432179999999992        9.9302004910131118E-008   8.6251702581283713E-009   9.6347352084310326E-008
   8.7300850000000008        9.8838522798956815E-008   7.4135205457194814E-009   9.6607978773209116E-008
   8.8178239999999999        1.0022690116243943E-007   6.7674115436159143E-009   9.8800831298697892E-008
   8.9064460000000008        1.0373713431663620E-007   6.2278195897724196E-009   1.0284648855838814E-007
   8.9959579999999999        1.0400863561530750E-007   5.5994936005444697E-009   1.0433591878227448E-007
   9.0863689999999995        1.0786163423714406E-007   5.3733496953639614E-009   1.0860913818331799E-007
   9.1776900000000001        1.1318411015317660E-007   5.7819896692700137E-009   1.1321160337695294E-007
   9.2699280000000002        1.1562594953570630E-007   5.3038567164156380E-009   1.1605128467846950E-007
   9.3630929999999992        1.1846917422744658E-007   5.4808445927801977E-009   1.1962927825022745E-007
   9.4571939999999994        1.2161219783628552E-007   5.0865593758137961E-009   1.2292045943454507E-007
   9.5522419999999997        1.2453597519699330E-007   5.5327697063735342E-009   1.2634535564167368E-007
   9.6482440000000000        1.2867867858703405E-007   5.2159728071827680E-009   1.3087836461560434E-007
   9.7452110000000012        1.3011694263249544E-007   5.1756094016959236E-009   1.3249607410222216E-007
   9.8431530000000009        1.3325886052001000E-007   4.9678161038534932E-009   1.3654129466818296E-007
   9.9420790000000014        1.3594962737334189E-007   5.3421121247807514E-009   1.3882666720996540E-007
   10.042000000000000        1.4092544529864672E-007   4.9567611267362046E-009   1.4391793627092297E-007
   10.142920000000000        1.4201058769452030E-007   7.8063287632590901E-009   1.4500191106330935E-007
   10.244860000000001        1.4755748623852124E-007   6.2662174132069149E-009   1.4980653131354540E-007
   10.347830000000000        1.7006766536779914E-007   1.5375356986170419E-008   1.7344901021142143E-007
   10.451820000000000        1.5887864067365025E-007   9.7051301337519965E-009   1.6308656637896264E-007
   10.556870000000000        1.6124656072085040E-007   6.4385853783038764E-009   1.6438858105824598E-007
   10.662970000000000        1.6906768889902203E-007   7.7135333581538913E-009   1.7231082239312165E-007
   10.770130000000002        1.8479433201541814E-007   1.5829051826214401E-008   1.8906331584457870E-007
   10.878380000000000        1.7228146905916235E-007   5.4379989681628027E-009   1.7673794381675028E-007
   10.987710000000002        1.7635975072230263E-007   5.2492318177751508E-009   1.8108621283037611E-007
   11.098140000000003        1.7707641719141343E-007   6.7298858638440452E-009   1.8147344870414210E-007
   11.209670000000001        1.8496791054336524E-007   4.7583562572441895E-009   1.8937389601842453E-007
   11.322330000000001        1.8530607343604669E-007   6.4862766309258750E-009   1.9030593974751576E-007
   11.436130000000002        1.9184505150904524E-007   4.6866167493712711E-009   1.9664184613459631E-007
   11.551060000000000        1.9789171635863501E-007   4.6030415100662453E-009   2.0283767826124802E-007
   11.667149999999999        2.0077396292357322E-007   4.6615126783227320E-009   2.0631369616098424E-007
   11.784409999999999        2.0703830998232911E-007   5.3587969025871008E-009   2.1259001243575365E-007
   11.902850000000001        2.0621981623444294E-007   6.1954948577244061E-009   2.1223791120629333E-007
   12.022470000000000        2.1398162389349318E-007   5.4308273808871535E-009   2.1976071630394134E-007
   12.143300000000000        2.1505253827698468E-007   5.4859353894933053E-009   2.2067054078043602E-007
   12.265350000000000        2.2301515790670343E-007   5.4999302283437504E-009   2.2909467637657130E-007
   12.388620000000001        2.2689557552661829E-007   4.9550900926046390E-009   2.3261876689687806E-007
   12.513130000000000        2.2872432583227723E-007   4.7572625985283516E-009   2.3544379527898915E-007
   12.638890000000000        2.3596855402849994E-007   3.9862370921222615E-009   2.3927930564829925E-007
   12.765910000000002        2.3582267253087441E-007   4.5984899649119231E-009   2.4158643115611024E-007
   12.894209999999999        2.4040124854949784E-007   4.3164678271062593E-009   2.4574661833347147E-007
   13.023800000000001        2.4629033727552449E-007   4.0967308188598177E-009   2.5034564737631487E-007
   13.154690000000000        2.5205280855420090E-007   4.1226620492752596E-009   2.5443604830914273E-007
   13.286899999999999        2.5770604468487526E-007   4.3476391201511035E-009   2.6000854827599625E-007
   13.420439999999999        2.6334966793830831E-007   4.2242492570732367E-009   2.6564869552300873E-007
   13.555320000000000        2.7248485065660542E-007   4.4215386800408689E-009   2.7102913798056431E-007
   13.691549999999999        2.7283081222665550E-007   4.7466554280126596E-009   2.7400633536235386E-007
   13.829150000000002        2.8540222936517807E-007   4.4334901837037576E-009   2.8354392369131346E-007
   13.968140000000002        2.8944632866011089E-007   6.7906023496406794E-009   2.8658305319591822E-007
   14.108520000000002        2.9924470070280523E-007   5.8172362426672723E-009   2.9474841277574996E-007
   14.250320000000002        3.1224264516919405E-007   8.1650328309290006E-009   3.0571120890683420E-007
   14.393540000000002        3.2260181095439744E-007   9.2258249437118994E-009   3.1620584137521955E-007
   14.538200000000000        3.3281948232289485E-007   1.0122008803153236E-008   3.2574492389115237E-007
   14.684310000000000        3.3916082024142772E-007   1.0582496456820028E-008   3.3127217073855885E-007
   14.831890000000000        3.4214814307819979E-007   1.0749150727275383E-008   3.3363874149252372E-007
   14.980950000000000        3.5321428531968236E-007   1.1357216482137446E-009   3.5278787523714778E-007
   15.131520000000000        3.4001506487013401E-007   1.0117499085987680E-008   3.3308982613083475E-007
   15.283590000000002        3.4615863284248564E-007   1.0288628727019919E-008   3.3730359556099580E-007
   15.437190000000001        3.4663701894537868E-007   8.5892374550186293E-009   3.3919211607742258E-007
   15.592340000000000        3.3683840208393008E-007   6.8763432353885576E-009   3.3212667579511322E-007
   15.749050000000002        3.3106172658632453E-007   6.8788014097385664E-009   3.2863921926317704E-007
   15.907330000000000        3.2372298953669800E-007   6.1755675064794700E-009   3.2298292930568893E-007
   15.993430000000000        3.2123768859917826E-007   7.0191162715164646E-009   3.2280635066724693E-007
