   6.0301510000000009        5.2826293847454985E-009   9.2192374263579358E-009   1.3476329171008445E-008   1.7991760564713729E-008   2.3454136836795171E-008   3.4020252305526853E-008   4.9313329210368986E-008
   6.0907549999999997        6.1885754107296703E-009   1.0332324061345786E-008   1.5098370428153952E-008   1.9487787724965286E-008   2.4899724366543111E-008   3.5437423191497130E-008   5.3275296152685974E-008
   6.1519690000000002        7.3242749437412288E-009   1.1473872890739863E-008   1.6398840082276140E-008   2.1033864353954410E-008   2.6130653474170565E-008   3.7046610381723089E-008   6.2957265590710290E-008
   6.2137979999999997        7.1972096223002513E-009   1.1706815254605451E-008   1.6596038943877213E-008   2.1079863240095562E-008   2.6166619696779695E-008   3.4589508248258610E-008   6.8261376830475484E-008
   6.2762479999999998        7.0145254335354732E-009   1.0918632000211246E-008   1.4996349154960085E-008   2.0270152538591582E-008   2.5301942774624596E-008   3.3130672793220073E-008   6.7914803758492166E-008
   6.3393259999999998        8.2874297569597708E-009   1.2262952890982588E-008   1.7224616263108197E-008   2.2812743421627926E-008   2.8718867404879123E-008   3.8656878519583517E-008   5.3799130549048033E-008
   6.4030379999999996        9.8627659179129702E-009   1.5522770661395296E-008   2.1705029098100792E-008   2.7554195653820936E-008   3.4918567390261299E-008   4.6572713191000471E-008   6.2953361002149089E-008
   6.4673900000000000        1.3744267153790759E-008   1.9372926263426718E-008   2.8372376808964029E-008   3.6339235447151754E-008   4.4580179910628982E-008   5.3501268333881359E-008   7.2358347176277793E-008
   6.5323890000000011        1.4061667349700340E-008   1.9860715731057994E-008   2.6428108178977789E-008   3.2393111321233946E-008   4.0577256037719286E-008   5.4762813346501348E-008   7.5080886058568006E-008
   6.5980410000000012        9.9076999729124939E-009   1.4449500244654880E-008   2.0397714616276989E-008   2.8405156225146045E-008   3.9475634298548784E-008   5.8050143063443068E-008   8.8859079495975878E-008
   6.6643530000000002        1.2782036781124539E-008   1.6939003540010375E-008   2.2821602595004693E-008   3.0140927653963439E-008   3.9709193544298952E-008   5.7696505564061323E-008   8.0538892584610185E-008
   6.7313310000000008        1.4828017840327945E-008   2.0279205087670671E-008   2.6571290167036138E-008   3.3264153036982397E-008   4.1329382457530672E-008   5.5452534488341140E-008   7.4689514977710398E-008
   6.7989830000000007        1.6847347989889928E-008   2.2797207389323837E-008   2.9865504368161889E-008   3.6611774524744658E-008   4.5549584076588276E-008   5.8738467335397823E-008   7.8750998375323443E-008
   6.8673140000000004        1.8845167220583157E-008   2.5067452056068460E-008   3.2970560060816903E-008   4.0014914075029150E-008   4.9086095116188317E-008   6.2626028109669065E-008   8.2701710985554361E-008
   6.9363330000000003        1.9563587725484649E-008   2.6964378527297075E-008   3.4763148967723343E-008   4.2180209376422456E-008   5.1045276457115425E-008   6.1304138833249248E-008   7.9481387825044776E-008
   7.0060440000000010        2.1515881150658565E-008   2.8839815346537146E-008   3.7612548054836617E-008   4.5586374357823247E-008   5.5582103187516198E-008   6.7759011992555912E-008   8.7809004894530509E-008
   7.0764570000000004        2.2844942111287065E-008   3.0631483816469209E-008   3.9726940248506116E-008   4.8518893795587940E-008   5.9432249170206535E-008   7.1443598587141030E-008   8.6609643791029704E-008
   7.1475770000000001        2.4196159108837756E-008   3.3516881585687794E-008   4.3707210413703666E-008   5.4230884930517541E-008   6.6819200135960986E-008   8.1847021677869802E-008   9.6947730530226256E-008
   7.2194120000000011        2.6661003102365054E-008   3.8516114958190208E-008   5.0201752681859513E-008   6.3322212109940831E-008   7.8034891363071579E-008   9.8964365229630221E-008   1.2675421147966107E-007
   7.2919690000000008        3.0952130321064358E-008   4.4303815138100174E-008   5.8347263833688056E-008   7.4568195802774155E-008   9.4044166187995996E-008   1.2220263970067962E-007   1.6339751719507451E-007
   7.3652550000000012        3.4721803129517239E-008   4.7716103966069728E-008   6.4251219346684574E-008   8.3545365271095064E-008   1.0645054366247655E-007   1.3838598836201732E-007   1.7585715106511550E-007
   7.4392779999999998        3.6891165378652446E-008   5.0478766596419559E-008   6.7783910060421373E-008   8.7721837073411618E-008   1.1024886120135587E-007   1.4107198513460543E-007   1.6935229566426561E-007
   7.5140440000000002        3.8831256846671709E-008   5.1110459529627590E-008   6.7685604519140519E-008   8.7357523607101121E-008   1.0840120262250792E-007   1.2949270864925042E-007   1.9216213241580641E-007
   7.5895620000000008        3.7868260700676813E-008   5.0807679722355945E-008   6.4703182137190544E-008   8.2528754786230651E-008   1.0011816086599875E-007   1.1674307879945065E-007   1.5578577604878793E-007
   7.6658390000000001        4.3212978267463965E-008   5.8231717527199508E-008   7.8626707590337550E-008   9.9651254376010874E-008   1.2265146205025670E-007   1.7613824115662667E-007   2.4757181373371566E-007
   7.7428830000000000        4.5080142002399316E-008   5.8714441270039401E-008   7.9731816271294313E-008   1.0301568484209766E-007   1.2935960270257407E-007   1.7524746054233416E-007   2.3256453296132148E-007
   7.8207009999999997        4.7315463580338823E-008   6.0456836123627460E-008   7.9451156435697149E-008   1.0256211454027036E-007   1.2733017730257912E-007   1.5764695585950665E-007   2.1298531161803962E-007
   7.8993010000000004        4.9805694802073985E-008   6.4798583308743462E-008   8.3755544933367322E-008   1.0682603720224646E-007   1.3216315121072516E-007   1.5659885633577875E-007   1.9446084486961466E-007
   7.9786910000000013        5.2355243292921221E-008   6.4184724825503745E-008   8.3611687565910584E-008   1.0613796360611418E-007   1.2985905586181403E-007   1.5143064712802807E-007   1.7621438221077298E-007
   8.0588790000000010        5.4864301404770921E-008   6.6509282756746575E-008   8.4798126422895820E-008   1.0799108175321576E-007   1.3126708797730506E-007   1.5132787449085886E-007   1.7780382834121418E-007
   8.1398720000000022        5.7196687899582172E-008   6.7826383829431776E-008   8.2613282888895596E-008   1.0314670415792253E-007   1.2339046457170223E-007   1.4190866587690002E-007   1.6627233360720111E-007
   8.2216799999999992        6.0504032281498027E-008   7.1382633960607046E-008   8.4678364955691508E-008   1.0411280152493023E-007   1.2381993977892445E-007   1.4240392907811845E-007   1.6601878140590036E-007
   8.3043099999999992        6.2526328123034539E-008   7.2043765861029122E-008   8.2483149377240148E-008   9.8095831385283249E-008   1.1522033068844120E-007   1.3195845612541322E-007   1.5028573040751615E-007
   8.3877710000000008        6.6703288226666689E-008   7.4633401228202153E-008   8.3959853329027435E-008   9.6105637447693488E-008   1.1206786691180521E-007   1.2754959083070138E-007   1.4482479243686644E-007
   8.4720700000000004        6.9639840880620433E-008   7.6092887718513411E-008   8.4066350733123089E-008   9.3157747892677728E-008   1.0613173705819098E-007   1.1976975145932944E-007   1.3034357924087402E-007
   8.5572160000000004        7.1906728508674760E-008   7.7653303458987277E-008   8.4817289684448640E-008   9.2884290968618935E-008   1.0472289247156206E-007   1.1750523091331561E-007   1.2715789208107351E-007
   8.6432179999999992        7.6172023865330586E-008   8.1793553585592884E-008   8.8128749130211368E-008   9.5132391575162367E-008   1.0505914146142388E-007   1.1654566449773890E-007   1.2659546335902859E-007
   8.7300850000000008        7.9597018173725022E-008   8.4158485316920743E-008   8.9451333784001058E-008   9.5922890997457862E-008   1.0381914743414575E-007   1.1379379148358427E-007   1.2317639239999721E-007
   8.8178239999999999        8.1988394938035698E-008   8.6887766020906151E-008   9.2184454635133804E-008   9.8297886447519158E-008   1.0533359272126266E-007   1.1402905065888475E-007   1.2258283708602829E-007
   8.9064460000000008        8.5378634653684517E-008   9.1658341614360308E-008   9.6707652026151775E-008   1.0244381979019091E-007   1.0891345800349287E-007   1.1611352995181774E-007   1.2476469483431331E-007
   8.9959579999999999        8.7698362981877401E-008   9.3601731673047401E-008   9.8753253306666891E-008   1.0418838087776620E-007   1.0978914331055745E-007   1.1598410960334702E-007   1.2319065874088440E-007
   9.0863689999999995        9.1722146192067625E-008   9.8389273057455177E-008   1.0324950838130100E-007   1.0853622756224888E-007   1.1388476174640637E-007   1.1945845754578081E-007   1.2525628366477286E-007
   9.1776900000000001        8.6562218118091773E-008   1.0208265800285584E-007   1.0763578549565861E-007   1.1331123017726827E-007   1.1874795121682142E-007   1.2465557616915613E-007   1.3062913183862649E-007
   9.2699280000000002        9.7512757090536585E-008   1.0589311255153354E-007   1.1075281423913920E-007   1.1600126262781495E-007   1.2117652239546305E-007   1.2669344575817293E-007   1.3127060530381574E-007
   9.3630929999999992        9.6323333647083262E-008   1.0842275070691443E-007   1.1443751163271766E-007   1.1968046034631897E-007   1.2467792015425820E-007   1.3026418743014686E-007   1.3647360002713151E-007
   9.4571939999999994        1.0614087007593819E-007   1.1343034954928156E-007   1.1783587751750925E-007   1.2287610066370491E-007   1.2780457453241766E-007   1.3333841219474504E-007   1.3792162037962667E-007
   9.5522419999999997        1.0042579458590318E-007   1.1502287014995063E-007   1.2129972818305465E-007   1.2644295998042107E-007   1.3145092017183888E-007   1.3701428341277557E-007   1.4298703302288084E-007
   9.6482440000000000        1.1227840363545354E-007   1.2036245932579960E-007   1.2578995708138032E-007   1.3082509528777225E-007   1.3589274916597007E-007   1.4149117198703708E-007   1.4696355201471122E-007
   9.7452110000000012        1.1307807853870801E-007   1.2214912126019442E-007   1.2763510849064247E-007   1.3255842830627367E-007   1.3770967486153353E-007   1.4275181343429877E-007   1.4833216740882271E-007
   9.8431530000000009        1.2190014499238718E-007   1.2692996351147339E-007   1.3162369221390693E-007   1.3648306099948072E-007   1.4152237599996766E-007   1.4668605233707289E-007   1.5206588062171950E-007
   9.9420790000000014        1.1062330003832672E-007   1.2852626098205102E-007   1.3379594258321140E-007   1.3879517996101564E-007   1.4409127611497875E-007   1.4940858229928843E-007   1.5523297463382404E-007
   10.042000000000000        1.2829261656355212E-007   1.3431709738970396E-007   1.3898670777574739E-007   1.4383634596921880E-007   1.4882505690158608E-007   1.5390140422444227E-007   1.5934588797569560E-007
   10.142920000000000        1.2318893243949773E-007   1.3204148839338966E-007   1.3846763313366470E-007   1.4434102542458428E-007   1.5105082711588986E-007   1.6167847251779155E-007   1.9083896475022185E-007
   10.244860000000001        1.3200607197916629E-007   1.3826410079359646E-007   1.4402620154748767E-007   1.4950047780158938E-007   1.5573968606153553E-007   1.6269057646562694E-007   1.7831638322268145E-007
   10.347830000000000        1.2865933435549968E-007   1.4940108321510154E-007   1.5844474563195626E-007   1.7129925935831875E-007   1.8918309446178318E-007   2.0756923238080306E-007   2.2654314611935541E-007
   10.451820000000000        1.4094596652577154E-007   1.5032818084909080E-007   1.5642470699442443E-007   1.6212847474059265E-007   1.6846893977841620E-007   1.8120383672262003E-007   2.4950458859075352E-007
   10.556870000000000        1.4981721759931349E-007   1.5410830065657613E-007   1.5887026980038802E-007   1.6387850453169882E-007   1.6924458169493732E-007   1.7694401722752629E-007   2.2267296802622595E-007
   10.662970000000000        1.4983587304178200E-007   1.5886258956325875E-007   1.6556788997414595E-007   1.7162921018076713E-007   1.7887746581262421E-007   1.8944910505482723E-007   2.1716756967845050E-007
   10.770130000000002        1.4167127244483079E-007   1.6549705246306036E-007   1.7428398098559304E-007   1.8597827054419892E-007   2.0507147660598429E-007   2.2571241149747220E-007   2.5012974621715437E-007
   10.878380000000000        1.6246778630982008E-007   1.6684211459220470E-007   1.7162667108658951E-007   1.7646352582804012E-007   1.8149339301815096E-007   1.8825845183863087E-007   2.0621563545483311E-007
   10.987710000000002        1.6563499998241892E-007   1.7166363597092789E-007   1.7621804161445359E-007   1.8082744324624058E-007   1.8555301987965823E-007   1.9212193013878904E-007   2.1185319000242284E-007
   11.098140000000003        1.5710085172100703E-007   1.6900762549945490E-007   1.7526255241154460E-007   1.8127327775144346E-007   1.8740274452835890E-007   1.9514246803857559E-007   2.1521028337360673E-007
   11.209670000000001        1.6909350901540905E-007   1.7916493921172567E-007   1.8479928391431710E-007   1.8951331317041999E-007   1.9390193238077702E-007   1.9821837925465366E-007   2.0377045815382417E-007
   11.322330000000001        1.6720998819387037E-007   1.7811632655929490E-007   1.8425292146440342E-007   1.9031024851712792E-007   1.9600807879300623E-007   2.0240954739316995E-007   2.2272898524452852E-007
   11.436130000000002        1.7844101858908287E-007   1.8707457891197756E-007   1.9196995199521683E-007   1.9664899350908319E-007   2.0114927790738314E-007   2.0571277240961090E-007   2.0924013958221364E-007
   11.551060000000000        1.8396071619326599E-007   1.9264881651689883E-007   1.9833464332092062E-007   2.0315687472766305E-007   2.0731439117879835E-007   2.1137624616469478E-007   2.1545403437348675E-007
   11.667149999999999        1.8652297247460544E-007   1.9665330400852038E-007   2.0175692821446559E-007   2.0643800722557740E-007   2.1076628722706320E-007   2.1537578376735297E-007   2.1928468642135484E-007
   11.784409999999999        1.8713009434591063E-007   2.0124341552872881E-007   2.0780179886218126E-007   2.1300941348610060E-007   2.1735547742324843E-007   2.2198729729712842E-007   2.2822053603588717E-007
   11.902850000000001        1.8900034585500524E-007   1.9918443132101021E-007   2.0657500468496785E-007   2.1235128071545054E-007   2.1766113021465149E-007   2.2350078306369660E-007   2.4231524233381083E-007
   12.022470000000000        1.8918342245425501E-007   2.0751093242237597E-007   2.1501460685529292E-007   2.2019552919114077E-007   2.2456205845850301E-007   2.2936743786771976E-007   2.3609620246459656E-007
   12.143300000000000        1.9761403061478397E-007   2.0855041297039886E-007   2.1535763919365294E-007   2.2095111200265038E-007   2.2592473168801239E-007   2.3072176602501417E-007   2.3968219165898051E-007
   12.265350000000000        2.0363344960322878E-007   2.1772118144664329E-007   2.2414269257869457E-007   2.2940262416871167E-007   2.3399191046116392E-007   2.3942623140518764E-007   2.4640043098441243E-007
   12.388620000000001        2.1440364153964574E-007   2.2194137108914356E-007   2.2789911339739886E-007   2.3283697576040371E-007   2.3730241586710515E-007   2.4204032876808158E-007   2.4789900725105605E-007
   12.513130000000000        2.1848797420618399E-007   2.2587504770275011E-007   2.3082909660800479E-007   2.3563568924571019E-007   2.3989444639968011E-007   2.4480352690094797E-007   2.5152974137257908E-007
   12.638890000000000        2.2466872177492803E-007   2.3086856717570390E-007   2.3543580645941850E-007   2.3934904528245241E-007   2.4322957972878736E-007   2.4694256278883378E-007   2.5068490324496639E-007
   12.765910000000002        2.2440054035045909E-007   2.3192301264320516E-007   2.3699738376150756E-007   2.4178694823124051E-007   2.4604433112197178E-007   2.5039809032395815E-007   2.5487792626099834E-007
   12.894209999999999        2.3119147838595639E-007   2.3694942448282944E-007   2.4137940162424719E-007   2.4587536230919904E-007   2.5002046546041477E-007   2.5442243864543003E-007   2.5849866377347455E-007
   13.023800000000001        2.3573575222437952E-007   2.4200119612036351E-007   2.4624760316120081E-007   2.5043419963958339E-007   2.5433118033288762E-007   2.5850952964499197E-007   2.6287062883136895E-007
   13.154690000000000        2.3782528907147631E-007   2.4618332587563862E-007   2.5044586403940953E-007   2.5451009253299933E-007   2.5851652066730160E-007   2.6285401399702570E-007   2.6737283418887623E-007
   13.286899999999999        2.4671502312432948E-007   2.5194718068418146E-007   2.5594057647061497E-007   2.5981836547414411E-007   2.6394424719677700E-007   2.6970889188548634E-007   2.7987241800429595E-007
   13.420439999999999        2.5034031601627927E-007   2.5726430048068865E-007   2.6175533560096681E-007   2.6564987640052718E-007   2.6945959424988334E-007   2.7466780501286764E-007   2.8176466524417518E-007
   13.555320000000000        2.5809188651196468E-007   2.6274995122032907E-007   2.6685121975191910E-007   2.7080955755106530E-007   2.7501614253843075E-007   2.8137947273297624E-007   2.8871691574454999E-007
   13.691549999999999        2.6217227178585780E-007   2.6589757602325361E-007   2.6971455631719458E-007   2.7350328164728733E-007   2.7769004214995113E-007   2.8635483728339953E-007   2.9720278903339670E-007
   13.829150000000002        2.6877254131797733E-007   2.7536435899597748E-007   2.7923831389121082E-007   2.8340111233397791E-007   2.8739595774994989E-007   2.9333557861623294E-007   3.0224139248593683E-007
   13.968140000000002        2.7096675548165166E-007   2.7647432971375784E-007   2.8097650093818854E-007   2.8587253366304821E-007   2.9114426247095514E-007   3.0637409440841730E-007   3.2467540893269570E-007
   14.108520000000002        2.7939664130669058E-007   2.8391654241477083E-007   2.8885356838940187E-007   2.9455428057023239E-007   3.0019538668036232E-007   3.0741696987047273E-007   3.1354922049679168E-007
   14.250320000000002        2.8473222645475135E-007   2.9068343080805483E-007   2.9704504965098608E-007   3.0577804660718263E-007   3.1411961280114767E-007   3.2217943073042821E-007   3.3053148047291613E-007
   14.393540000000002        2.8852846930598081E-007   2.9845717369982492E-007   3.0649034781202839E-007   3.1635063532407271E-007   3.2560777973902381E-007   3.3415184567561876E-007   3.4026861305933329E-007
   14.538200000000000        2.9854045757520651E-007   3.0559294313819094E-007   3.1474144778968599E-007   3.2613599161841563E-007   3.3601398390631323E-007   3.4476060959533209E-007   3.5089802706109288E-007
   14.684310000000000        2.9664913965453709E-007   3.0964933228661873E-007   3.2006862291751558E-007   3.3224413869765058E-007   3.4170222012404141E-007   3.5081335984549914E-007   3.5752695441129285E-007
   14.831890000000000        3.0003434729383341E-007   3.1145238639258857E-007   3.2198545362798314E-007   3.3445215455543054E-007   3.4411695597876235E-007   3.5331674896886535E-007   3.6321972581617601E-007
   14.980950000000000        3.4900946240654440E-007   3.5051776299153859E-007   3.5166845353582931E-007   3.5275994435535150E-007   3.5393799020125849E-007   3.5497082848059505E-007   3.5630985391436438E-007
   15.131520000000000        3.0319700049786546E-007   3.1423425479600588E-007   3.2295654431962506E-007   3.3323179614127459E-007   3.4224842169925722E-007   3.5386748514164499E-007   3.7438260057918403E-007
   15.283590000000002        3.0811501076757304E-007   3.1718973544063007E-007   3.2649650166294763E-007   3.3754488052550486E-007   3.4740902365850275E-007   3.5724471387443699E-007   3.7343167358622797E-007
   15.437190000000001        3.1618367666745864E-007   3.2190041135994670E-007   3.3015970836567560E-007   3.3953110060256737E-007   3.4771941412740740E-007   3.5570255151235962E-007   3.6319487227013443E-007
   15.592340000000000        3.1306853824033821E-007   3.1892860930688723E-007   3.2511592292283765E-007   3.3197504359269749E-007   3.3904892136426500E-007   3.4600405828605886E-007   3.5403733442764473E-007
   15.749050000000002        3.1075279994825602E-007   3.1644879891029470E-007   3.2215368747025865E-007   3.2832959893632536E-007   3.3496929987862234E-007   3.4431496092131364E-007   3.5818626749896669E-007
   15.907330000000000        3.0343595956528499E-007   3.1038077407678476E-007   3.1679270989404137E-007   3.2309049582813698E-007   3.2890249953550805E-007   3.3492091653157408E-007   3.4119561997829060E-007
   15.993430000000000        3.0231955232690552E-007   3.1010110884161675E-007   3.1593085737433164E-007   3.2245346383549074E-007   3.2923916586319231E-007   3.3831199637929718E-007   3.4968076334020280E-007
