   6.0301510000000009        1.1937094661348023E-009   2.0832600935751452E-009   3.0452300414325519E-009   4.0655766918928588E-009   5.2999033479332745E-009   7.6875158675092657E-009   1.1143274229122414E-008
   6.0907549999999997        1.4246019105367855E-009   2.3784873934893029E-009   3.4756249912779466E-009   4.4860630730922149E-009   5.7318837616352621E-009   8.1576481552731065E-009   1.2263903022324308E-008
   6.1519690000000002        1.7176012664929046E-009   2.6907152940174598E-009   3.8456596332994311E-009   4.9326100304937527E-009   6.1278479912711872E-009   8.6877275088220522E-009   1.4763984140974740E-008
   6.2137979999999997        1.7194008079931851E-009   2.7967377169934861E-009   3.9647647167554488E-009   5.0359425095947420E-009   6.2511597424772742E-009   8.2633731058586232E-009   1.6307523698265639E-008
   6.2762479999999998        1.7071311492833560E-009   2.6572769564722954E-009   3.6496745233209835E-009   4.9331646349044185E-009   6.1577557964852950E-009   8.0630406230509500E-009   1.6528484798030350E-008
   6.3393259999999998        2.0546815433779186E-009   3.0403229603550926E-009   4.2704556376908238E-009   5.6559059004839372E-009   7.1201963134550736E-009   9.5841023270317822E-009   1.3338282655859225E-008
   6.4030379999999996        2.4910351509598751E-009   3.9205804618758224E-009   5.4820311955063768E-009   6.9593530355851889E-009   8.8193696894216072E-009   1.1762852996809667E-008   1.5900107174053661E-008
   6.4673900000000000        3.5363850168016203E-009   4.9846328947912876E-009   7.3001817496392980E-009   9.3500458277900995E-009   1.1470431891218535E-008   1.3765818257078780E-008   1.8617724170483932E-008
   6.5323890000000011        3.6863744105478772E-009   5.2066396128833248E-009   6.9283321307021907E-009   8.4921036519307438E-009   1.0637640230543884E-008   1.4356493348170009E-008   1.9683032616574035E-008
   6.5980410000000012        2.6471593573030138E-009   3.8606467581341431E-009   5.4499027283525299E-009   7.5893472049644014E-009   1.0547179971595023E-008   1.5509954865740580E-008   2.3741548937917405E-008
   6.6643530000000002        3.4805856158478815E-009   4.6125396975245969E-009   6.2143884486445438E-009   8.2074618495556513E-009   1.0812928348892369E-008   1.5710925480007228E-008   2.1930973587892429E-008
   6.7313310000000008        4.1151028656172110E-009   5.6279278773019772E-009   7.3741206334493137E-009   9.2315380895028840E-009   1.1469817612615759E-008   1.5389304628302429E-008   2.0727992131248880E-008
   6.7989830000000007        4.7651322079192625E-009   6.4480004358354669E-009   8.4472094276133866E-009   1.0355335812000318E-008   1.2883320880587763E-008   1.6613686777983293E-008   2.2274064677078177E-008
   6.8673140000000004        5.4323716069650399E-009   7.2260284673732815E-009   9.5042050963862360E-009   1.1534834397166335E-008   1.4149723708194042E-008   1.8052790563109319E-008   2.3839874772490974E-008
   6.9363330000000003        5.7475737935028522E-009   7.9218473398771439E-009   1.0213043067057000E-008   1.2392096450723134E-008   1.4996558778676505E-008   1.8010503325637587E-008   2.3350785558590435E-008
   7.0060440000000010        6.4423146180779232E-009   8.6352570312453796E-009   1.1262000680340045E-008   1.3649534678787172E-008   1.6642469502462881E-008   2.0288496223302431E-008   2.6291892573202604E-008
   7.0764570000000004        6.9714017501647561E-009   9.3475561832468095E-009   1.2123141281250677E-008   1.4806108917890501E-008   1.8136447177806524E-008   2.1801851184485355E-008   2.6429947572842131E-008
   7.1475770000000001        7.5253032879538633E-009   1.0424162697236127E-008   1.3593480384802052E-008   1.6866472684386073E-008   2.0781593649627300E-008   2.5455431110830142E-008   3.0151937422675543E-008
   7.2194120000000011        8.4508804729756295E-009   1.2208658561919601E-008   1.5912717530520975E-008   2.0071579594019459E-008   2.4735136074923462E-008   3.1369263130437895E-008   4.0177959041828705E-008
   7.2919690000000008        9.9991771369700840E-009   1.4312478359783760E-008   1.8849255947127090E-008   2.4089475938552075E-008   3.0381245706130387E-008   3.9477923758315639E-008   5.2786050628081035E-008
   7.3652550000000012        1.1432061248789773E-008   1.5710400207586055E-008   2.1154542929145889E-008   2.7507089112539191E-008   3.5048558122889231E-008   4.5563218276069034E-008   5.7900498845493811E-008
   7.4392779999999998        1.2381667916447732E-008   1.6942032554775635E-008   2.2750104417470017E-008   2.9441809292699288E-008   3.7002484837511792E-008   4.7347554741696775E-008   5.6839188035420142E-008
   7.5140440000000002        1.3286037065015485E-008   1.7487341767018006E-008   2.3158494559167450E-008   2.9889202431298353E-008   3.7089255226059932E-008   4.4305671937339177E-008   6.5747890258866185E-008
   7.5895620000000008        1.3208302158327751E-008   1.7721521224354117E-008   2.2568218462118409E-008   2.8785708923451810E-008   3.4920825403278725E-008   4.0719532166130120E-008   5.4337473228211740E-008
   7.6658390000000001        1.5365396989530775E-008   2.0705665127953422E-008   2.7957586459966775E-008   3.5433361582138021E-008   4.3611629684119962E-008   6.2630119675111881E-008   8.8030016766996493E-008
   7.7428830000000000        1.6340794603095602E-008   2.1282999174629238E-008   2.8901444741492441E-008   3.7341456174036739E-008   4.6890684097408304E-008   6.3524262130406973E-008   8.4300738557645779E-008
   7.8207009999999997        1.7484353757565075E-008   2.2340449186423724E-008   2.9359368385151188E-008   3.7899497480378580E-008   4.7051971924393734E-008   5.8254848129528198E-008   7.8703879275578952E-008
   7.8993010000000004        1.8762226677142893E-008   2.4410174644240611E-008   3.1551422498015779E-008   4.0242272153303763E-008   4.9786977397570210E-008   5.8992114287920084E-008   7.3255045748714267E-008
   7.9786910000000013        2.0105957482606783E-008   2.4648827265575480E-008   3.2109353896871211E-008   4.0760108240076299E-008   4.9869707247489930E-008   5.8153834481969092E-008   6.7671519674375274E-008
   8.0588790000000010        2.1478994559374078E-008   2.6037924222175677E-008   3.3197880032135251E-008   4.2277761641863147E-008   5.1390157102123155E-008   5.9243816282114426E-008   6.9608969107273154E-008
   8.1398720000000022        2.2827307951257369E-008   2.7069640004555798E-008   3.2971119808196744E-008   4.1166047658282969E-008   4.9245371304927167E-008   5.6636020998477242E-008   6.6359607564855287E-008
   8.2216799999999992        2.4617400463263594E-008   2.9043599576225059E-008   3.4453261081676652E-008   4.2360590391183604E-008   5.0378874397881640E-008   5.7940180471744140E-008   6.7548404167135946E-008
   8.3043099999999992        2.5935759685823033E-008   2.9883568319518807E-008   3.4213797684848302E-008   4.0689897925614000E-008   4.7793096082281853E-008   5.4736027355492839E-008   6.2338133472158841E-008
   8.3877710000000008        2.8207319140549770E-008   3.1560785426871586E-008   3.5504732087537976E-008   4.0640910797097745E-008   4.7390978337379579E-008   5.3937850898477753E-008   6.1243144803428426E-008
   8.4720700000000004        3.0022791151293101E-008   3.2804797472009540E-008   3.6242278256185238E-008   4.0161717398251478E-008   4.5755000814608898E-008   5.1634555576740048E-008   5.6193093033757650E-008
   8.5572160000000004        3.1603982490634475E-008   3.4129680125298605E-008   3.7278349240530477E-008   4.0823905722161909E-008   4.6027131656261763E-008   5.1645142775399360E-008   5.5887618283057104E-008
   8.6432179999999992        3.4130847248004759E-008   3.6649719170347352E-008   3.9488367540802800E-008   4.2626530849826592E-008   4.7074468121864177E-008   5.2221302133472909E-008   5.6724374684286008E-008
   8.7300850000000008        3.6360345791855491E-008   3.8444048503969561E-008   4.0861850136524437E-008   4.3818092260814731E-008   4.7425144649039892E-008   5.1981615671568466E-008   5.6267638208281658E-008
   8.8178239999999999        3.8182415244530346E-008   4.0464077439095632E-008   4.2930772441995294E-008   4.5777828933417463E-008   4.9054393362879119E-008   5.3103912638949346E-008   5.7087454767332996E-008
   8.9064460000000008        4.0535954767772446E-008   4.3517425698355363E-008   4.5914730589573701E-008   4.8638140702262946E-008   5.1709786940716150E-008   5.5128227537779609E-008   5.9235616110902545E-008
   8.9959579999999999        4.2448571589862565E-008   4.5305974624401150E-008   4.7799461702450844E-008   5.0430222345605847E-008   5.3141155104239910E-008   5.6139699902967852E-008   5.9627880372697168E-008
   9.0863689999999995        4.5261235167022453E-008   4.8551197400470238E-008   5.0949530443168709E-008   5.3558316325804153E-008   5.6197605456709234E-008   5.8948002899401745E-008   6.1808999750475192E-008
   9.1776900000000001        4.3565967022500074E-008   5.1377261452038334E-008   5.4172099367272168E-008   5.7028498396924026E-008   5.9764750016499857E-008   6.2738003237710016E-008   6.5744438781542527E-008
   9.2699280000000002        5.0065972769643991E-008   5.4368698493219389E-008   5.6863815025862996E-008   5.9558525768851755E-008   6.2215659279724968E-008   6.5048213122841052E-008   6.7398264049631112E-008
   9.3630929999999992        5.0451632317660664E-008   5.6788989193173215E-008   5.9939362993763175E-008   6.2685481828563030E-008   6.5303020022124837E-008   6.8228960102894130E-008   7.1481287336495907E-008
   9.4571939999999994        5.6713843026350957E-008   6.0608802567376265E-008   6.2962791388642819E-008   6.5655914444131358E-008   6.8289326937826490E-008   7.1246201139912865E-008   7.3695129148214451E-008
   9.5522419999999997        5.4741260051341569E-008   6.2698003761814227E-008   6.6119466537511605E-008   6.8922999140712790E-008   7.1652796323752947E-008   7.4685339060287486E-008   7.7941034880036740E-008
   9.6482440000000000        6.2435120609892734E-008   6.6930455204091319E-008   6.9948546537842715E-008   7.2748456859192288E-008   7.5566448305897929E-008   7.8679586654332033E-008   8.1722635860485124E-008
   9.7452110000000012        6.4146743846605294E-008   6.9292549836557799E-008   7.2404631525289670E-008   7.5197524181138118E-008   7.8119714737797152E-008   8.0980010700073735E-008   8.4145624598037505E-008
   9.8431530000000009        7.0544663987223169E-008   7.3455463292407000E-008   7.6171764525527252E-008   7.8983923101628310E-008   8.1900218102403950E-008   8.4888482079962081E-008   8.8001835051552523E-008
   9.9420790000000014        6.5308621357275659E-008   7.5877983300398823E-008   7.8989042546003936E-008   8.1940439773071283E-008   8.5067093364774537E-008   8.8206268711301604E-008   9.1644812250326536E-008
   10.042000000000000        7.7266249070337340E-008   8.0894587539857370E-008   8.3706933946174016E-008   8.6627704935143298E-008   8.9632234671655934E-008   9.2689544804706716E-008   9.5968570900299321E-008
   10.142920000000000        7.5687455380908471E-008   8.1126478355608447E-008   8.5074710828032085E-008   8.8683331409039857E-008   9.2805843115802603E-008   9.9335483573200100E-008   1.1725173149434652E-007
   10.244860000000001        8.2739117672278190E-008   8.6661541654073232E-008   9.0273126524131108E-008   9.3704307986982025E-008   9.7614935571469260E-008   1.0197163318733343E-007   1.1176561799888254E-007
   10.347830000000000        8.2266633671941149E-008   9.5529206991599621E-008   1.0131185515177399E-007   1.0953121659223987E-007   1.2096639864472047E-007   1.3272276036074188E-007   1.4485495441157932E-007
   10.451820000000000        9.1938944541473020E-008   9.8058955660699636E-008   1.0203571493226759E-007   1.0575627820497762E-007   1.0989215862673498E-007   1.1819912201671215E-007   1.6275164943506185E-007
   10.556870000000000        9.9695251665189377E-008   1.0255073524821908E-007   1.0571956804208329E-007   1.0905227725893541E-007   1.1262311125129183E-007   1.1774666897984543E-007   1.4817681133140328E-007
   10.662970000000000        1.0171714913719600E-007   1.0784499991147759E-007   1.1239694083228582E-007   1.1651171120675591E-007   1.2143224114476706E-007   1.2860887370674335E-007   1.4742575075186173E-007
   10.770130000000002        9.8112763521311351E-008   1.1461302557373027E-007   1.2069830895780966E-007   1.2879705082843161E-007   1.4201982478165566E-007   1.5631446002364491E-007   1.7322439628546389E-007
   10.878380000000000        1.1478299965699105E-007   1.1787344935868783E-007   1.2125372405146015E-007   1.2467094729761258E-007   1.2822453325499265E-007   1.3300402685127939E-007   1.4569072276605276E-007
   10.987710000000002        1.1937918024355968E-007   1.2372423788458614E-007   1.2700676399487956E-007   1.3032892771797229E-007   1.3373482299816910E-007   1.3846927599368200E-007   1.5269031398651733E-007
   11.098140000000003        1.1551050903902698E-007   1.2426512421198305E-007   1.2886414314601458E-007   1.3328360959765737E-007   1.3779038228401213E-007   1.4348111783822879E-007   1.5823624831178736E-007
   11.209670000000001        1.2683403769742447E-007   1.3438843860036036E-007   1.3861466048533904E-007   1.4215057010041972E-007   1.4544239542007372E-007   1.4868008555204861E-007   1.5284460131907487E-007
   11.322330000000001        1.2794930453203634E-007   1.3629484910099584E-007   1.4099057965384483E-007   1.4562565434101353E-007   1.4998564161817870E-007   1.5488405387346192E-007   1.7043251464213847E-007
   11.436130000000002        1.3929580208390190E-007   1.4603538875251858E-007   1.4985684710061321E-007   1.5350943127554890E-007   1.5702247289469830E-007   1.6058485800110222E-007   1.6333841457367262E-007
   11.551060000000000        1.4649918660005879E-007   1.5341805306704264E-007   1.5794602522965860E-007   1.6178626347890980E-007   1.6509714849268526E-007   1.6833185242206145E-007   1.7157924495280006E-007
   11.667149999999999        1.5153390157661818E-007   1.5976392622844907E-007   1.6391018273426924E-007   1.6771315754606494E-007   1.7122951345139713E-007   1.7497433365122067E-007   1.7814998146653063E-007
   11.784409999999999        1.5509182517720109E-007   1.6678882532678264E-007   1.7222435746260614E-007   1.7654038401977857E-007   1.8014236472045147E-007   1.8398117750277281E-007   1.8914723257338234E-007
   11.902850000000001        1.5979970179991170E-007   1.6841034117842855E-007   1.7465906741407699E-007   1.7954290602828377E-007   1.8403238123393062E-007   1.8896980491784446E-007   2.0487742120970755E-007
   12.022470000000000        1.6317889266925247E-007   1.7898716351658750E-007   1.8545940759077450E-007   1.8992817741638370E-007   1.9369449796081903E-007   1.9783934575286711E-007   2.0364319654331321E-007
   12.143300000000000        1.7388694151848684E-007   1.8351021610672525E-007   1.8950011340553342E-007   1.9442199003644620E-007   1.9879843796715823E-007   2.0301950277022590E-007   2.1090406948518511E-007
   12.265350000000000        1.8279620878654808E-007   1.9544238246967990E-007   2.0120679834490442E-007   2.0592849586073573E-007   2.1004817333479961E-007   2.1492641543025308E-007   2.2118696469112863E-007
   12.388620000000001        1.9634453293208670E-007   2.0324736339306499E-007   2.0870328812663727E-007   2.1322523687892952E-007   2.1731455525892718E-007   2.2165339618968211E-007   2.2701860119309705E-007
   12.513130000000000        2.0411881754466813E-007   2.1102007017750963E-007   2.1564830936675111E-007   2.2013878994899802E-007   2.2411746418787351E-007   2.2870369238093999E-007   2.3498754827502020E-007
   12.638890000000000        2.1412484317943081E-007   2.2003372499301842E-007   2.2438662016980248E-007   2.2811620763834749E-007   2.3181462557213651E-007   2.3535335543706534E-007   2.3892006493255177E-007
   12.765910000000002        2.1818113306364880E-007   2.2549511513208763E-007   2.3042884674631459E-007   2.3508566531393349E-007   2.3922505206199948E-007   2.4345814398901602E-007   2.4781381835217129E-007
   12.894209999999999        2.2931601048888380E-007   2.3502724706543565E-007   2.3942128741553437E-007   2.4388077603849674E-007   2.4799225334872374E-007   2.5235851691567733E-007   2.5640167495395601E-007
   13.023800000000001        2.3853795006908506E-007   2.4487787148159245E-007   2.4917475568826180E-007   2.5341111836255516E-007   2.5735442258038460E-007   2.6158244005409078E-007   2.6599537975521912E-007
   13.154690000000000        2.4550455301824850E-007   2.5413246680204820E-007   2.5853264026848427E-007   2.6272810074107899E-007   2.6686389450864592E-007   2.7134144340721372E-007   2.7600617412488218E-007
   13.286899999999999        2.5981670447252449E-007   2.6532671321567544E-007   2.6953217634372646E-007   2.7361589344687591E-007   2.7796087811235245E-007   2.8403165145443920E-007   2.9473490668620034E-007
   13.420439999999999        2.6895057477101444E-007   2.7638928712483038E-007   2.8121418507229913E-007   2.8539824540736243E-007   2.8949117706777107E-007   2.9508656537966458E-007   3.0271100505703399E-007
   13.555320000000000        2.8286959580864076E-007   2.8797485075916569E-007   2.9246985518380025E-007   2.9680820703379786E-007   3.0141863865639594E-007   3.0839287044823708E-007   3.1643473323983087E-007
   13.691549999999999        2.9313570777442728E-007   2.9730098309841751E-007   3.0156876173268644E-007   3.0580494839588467E-007   3.1048617953779893E-007   3.2017431641383915E-007   3.3230344811978713E-007
   13.829150000000002        3.0657528071816431E-007   3.1409423464539970E-007   3.1851305958812546E-007   3.2326135379595753E-007   3.2781807245784775E-007   3.3459309837943507E-007   3.4475151104220049E-007
   13.968140000000002        3.1531100033392009E-007   3.2171989996978819E-007   3.2695886040951624E-007   3.3265613856232509E-007   3.3879059620439119E-007   3.5651282022623754E-007   3.7780918102820563E-007
   14.108520000000002        3.3167665270562587E-007   3.3704230657704411E-007   3.4290313669271072E-007   3.4967055209660800E-007   3.5636720808865819E-007   3.6494007613935825E-007   3.7221977839983330E-007
   14.250320000000002        3.4482732404945045E-007   3.5203457943312299E-007   3.5973887068790711E-007   3.7031503907190918E-007   3.8041716198528941E-007   3.9017807132626725E-007   4.0029289042802316E-007
   14.393540000000002        3.5647156392201248E-007   3.6873829375808830E-007   3.7866313114388602E-007   3.9084533319345782E-007   4.0228236315097660E-007   4.1283839789512816E-007   4.2039555036838213E-007
   14.538200000000000        3.7627968928739607E-007   3.8516862547345763E-007   3.9669937917990183E-007   4.1106103537306928E-007   4.2351123357756915E-007   4.3453545998664162E-007   4.4227104649910531E-007
   14.684310000000000        3.8143624910783079E-007   3.9815210650433355E-007   4.1154939847437576E-007   4.2720487307152538E-007   4.3936622674084754E-007   4.5108147716934158E-007   4.5971392536113226E-007
   14.831890000000000        3.9356944700466996E-007   4.0854703665234405E-007   4.2236376625176364E-007   4.3871693592797732E-007   4.5139471960807546E-007   4.6346252941828479E-007   4.7645273922809416E-007
   14.980950000000000        4.6704540154565967E-007   4.6906381344633645E-007   4.7060367062845209E-007   4.7206430657961534E-007   4.7364077069994889E-007   4.7502291766404055E-007   4.7681480510194095E-007
   15.131520000000000        4.1392259077265177E-007   4.2899057919800238E-007   4.4089819263466971E-007   4.5492590019072955E-007   4.6723533928431765E-007   4.8309760980324652E-007   5.1110471316496317E-007
   15.283590000000002        4.2912004964277957E-007   4.4175866238837649E-007   4.5472044563089212E-007   4.7010781956688399E-007   4.8384587660075124E-007   4.9754430649294681E-007   5.2008831996955498E-007
   15.437190000000001        4.4923890202048079E-007   4.5736133150028209E-007   4.6909627480103019E-007   4.8241130106449007E-007   4.9404538988295684E-007   5.0538796111020726E-007   5.1603317210365138E-007
   15.592340000000000        4.5378464376793715E-007   4.6227866324474355E-007   4.7124701222313606E-007   4.8118912792479173E-007   4.9144252841872573E-007   5.0152381716192907E-007   5.1316784045691925E-007
   15.749050000000002        4.5951327000558446E-007   4.6793600057930938E-007   4.7637187629030217E-007   4.8550425827852512E-007   4.9532245039895671E-007   5.0914197275500941E-007   5.2965361237920157E-007
   15.907330000000000        4.5774389370660532E-007   4.6822039240543569E-007   4.7789302471767949E-007   4.8739345788760960E-007   4.9616107136051727E-007   5.0524006659126078E-007   5.1470567901132174E-007
   15.993430000000000        4.6100246254416715E-007   4.7286843908487543E-007   4.8175813347913250E-007   4.9170435633391290E-007   5.0205176959509272E-007   5.1588679011552359E-007   5.3322284901323258E-007
