   6.0301510000000009        4.2974104156863947E-009   1.3334622643164907E-009   4.2330776337685828E-009
   6.0907549999999997        4.6670206217763556E-009   1.3823934561979201E-009   4.6565119572086432E-009
   6.1519690000000002        5.0589015379728916E-009   1.4594314491310805E-009   5.0632770431684297E-009
   6.2137979999999997        5.3775271219391319E-009   1.3956086050950499E-009   5.1350345176442145E-009
   6.2762479999999998        5.4556080377504570E-009   1.4171894048527861E-009   4.9928340804028518E-009
   6.3393259999999998        6.1761675267360058E-009   1.5590697022534687E-009   5.7446825421057870E-009
   6.4030379999999996        7.3449914123306130E-009   1.8682101489669409E-009   7.1745851039542871E-009
   6.4673900000000000        9.1161079731261196E-009   2.1787407789272833E-009   9.4196006644960824E-009
   6.5323890000000011        8.4874856375667825E-009   2.1783256001046724E-009   8.7999480160419630E-009
   6.5980410000000012        7.9272343530396239E-009   2.9239120030817374E-009   8.0581831120007799E-009
   6.6643530000000002        8.6295693541318575E-009   2.6512959250230908E-009   8.5994291708264773E-009
   6.7313310000000008        9.8341676543002062E-009   2.2839345361836599E-009   9.4862745795035476E-009
   6.7989830000000007        1.1046249911642543E-008   2.4302699786566277E-009   1.0651285521956251E-008
   6.8673140000000004        1.2093602775980495E-008   2.5876646354958727E-009   1.1833432048220397E-008
   6.9363330000000003        1.3100646235042106E-008   2.5259272787077409E-009   1.2605217656390430E-008
   7.0060440000000010        1.4230862314769681E-008   2.8488361020382080E-009   1.3917857613457299E-008
   7.0764570000000004        1.5467618203139945E-008   3.0897726871804883E-009   1.5080610737295146E-008
   7.1475770000000001        1.7166796163082624E-008   3.6921501186764527E-009   1.7174294836464898E-008
   7.2194120000000011        1.9475381541716480E-008   4.7678201980797100E-009   2.0471633953614483E-008
   7.2919690000000008        2.2294915719925464E-008   6.1917304888169386E-009   2.4675117398878418E-008
   7.3652550000000012        2.5006329637194141E-008   7.3377786142229643E-009   2.8186711032480243E-008
   7.4392779999999998        2.6701680452813484E-008   7.3890356620636019E-009   2.9948611487562234E-008
   7.5140440000000002        2.7545685977972392E-008   6.9908016605623412E-009   3.0133327864718271E-008
   7.5895620000000008        2.7541221869809911E-008   6.1066302178003388E-009   2.8905497672076912E-008
   7.6658390000000001        3.1662076441354286E-008   9.9162514899313839E-009   3.6437583576298031E-008
   7.7428830000000000        3.4198239860061141E-008   9.8873136891482773E-009   3.8235028774528469E-008
   7.8207009999999997        3.5251758047611496E-008   9.1512012070054968E-009   3.8396005686553946E-008
   7.8993010000000004        3.7340616710423507E-008   9.0242931889374083E-009   4.0643020154732228E-008
   7.9786910000000013        3.8464203638723863E-008   8.5712840922888460E-009   4.0935194615468067E-008
   8.0588790000000010        4.0331712017160524E-008   8.6353063100566792E-009   4.2321749448366967E-008
   8.1398720000000022        4.0520184078200663E-008   7.7335246566976448E-009   4.1243351365154081E-008
   8.2216799999999992        4.2120094470025391E-008   7.5418754270247225E-009   4.2518847739047740E-008
   8.3043099999999992        4.1994429844919759E-008   6.5272322920704853E-009   4.1057921753462310E-008
   8.3877710000000008        4.2437050163778334E-008   5.7873255846872213E-009   4.1253399080541548E-008
   8.4720700000000004        4.1971318653118036E-008   4.7340242799842283E-009   4.0813454682079788E-008
   8.5572160000000004        4.2834685287365127E-008   4.4024751568684508E-009   4.1465807409161538E-008
   8.6432179999999992        4.4494834048264185E-008   3.8647308241234880E-009   4.3170925359067930E-008
   8.7300850000000008        4.5149968541316251E-008   3.3865360381849886E-009   4.4131044039607718E-008
   8.8178239999999999        4.6676180961330202E-008   3.1516182001642894E-009   4.6012052925329025E-008
   8.9064460000000008        4.9252178855451271E-008   2.9568359135380923E-009   4.8829319245234957E-008
   8.9959579999999999        5.0343220383630870E-008   2.7103186067316564E-009   5.0501635004734303E-008
   9.0863689999999995        5.3225431320412583E-008   2.6515345998036588E-009   5.3594294820675669E-008
   9.1776900000000001        5.6964520059747845E-008   2.9100221405163595E-009   5.6978357146024126E-008
   9.2699280000000002        5.9365828776065915E-008   2.7231590395050906E-009   5.9584208589240494E-008
   9.3630929999999992        6.2051041972850183E-008   2.8707224481900839E-009   6.2658673990882512E-008
   9.4571939999999994        6.4980578105701674E-008   2.7178817149108159E-009   6.5679616495607686E-008
   9.5522419999999997        6.7883517696985940E-008   3.0158664569161642E-009   6.8869795832622976E-008
   9.6482440000000000        7.1554889964308486E-008   2.9004677726959154E-009   7.2778078556690021E-008
   9.7452110000000012        7.3812522259060011E-008   2.9360110715625910E-009   7.5162151992233559E-008
   9.8431530000000009        7.7118050510041881E-008   2.8749179733834347E-009   7.9017623427346514E-008
   9.9420790000000014        8.0260512339734774E-008   3.1538200169814300E-009   8.1959028884212924E-008
   10.042000000000000        8.4874569156514770E-008   2.9852874628279494E-009   8.6676843979478343E-008
   10.142920000000000        8.7251507151622634E-008   4.7962195000598548E-009   8.9089380485871188E-008
   10.244860000000001        9.2486474555817512E-008   3.9275564535639794E-009   9.3896137023025747E-008
   10.347830000000000        1.0874371763494941E-007   9.8312249716884608E-009   1.1090579828741245E-007
   10.451820000000000        1.0363641396611716E-007   6.3306488516764588E-009   1.0638124063687222E-007
   10.556870000000000        1.0730086106795434E-007   4.2845301757943965E-009   1.0939170558698399E-007
   10.662970000000000        1.1477280424846888E-007   5.2363870349478290E-009   1.1697442850969757E-007
   10.770130000000002        1.2797712820831626E-007   1.0962222557835299E-008   1.3093356244991489E-007
   10.878380000000000        1.2171633683869849E-007   3.8419298242116863E-009   1.2486482277668066E-007
   10.987710000000002        1.2710889891280064E-007   3.7833126536113980E-009   1.3051543238684879E-007
   11.098140000000003        1.3019781156191024E-007   4.9482388757999932E-009   1.3343078797630849E-007
   11.209670000000001        1.3874114432466567E-007   3.5691585113068299E-009   1.4204599577101516E-007
   11.322330000000001        1.4179645293805355E-007   4.9633074727995733E-009   1.4562235726479661E-007
   11.436130000000002        1.4975934646124504E-007   3.6584976051210419E-009   1.5350385184504672E-007
   11.551060000000000        1.5759329535862511E-007   3.6656839083109393E-009   1.6153206778070251E-007
   11.667149999999999        1.6311160782595010E-007   3.7870788462331921E-009   1.6761216547856247E-007
   11.784409999999999        1.7159158439479649E-007   4.4413251395035579E-009   1.7619278800852866E-007
   11.902850000000001        1.7435875574946133E-007   5.2382879316357006E-009   1.7944705216264794E-007
   12.022470000000000        1.8456841506264511E-007   4.6843237467347696E-009   1.8955313247570567E-007
   12.143300000000000        1.8923164529581024E-007   4.8272509966994937E-009   1.9417510639383664E-007
   12.265350000000000        2.0019464113931291E-007   4.9371377653852342E-009   2.0565205950405083E-007
   12.388620000000001        2.0778427773528794E-007   4.5377253990761459E-009   2.1302540763590494E-007
   12.513130000000000        2.1368196168329164E-007   4.4443947997097556E-009   2.1995951614812527E-007
   12.638890000000000        2.2489436547935236E-007   3.7991598718480910E-009   2.2804974093969705E-007
   12.765910000000002        2.2928669340335982E-007   4.4710398172811201E-009   2.3489070570027914E-007
   12.894209999999999        2.3845106929886793E-007   4.2814518442724564E-009   2.4375307645763674E-007
   13.023800000000001        2.4921799778426383E-007   4.1454287790233633E-009   2.5332151347591889E-007
   13.154690000000000        2.6019147224707347E-007   4.2557808196269311E-009   2.6265166566492451E-007
   13.286899999999999        2.7139139888912025E-007   4.5785183817697354E-009   2.7381617581395218E-007
   13.420439999999999        2.8292703981870013E-007   4.5382792661809923E-009   2.8539697674359862E-007
   13.555320000000000        2.9864433404278531E-007   4.8460216095070857E-009   2.9704886794018857E-007
   13.691549999999999        3.0505305805206301E-007   5.3072515601051907E-009   3.0636741446374990E-007
   13.829150000000002        3.2554392705504761E-007   5.0570586227488704E-009   3.2342425150771873E-007
   13.968140000000002        3.3681479217099073E-007   7.9018978395674789E-009   3.3348293602044102E-007
   14.108520000000002        3.5523863209241279E-007   6.9057431611993033E-009   3.4990100984229691E-007
   14.250320000000002        3.7814404476946609E-007   9.8883307201357120E-009   3.7023409472063607E-007
   14.393540000000002        3.9856854455853762E-007   1.1398335332615028E-008   3.9066644295944258E-007
   14.538200000000000        4.1948489130892049E-007   1.2757756045360524E-008   4.1056813453108586E-007
   14.684310000000000        4.3609845377566671E-007   1.3607144653738441E-008   4.2595510099060646E-007
   14.831890000000000        4.4881213327581390E-007   1.4100176681973432E-008   4.3764994299119521E-007
   14.980950000000000        4.7267230688041336E-007   1.5198257651140992E-009   4.7210168376078013E-007
   15.131520000000000        4.6418637493667403E-007   1.3812344538155933E-008   4.5473208364756699E-007
   15.283590000000002        4.8210442373318257E-007   1.4329249519834066E-008   4.6977177551732716E-007
   15.437190000000001        4.9250750523232617E-007   1.2203728048693673E-008   4.8192966634671328E-007
   15.592340000000000        4.8823843863759646E-007   9.9670793591574209E-009   4.8140891482942175E-007
   15.749050000000002        4.8954428273118599E-007   1.0171752370483298E-008   4.8596209694924772E-007
   15.907330000000000        4.8834759705198699E-007   9.3160623424914315E-009   4.8723118997813504E-007
   15.993430000000000        4.8985043926660326E-007   1.0703343072412129E-008   4.9224246806762946E-007
