#  lambda [mu]          flux [Jy]
      6.030151     1.9061659E-008     0.0000000E+000
      6.090755     2.0110693E-008     0.0000000E+000
      6.151969     2.2186179E-008     0.0000000E+000
      6.213798     1.7962507E-008     0.0000000E+000
      6.276248     1.3649674E-008     0.0000000E+000
      6.339326     1.8322915E-008     0.0000000E+000
      6.403038     2.8554360E-008     0.0000000E+000
      6.467390     4.4731430E-008     0.0000000E+000
      6.532389     4.0003643E-008     0.0000000E+000
      6.598041     3.4500353E-008     0.0000000E+000
      6.664353     3.2717164E-008     0.0000000E+000
      6.731331     2.9803508E-008     0.0000000E+000
      6.798983     3.2606333E-008     0.0000000E+000
      6.867314     3.8894835E-008     0.0000000E+000
      6.936333     3.7911872E-008     0.0000000E+000
      7.006044     4.4372927E-008     0.0000000E+000
      7.076457     4.5216465E-008     0.0000000E+000
      7.147577     5.2944684E-008     0.0000000E+000
      7.219412     7.0425724E-008     0.0000000E+000
      7.291969     9.7478683E-008     0.0000000E+000
      7.365255     1.1873215E-007     0.0000000E+000
      7.439278     1.2202869E-007     0.0000000E+000
      7.514044     1.1387714E-007     0.0000000E+000
      7.589562     9.5571368E-008     0.0000000E+000
      7.665839     1.3589467E-007     0.0000000E+000
      7.742883     1.4388528E-007     0.0000000E+000
      7.820701     1.3347278E-007     0.0000000E+000
      7.899301     1.4118078E-007     0.0000000E+000
      7.978691     1.3415905E-007     0.0000000E+000
      8.058879     1.3516345E-007     0.0000000E+000
      8.139872     1.1532351E-007     0.0000000E+000
      8.221680     1.1497627E-007     0.0000000E+000
      8.304310     9.7382899E-008     0.0000000E+000
      8.387771     9.1734038E-008     0.0000000E+000
      8.472070     8.5518532E-008     0.0000000E+000
      8.557216     8.2808110E-008     0.0000000E+000
      8.643218     8.7167401E-008     0.0000000E+000
      8.730085     8.6950218E-008     0.0000000E+000
      8.817824     8.9375715E-008     0.0000000E+000
      8.906446     9.6039388E-008     0.0000000E+000
      8.995958     9.7950394E-008     0.0000000E+000
      9.086369     1.0415538E-007     0.0000000E+000
      9.177690     1.1023875E-007     0.0000000E+000
      9.269928     1.1390323E-007     0.0000000E+000
      9.363093     1.1761734E-007     0.0000000E+000
      9.457194     1.2099789E-007     0.0000000E+000
      9.552242     1.2504220E-007     0.0000000E+000
      9.648244     1.3070599E-007     0.0000000E+000
      9.745211     1.2989183E-007     0.0000000E+000
      9.843153     1.3435428E-007     0.0000000E+000
      9.942079     1.3503085E-007     0.0000000E+000
     10.042000     1.4109214E-007     0.0000000E+000
     10.142920     1.3808860E-007     0.0000000E+000
     10.244860     1.4280639E-007     0.0000000E+000
     10.347830     1.9109667E-007     0.0000000E+000
     10.451820     1.5811533E-007     0.0000000E+000
     10.556870     1.5739341E-007     0.0000000E+000
     10.662970     1.6925925E-007     0.0000000E+000
     10.770130     2.0247640E-007     0.0000000E+000
     10.878380     1.7141405E-007     0.0000000E+000
     10.987710     1.7570217E-007     0.0000000E+000
     11.098140     1.7466258E-007     0.0000000E+000
     11.209670     1.8558665E-007     0.0000000E+000
     11.322330     1.8444474E-007     0.0000000E+000
     11.436130     1.9294891E-007     0.0000000E+000
     11.551060     2.0192668E-007     0.0000000E+000
     11.667150     2.0425026E-007     0.0000000E+000
     11.784410     2.1282775E-007     0.0000000E+000
     11.902850     2.0883258E-007     0.0000000E+000
     12.022470     2.1877214E-007     0.0000000E+000
     12.143300     2.1800213E-007     0.0000000E+000
     12.265350     2.2888601E-007     0.0000000E+000
     12.388620     2.3153827E-007     0.0000000E+000
     12.513130     2.3334257E-007     0.0000000E+000
     12.638890     2.3625777E-007     0.0000000E+000
     12.765910     2.3848184E-007     0.0000000E+000
     12.894210     2.4211536E-007     0.0000000E+000
     13.023800     2.4608847E-007     0.0000000E+000
     13.154690     2.5041721E-007     0.0000000E+000
     13.286900     2.5546315E-007     0.0000000E+000
     13.420440     2.6265279E-007     0.0000000E+000
     13.555320     2.6771440E-007     0.0000000E+000
     13.691550     2.6957338E-007     0.0000000E+000
     13.829150     2.8305483E-007     0.0000000E+000
     13.968140     2.8415837E-007     0.0000000E+000
     14.108520     2.9479923E-007     0.0000000E+000
     14.250320     3.0994442E-007     0.0000000E+000
     14.393540     3.2429413E-007     0.0000000E+000
     14.538200     3.3688748E-007     0.0000000E+000
     14.684310     3.4326052E-007     0.0000000E+000
     14.831890     3.4358002E-007     0.0000000E+000
     14.980950     3.5338126E-007     0.0000000E+000
     15.131520     3.3700530E-007     0.0000000E+000
     15.283590     3.4386778E-007     0.0000000E+000
     15.437190     3.4723803E-007     0.0000000E+000
     15.592340     3.3489110E-007     0.0000000E+000
     15.749050     3.2947074E-007     0.0000000E+000
     15.907330     3.2162111E-007     0.0000000E+000
     15.993430     3.2108594E-007     0.0000000E+000
