   6.0301510000000009        1.9061659488183084E-008
   6.0907549999999997        2.0110693341338292E-008
   6.1519690000000002        2.2186178777471506E-008
   6.2137979999999997        1.7962507028704744E-008
   6.2762479999999998        1.3649673812798640E-008
   6.3393259999999998        1.8322914864986231E-008
   6.4030379999999996        2.8554360069762425E-008
   6.4673900000000000        4.4731430434061627E-008
   6.5323890000000011        4.0003642848266899E-008
   6.5980410000000012        3.4500353424988307E-008
   6.6643530000000002        3.2717164350654118E-008
   6.7313310000000008        2.9803508187041963E-008
   6.7989830000000007        3.2606332535947360E-008
   6.8673140000000004        3.8894835009512639E-008
   6.9363330000000003        3.7911871704295234E-008
   7.0060440000000010        4.4372927325543941E-008
   7.0764570000000004        4.5216465467208576E-008
   7.1475770000000001        5.2944683817758943E-008
   7.2194120000000011        7.0425723687757070E-008
   7.2919690000000008        9.7478682530380076E-008
   7.3652550000000012        1.1873215453605835E-007
   7.4392779999999998        1.2202868690100119E-007
   7.5140440000000002        1.1387714110863975E-007
   7.5895620000000008        9.5571368233358729E-008
   7.6658390000000001        1.3589467053468302E-007
   7.7428830000000000        1.4388527628211787E-007
   7.8207009999999997        1.3347277784209867E-007
   7.8993010000000004        1.4118078139000052E-007
   7.9786910000000013        1.3415904704607734E-007
   8.0588790000000010        1.3516345151129953E-007
   8.1398720000000022        1.1532350685031359E-007
   8.2216799999999992        1.1497627269663661E-007
   8.3043099999999992        9.7382898510903347E-008
   8.3877710000000008        9.1734038444019818E-008
   8.4720700000000004        8.5518532442087230E-008
   8.5572160000000004        8.2808109800420785E-008
   8.6432179999999992        8.7167400606486308E-008
   8.7300850000000008        8.6950218195010970E-008
   8.8178239999999999        8.9375715149183007E-008
   8.9064460000000008        9.6039388075161728E-008
   8.9959579999999999        9.7950394174800535E-008
   9.0863689999999995        1.0415537926900187E-007
   9.1776900000000001        1.1023874832623749E-007
   9.2699280000000002        1.1390323006532409E-007
   9.3630929999999992        1.1761733749605299E-007
   9.4571939999999994        1.2099788650077948E-007
   9.5522419999999997        1.2504220141985060E-007
   9.6482440000000000        1.3070599243055082E-007
   9.7452110000000012        1.2989183494671267E-007
   9.8431530000000009        1.3435428083487458E-007
   9.9420790000000014        1.3503084623094428E-007
   10.042000000000000        1.4109213526645443E-007
   10.142920000000000        1.3808859750205692E-007
   10.244860000000001        1.4280639121561412E-007
   10.347830000000000        1.9109666874596140E-007
   10.451820000000000        1.5811533309287928E-007
   10.556870000000000        1.5739341141944579E-007
   10.662970000000000        1.6925924780907961E-007
   10.770130000000002        2.0247640328521479E-007
   10.878380000000000        1.7141405147111184E-007
   10.987710000000002        1.7570216657396558E-007
   11.098140000000003        1.7466258139538815E-007
   11.209670000000001        1.8558665497548300E-007
   11.322330000000001        1.8444474206518731E-007
   11.436130000000002        1.9294891378474171E-007
   11.551060000000000        2.0192668398026479E-007
   11.667149999999999        2.0425026289183653E-007
   11.784409999999999        2.1282775200954239E-007
   11.902850000000001        2.0883257560450634E-007
   12.022470000000000        2.1877214175404991E-007
   12.143300000000000        2.1800213057717647E-007
   12.265350000000000        2.2888600840065736E-007
   12.388620000000001        2.3153827118242381E-007
   12.513130000000000        2.3334257239502296E-007
   12.638890000000000        2.3625777491370942E-007
   12.765910000000002        2.3848184172639387E-007
   12.894209999999999        2.4211536099136763E-007
   13.023800000000001        2.4608846692827727E-007
   13.154690000000000        2.5041720605513329E-007
   13.286899999999999        2.5546315183528575E-007
   13.420439999999999        2.6265279402207861E-007
   13.555320000000000        2.6771440378929361E-007
   13.691549999999999        2.6957338389253862E-007
   13.829150000000002        2.8305482784489501E-007
   13.968140000000002        2.8415836661312647E-007
   14.108520000000002        2.9479923480271999E-007
   14.250320000000002        3.0994441524754152E-007
   14.393540000000002        3.2429413035589889E-007
   14.538200000000000        3.3688747692910541E-007
   14.684310000000000        3.4326051723755742E-007
   14.831890000000000        3.4358002371189275E-007
   14.980950000000000        3.5338125567021631E-007
   15.131520000000000        3.3700529767202298E-007
   15.283590000000002        3.4386778487839622E-007
   15.437190000000001        3.4723802793139358E-007
   15.592340000000000        3.3489109833226791E-007
   15.749050000000002        3.2947074001833036E-007
   15.907330000000000        3.2162111458543906E-007
   15.993430000000000        3.2108594400037299E-007
