   979.40230812007405        1.0000000000000000E-050   1.0000000000000000E-050   1.0000000000000000E-050   1.0000000000000000E-050   1.0000000000000000E-050   1.0000000000000000E-050  0.64785789016736051     
   557.50354189353186        1.0000000000000000E-050   1.0000000000000000E-050   1.0000000000000000E-050   1.0000000000000000E-050   1.0000000000000000E-050  0.99925299944253765       0.99997577572359464     
   317.34681105706369        1.0000000000000000E-050   1.0000000000000000E-050   1.0000000000000000E-050   1.0000000000000000E-050   1.0000000000000000E-050  0.99981045464232743       0.99999426806633707     
   180.64279582159207        1.0000000000000000E-050   1.0000000000000000E-050   1.0000000000000000E-050   1.0000000000000000E-050   1.0000000000000000E-050  0.99988223878923499       0.99999426806633707     
   102.82699729531451        1.0000000000000000E-050   1.0000000000000000E-050   1.0000000000000000E-050   1.0000000000000000E-050  0.99644136602939215       0.99991491344503913       0.99999598658432998     
   58.532040121949890        1.0000000000000000E-050   1.0000000000000000E-050   1.0000000000000000E-050   1.0000000000000000E-050  0.99903987715772480       0.99994286032298196       0.99999598658432998     
   33.318095548372689        1.0000000000000000E-050   1.0000000000000000E-050   1.0000000000000000E-050   1.0000000000000000E-050  0.99953329911573330       0.99994992551613748       0.99999598658432998     
   18.965603943714228        1.0000000000000000E-050   1.0000000000000000E-050   1.0000000000000000E-050   1.0000000000000000E-050  0.99965625857425677       0.99995637653969838       0.99999754469844049     
   10.795759092160859        1.0000000000000000E-050   1.0000000000000000E-050   1.0000000000000000E-050   1.0000000000000000E-050  0.99972059124376622       0.99995715700626531       0.99999754469844049     
   6.1452519372367016        1.0000000000000000E-050   1.0000000000000000E-050   1.0000000000000000E-050  0.77738686334170815       0.99977032867252813       0.99996113826376098       0.99999754469844049     
   3.4980515079790142        1.0000000000000000E-050   1.0000000000000000E-050   1.0000000000000000E-050  0.96782974580093117       0.99978892163243660       0.99996267983867992       0.99999754469844049     
   1.9911900240133202        1.0000000000000000E-050   1.0000000000000000E-050   1.0000000000000000E-050  0.98705022261208220       0.99980623157532089       0.99996267983867992       0.99999754469844049     
   1.1334417754245223        1.0000000000000000E-050   1.0000000000000000E-050   1.0000000000000000E-050  0.99388938171862018       0.99981616572324794       0.99996478771065878       0.99999754469844049     
  0.64518717087993060        1.0000000000000000E-050   1.0000000000000000E-050   1.0000000000000000E-050  0.99576543090624048       0.99981907433577621       0.99996478771065878       0.99999754469844049     
  0.36725881690053191        1.0000000000000000E-050   1.0000000000000000E-050   1.0000000000000000E-050  0.99669193579268012       0.99982460143361329       0.99996693928137836       0.99999754469844049     
  0.20905412363861103        1.0000000000000000E-050   1.0000000000000000E-050   1.0000000000000000E-050  0.99697058921028769       0.99982563942109526       0.99996693928137836       0.99999754469844049     
  0.11899953002937490        1.0000000000000000E-050   1.0000000000000000E-050   4.2607280980696964E-007  0.99707284199093649       0.99982590326767373       0.99996693928137836       0.99999754469844049     
   6.7737903949179473E-002   1.0000000000000000E-050   1.0000000000000000E-050   3.6316657962409866E-004  0.99720300249670424       0.99982590326767373       0.99996693928137836       0.99999754469844049     
   3.8558334056408593E-002   1.0000000000000000E-050   1.0000000000000000E-050   2.2723795978808060E-002  0.99725510869392675       0.99982590326767373       0.99996693928137836       0.99999754469844049     
   2.1948496167242357E-002   1.0000000000000000E-050   1.0000000000000000E-050  0.12944261335977345       0.99727593139668147       0.99982590326767373       0.99996693928137836       0.99999754469844049     
   1.2493705856137398E-002   1.0000000000000000E-050   1.0000000000000000E-050  0.21575265140261563       0.99727593139668147       0.99982590326767373       0.99996693928137836       0.99999754469844049     
   7.1117713409744304E-003   1.0000000000000000E-050   1.2187230631094412E-008  0.25321635777803825       0.99727593139668147       0.99982590326767373       0.99996693928137836       0.99999754469844049     
   4.0482217357038133E-003   1.0000000000000000E-050   4.2607280980696964E-007  0.29208142002432386       0.99728178306158000       0.99982590326767373       0.99996693928137836       0.99999754469844049     
   2.3043625048804364E-003   1.0000000000000000E-050   1.2546274117872382E-006  0.29510569851418628       0.99728178306158000       0.99982590326767373       0.99996693928137836       0.99999754469844049     
   1.3117084242362136E-003   5.9575881821757587E-011   1.3045462297406418E-006  0.30400801840539471       0.99728178306158000       0.99982590326767373       0.99996693928137836       0.99999754469844049     
   7.4666159797697590E-004   9.9428390998871630E-011   1.3045462297406418E-006  0.30400801840539471       0.99728178306158000       0.99982590326767373       0.99996693928137836       0.99999754469844049     
   4.2502093574504289E-004   9.9428390998871630E-011   1.3045462297406418E-006  0.30400801840539471       0.99728178306158000       0.99982590326767373       0.99996693928137836       0.99999754469844049     
   2.4193395818270278E-004   9.9428390998871630E-011   1.3045462297406418E-006  0.30400801840539471       0.99728178306158000       0.99982590326767373       0.99996693928137836       0.99999754469844049     
   1.3771566339278239E-004   9.9428390998871630E-011   1.3045462297406418E-006  0.30400801840539471       0.99728178306158000       0.99982590326767373       0.99996693928137836       0.99999754469844049     
   7.8391657319109545E-005   9.9428390998871630E-011   1.3045462297406418E-006  0.30400801840539471       0.99728178306158000       0.99982590326767373       0.99996693928137836       0.99999754469844049     
   4.4622752313291112E-005   9.9428390998871630E-011   1.3045462297406418E-006  0.30400801840539471       0.99728178306158000       0.99982590326767373       0.99996693928137836       0.99999754469844049     
   2.5400534854209896E-005   9.9428390998871630E-011   1.3045462297406418E-006  0.30400801840539471       0.99728178306158000       0.99982590326767373       0.99996693928137836       0.99999754469844049     
   1.4458704078810472E-005   9.9428390998871630E-011   1.3045462297406418E-006  0.30400801840539471       0.99728178306158000       0.99982590326767373       0.99996693928137836       0.99999754469844049     
   8.2303040010184139E-006   9.9428390998871630E-011   1.3045462297406418E-006  0.30400801840539471       0.99728178306158000       0.99982590326767373       0.99996693928137836       0.99999754469844049     
   4.6849222157088578E-006   9.9428390998871630E-011   1.3045462297406418E-006  0.30400801840539471       0.99728178306158000       0.99982590326767373       0.99996693928137836       0.99999754469844049     
   2.6667904568927830E-006   9.9428390998871630E-011   1.3045462297406418E-006  0.30400801840539471       0.99728178306158000       0.99982590326767373       0.99996693928137836       0.99999754469844049     
   1.5180126827139621E-006   9.9428390998871630E-011   1.3045462297406418E-006  0.30400801840539471       0.99728178306158000       0.99982590326767373       0.99996693928137836       0.99999754469844049     
   8.6409582684849018E-007   9.9428390998871630E-011   1.3045462297406418E-006  0.30400801840539471       0.99728178306158000       0.99982590326767373       0.99996693928137836       0.99999754469844049     
   4.9186782592755769E-007   9.9428390998871630E-011   1.3045462297406418E-006  0.30400801840539471       0.99728178306158000       0.99982590326767373       0.99996693928137836       0.99999754469844049     
   2.7998510195921068E-007   9.9428390998871630E-011   1.3045462297406418E-006  0.30400801840539471       0.99728178306158000       0.99982590326767373       0.99996693928137836       0.99999754469844049     
   1.5937545248315374E-007   9.9428390998871630E-011   1.3045462297406418E-006  0.30400801840539471       0.99728178306158000       0.99982590326767373       0.99996693928137836       0.99999754469844049     
   9.0721022927535153E-008   9.9428390998871630E-011   1.3045462297406418E-006  0.30400801840539471       0.99728178306158000       0.99982590326767373       0.99996693928137836       0.99999754469844049     
   5.1640976529232913E-008   9.9428390998871630E-011   1.3045462297406418E-006  0.30400801840539471       0.99728178306158000       0.99982590326767373       0.99996693928137836       0.99999754469844049     
   2.9395506915998130E-008   9.9428390998871630E-011   1.3045462297406418E-006  0.30400801840539471       0.99728178306158000       0.99982590326767373       0.99996693928137836       0.99999754469844049     
   1.6732755360645565E-008   9.9428390998871630E-011   1.3045462297406418E-006  0.30400801840539471       0.99728178306158000       0.99982590326767373       0.99996693928137836       0.99999754469844049     
   9.5247584183293182E-009   9.9428390998871630E-011   1.3045462297406418E-006  0.30400801840539471       0.99728178306158000       0.99982590326767373       0.99996693928137836       0.99999754469844049     
   5.4217623441089843E-009   9.9428390998871630E-011   1.3045462297406418E-006  0.30400801840539471       0.99728178306158000       0.99982590326767373       0.99996693928137836       0.99999754469844049     
   3.0862207338959722E-009   9.9428390998871630E-011   1.3045462297406418E-006  0.30400801840539471       0.99728178306158000       0.99982590326767373       0.99996693928137836       0.99999754469844049     
   1.7567642795480425E-009   9.9428390998871630E-011   1.3045462297406418E-006  0.30400801840539471       0.99728178306158000       0.99982590326767373       0.99996693928137836       0.99999754469844049     
   1.0000000000000007E-009   9.9428390998871630E-011   1.3045462297406418E-006  0.30400801840539471       0.99728178306158000       0.99982590326767373       0.99996693928137836       0.99999754469844049     
