   979.40230812007405        1.0000000000000000E-050   1.0000000000000000E-050   1.0000000000000000E-050   1.0000000000000000E-050   1.0000000000000000E-050   1.0000000000000000E-050   3.9181615549403143E-010
   557.50354189353186        1.0000000000000000E-050   1.0000000000000000E-050   1.0000000000000000E-050   1.0000000000000000E-050   1.0000000000000000E-050   1.2486151279517438E-008   1.7869833186036439E-004
   317.34681105706369        1.0000000000000000E-050   1.0000000000000000E-050   1.0000000000000000E-050   1.0000000000000000E-050   1.0000000000000000E-050   1.1323517414160837E-006   3.6846813942493606E-004
   180.64279582159207        1.0000000000000000E-050   1.0000000000000000E-050   1.0000000000000000E-050   1.0000000000000000E-050   1.0000000000000000E-050   7.4190325549905353E-006   2.9364893943839561E-003
   102.82699729531451        1.0000000000000000E-050   1.0000000000000000E-050   1.0000000000000000E-050   1.0000000000000000E-050   1.5033726074410206E-009   3.5362455336517532E-005   1.3714993367907054E-002
   58.532040121949890        1.0000000000000000E-050   1.0000000000000000E-050   1.0000000000000000E-050   1.0000000000000000E-050   1.8723717463150755E-008   7.1395011123347120E-005   1.3714993367907054E-002
   33.318095548372689        1.0000000000000000E-050   1.0000000000000000E-050   1.0000000000000000E-050   1.0000000000000000E-050   8.6947085360664943E-008   1.3928707293676932E-004   1.3979789526261447E-002
   18.965603943714228        1.0000000000000000E-050   1.0000000000000000E-050   1.0000000000000000E-050   1.0000000000000000E-050   2.1656091805227797E-007   1.7869833186036439E-004   1.3979789526261447E-002
   10.795759092160859        1.0000000000000000E-050   1.0000000000000000E-050   1.0000000000000000E-050   1.0000000000000000E-050   5.7151072105910118E-007   2.5865411821143449E-004   3.6239777158794388E-002
   6.1452519372367016        1.0000000000000000E-050   1.0000000000000000E-050   1.0000000000000000E-050   8.9075179813764215E-011   1.9896455280788193E-006   3.9545099203480114E-004   7.9559028608938265E-002
   3.4980515079790142        1.0000000000000000E-050   1.0000000000000000E-050   1.0000000000000000E-050   8.7309896673930136E-010   4.1562590161740779E-006   6.1807786478674034E-004   7.9559028608938265E-002
   1.9911900240133202        1.0000000000000000E-050   1.0000000000000000E-050   1.0000000000000000E-050   2.9352519709775774E-009   6.8320725775849433E-006   7.7423280023552121E-004   7.9559028608938265E-002
   1.1334417754245223        1.0000000000000000E-050   1.0000000000000000E-050   1.0000000000000000E-050   8.7004997639854386E-009   1.0148623928253271E-005   1.4192824554980284E-003  0.10530763159534032     
  0.64518717087993060        1.0000000000000000E-050   1.0000000000000000E-050   1.0000000000000000E-050   1.8297623072617089E-008   1.4954438936510027E-005   2.6106736186803769E-003  0.12575281703560071     
  0.36725881690053191        1.0000000000000000E-050   1.0000000000000000E-050   1.0000000000000000E-050   3.4630555543893429E-008   2.2479089965748318E-005   3.5126503147291511E-003  0.19475903059634000     
  0.20905412363861103        1.0000000000000000E-050   1.0000000000000000E-050   1.0000000000000000E-050   5.3872078018493296E-008   2.8791963454058602E-005   4.1402474467500585E-003  0.76170659053096224     
  0.11899953002937490        1.0000000000000000E-050   1.0000000000000000E-050   1.9613635730197804E-011   8.3075194827403260E-008   4.2274736740522080E-005   7.5540745118930245E-003  0.85312804805239428     
   6.7737903949179473E-002   1.0000000000000000E-050   1.0000000000000000E-050   7.8032657772882723E-011   1.2093889602878024E-007   5.8232040347288574E-005   1.0299493819417485E-002  0.94426551416098359     
   3.8558334056408593E-002   1.0000000000000000E-050   1.0000000000000000E-050   3.9003868795603013E-010   2.3574337841428592E-007   1.0768705975368022E-004   3.6239777158794388E-002  0.94426551416098359     
   2.1948496167242357E-002   1.0000000000000000E-050   1.0000000000000000E-050   1.0585429217092572E-009   4.2763959446131319E-007   1.6838921197549531E-004   8.2669183287767747E-002  0.96039173660829036     
   1.2493705856137398E-002   1.0000000000000000E-050   1.0000000000000000E-050   1.4340228979005607E-009   5.2189647667102094E-007   1.8153714845665968E-004  0.12575281703560071       0.96039173660829036     
   7.1117713409744304E-003   1.0000000000000000E-050   1.1829351587079872E-011   2.1440221052277431E-009   6.7886251620806173E-007   2.5865411821143449E-004  0.19876891756639106       0.96039173660829036     
   4.0482217357038133E-003   1.0000000000000000E-050   2.2471951389915104E-011   2.4939801325960266E-009   7.6062092107684256E-007   3.0213945935421763E-004  0.28300389714512875       0.96039173660829036     
   2.3043625048804364E-003   1.0000000000000000E-050   3.0746780104501966E-011   2.6248629029764366E-009   8.2061609892224638E-007   3.1607339429590625E-004  0.33578826069238793       0.96039173660829036     
   1.3117084242362136E-003   1.6668760897582249E-012   3.1764615911471897E-011   2.7288310467086205E-009   8.5096267004005057E-007   3.3271565290301743E-004  0.33578826069238793       0.96039173660829036     
   7.4666159797697590E-004   1.7216798687611574E-012   3.2025977201093328E-011   2.7304356653981245E-009   8.5168396042143762E-007   3.3271565290301743E-004  0.33578826069238793       0.96039173660829036     
   4.2502093574504289E-004   1.7216798687611574E-012   3.2025977201093328E-011   2.7304356653981245E-009   8.5168396042143762E-007   3.3271565290301743E-004  0.33578826069238793       0.96039173660829036     
   2.4193395818270278E-004   1.7216798687611574E-012   3.2025977201093328E-011   2.7304356653981245E-009   8.5168396042143762E-007   3.3271565290301743E-004  0.33578826069238793       0.96039173660829036     
   1.3771566339278239E-004   1.7216798687611574E-012   3.2025977201093328E-011   2.7304356653981245E-009   8.5168396042143762E-007   3.3271565290301743E-004  0.33578826069238793       0.96039173660829036     
   7.8391657319109545E-005   1.7216798687611574E-012   3.2025977201093328E-011   2.7304356653981245E-009   8.5168396042143762E-007   3.3271565290301743E-004  0.33578826069238793       0.96039173660829036     
   4.4622752313291112E-005   1.7216798687611574E-012   3.2025977201093328E-011   2.7304356653981245E-009   8.5168396042143762E-007   3.3271565290301743E-004  0.33578826069238793       0.96039173660829036     
   2.5400534854209896E-005   1.7216798687611574E-012   3.2025977201093328E-011   2.7304356653981245E-009   8.5168396042143762E-007   3.3271565290301743E-004  0.33578826069238793       0.96039173660829036     
   1.4458704078810472E-005   1.7216798687611574E-012   3.2025977201093328E-011   2.7304356653981245E-009   8.5168396042143762E-007   3.3271565290301743E-004  0.33578826069238793       0.96039173660829036     
   8.2303040010184139E-006   1.7216798687611574E-012   3.2025977201093328E-011   2.7304356653981245E-009   8.5168396042143762E-007   3.3271565290301743E-004  0.33578826069238793       0.96039173660829036     
   4.6849222157088578E-006   1.7216798687611574E-012   3.2025977201093328E-011   2.7304356653981245E-009   8.5168396042143762E-007   3.3271565290301743E-004  0.33578826069238793       0.96039173660829036     
   2.6667904568927830E-006   1.7216798687611574E-012   3.2025977201093328E-011   2.7304356653981245E-009   8.5168396042143762E-007   3.3271565290301743E-004  0.33578826069238793       0.96039173660829036     
   1.5180126827139621E-006   1.7216798687611574E-012   3.2025977201093328E-011   2.7304356653981245E-009   8.5168396042143762E-007   3.3271565290301743E-004  0.33578826069238793       0.96039173660829036     
   8.6409582684849018E-007   1.7216798687611574E-012   3.2025977201093328E-011   2.7304356653981245E-009   8.5168396042143762E-007   3.3271565290301743E-004  0.33578826069238793       0.96039173660829036     
   4.9186782592755769E-007   1.7216798687611574E-012   3.2025977201093328E-011   2.7304356653981245E-009   8.5168396042143762E-007   3.3271565290301743E-004  0.33578826069238793       0.96039173660829036     
   2.7998510195921068E-007   1.7216798687611574E-012   3.2025977201093328E-011   2.7304356653981245E-009   8.5168396042143762E-007   3.3271565290301743E-004  0.33578826069238793       0.96039173660829036     
   1.5937545248315374E-007   1.7216798687611574E-012   3.2025977201093328E-011   2.7304356653981245E-009   8.5168396042143762E-007   3.3271565290301743E-004  0.33578826069238793       0.96039173660829036     
   9.0721022927535153E-008   1.7216798687611574E-012   3.2025977201093328E-011   2.7304356653981245E-009   8.5168396042143762E-007   3.3271565290301743E-004  0.33578826069238793       0.96039173660829036     
   5.1640976529232913E-008   1.7216798687611574E-012   3.2025977201093328E-011   2.7304356653981245E-009   8.5168396042143762E-007   3.3271565290301743E-004  0.33578826069238793       0.96039173660829036     
   2.9395506915998130E-008   1.7216798687611574E-012   3.2025977201093328E-011   2.7304356653981245E-009   8.5168396042143762E-007   3.3271565290301743E-004  0.33578826069238793       0.96039173660829036     
   1.6732755360645565E-008   1.7216798687611574E-012   3.2025977201093328E-011   2.7304356653981245E-009   8.5168396042143762E-007   3.3271565290301743E-004  0.33578826069238793       0.96039173660829036     
   9.5247584183293182E-009   1.7216798687611574E-012   3.2025977201093328E-011   2.7304356653981245E-009   8.5168396042143762E-007   3.3271565290301743E-004  0.33578826069238793       0.96039173660829036     
   5.4217623441089843E-009   1.7216798687611574E-012   3.2025977201093328E-011   2.7304356653981245E-009   8.5168396042143762E-007   3.3271565290301743E-004  0.33578826069238793       0.96039173660829036     
   3.0862207338959722E-009   1.7216798687611574E-012   3.2025977201093328E-011   2.7304356653981245E-009   8.5168396042143762E-007   3.3271565290301743E-004  0.33578826069238793       0.96039173660829036     
   1.7567642795480425E-009   1.7216798687611574E-012   3.2025977201093328E-011   2.7304356653981245E-009   8.5168396042143762E-007   3.3271565290301743E-004  0.33578826069238793       0.96039173660829036     
   1.0000000000000007E-009   1.7216798687611574E-012   3.2025977201093328E-011   2.7304356653981245E-009   8.5168396042143762E-007   3.3271565290301743E-004  0.33578826069238793       0.96039173660829036     
