   979.40230812007405        500000000.00000048        500000000.00000048        500000000.00000048        500000000.00000048        500000000.00000048        500000000.00000048        500000000.00000048     
   557.50354189353186        500000000.00000048        500000000.00000048        500000000.00000048        500000000.00000048        500000000.00000048        500000000.00000048        500000000.00000048     
   317.34681105706369        500000000.00000048        500000000.00000048        500000000.00000048        500000000.00000048        500000000.00000048        500000000.00000048        500000000.00000048     
   180.64279582159207        500000000.00000048        500000000.00000048        500000000.00000048        500000000.00000048        500000000.00000048        500000000.00000048        500000000.00000048     
   102.82699729531451        500000000.00000048        500000000.00000048        500000000.00000048        500000000.00000048        500000000.00000048        500000000.00000048        500000000.00000048     
   58.532040121949890        500000000.00000048        500000000.00000048        500000000.00000048        500000000.00000048        500000000.00000048        500000000.00000048        500000000.00000048     
   33.318095548372689        500000000.00000048        500000000.00000048        500000000.00000048        500000000.00000048        500000000.00000048        500000000.00000048        500000000.00000048     
   18.965603943714228        500000000.00000048        500000000.00000048        500000000.00000048        500000000.00000048        500000000.00000048        500000000.00000048        500000000.00000048     
   10.795759092160859        500000000.00000048        500000000.00000048        500000000.00000048        500000000.00000048        500000000.00000048        500000000.00000048        500000000.00000048     
   6.1452519372367016        500000000.00000048        500000000.00000048        500000000.00000048        500000000.00000048        500000000.00000048        500000000.00000048        500000000.00000048     
   3.4980515079790142        500000000.00000048        500000000.00000048        500000000.00000048        500000000.00000048        500000000.00000048        500000000.00000048        500000000.00000048     
   1.9911900240133202        500000000.00000048        500000000.00000048        500000000.00000048        500000000.00000048        500000000.00000048        500000000.00000048        500000000.00000048     
   1.1334417754245223        500000000.00000048        500000000.00000048        500000000.00000048        500000000.00000048        500000000.00000048        500000000.00000048        500000000.00000048     
  0.64518717087993060        500000000.00000048        500000000.00000048        500000000.00000048        500000000.00000048        500000000.00000048        500000000.00000048        500000000.00000048     
  0.36725881690053191        500000000.00000048        500000000.00000048        500000000.00000048        500000000.00000048        500000000.00000048        500000000.00000048        500000000.00000048     
  0.20905412363861103        500000000.00000048        500000000.00000048        500000000.00000048        500000000.00000048        500000000.00000048        500000000.00000048        500000000.00000048     
  0.11899953002937490        500000000.00000048        500000000.00000048        500000000.00000048        500000000.00000048        500000000.00000048        500000000.00000048        500000000.00000048     
   6.7737903949179473E-002   500000000.00000048        500000000.00000048        500000000.00000048        500000000.00000048        500000000.00000048        500000000.00000048        500000000.00000048     
   3.8558334056408593E-002   500000000.00000048        500000000.00000048        500000000.00000048        500000000.00000048        500000000.00000048        500000000.00000048        500000000.00000048     
   2.1948496167242357E-002   500000000.00000048        500000000.00000048        500000000.00000048        500000000.00000048        500000000.00000048        500000000.00000048        500000000.00000048     
   1.2493705856137398E-002   500000000.00000048        500000000.00000048        500000000.00000048        500000000.00000048        500000000.00000048        500000000.00000048        500000000.00000048     
   7.1117713409744304E-003   500000000.00000048        500000000.00000048        500000000.00000048        500000000.00000048        500000000.00000048        500000000.00000048        500000000.00000048     
   4.0482217357038133E-003   500000000.00000048        500000000.00000048        500000000.00000048        500000000.00000048        500000000.00000048        500000000.00000048        500000000.00000048     
   2.3043625048804364E-003   500000000.00000048        500000000.00000048        500000000.00000048        500000000.00000048        500000000.00000048        500000000.00000048        500000000.00000048     
   1.3117084242362136E-003   500000000.00000048        500000000.00000048        500000000.00000048        500000000.00000048        500000000.00000048        500000000.00000048        500000000.00000048     
   7.4666159797697590E-004   500000000.00000048        500000000.00000048        500000000.00000048        500000000.00000048        500000000.00000048        500000000.00000048        500000000.00000048     
   4.2502093574504289E-004   500000000.00000048        500000000.00000048        500000000.00000048        500000000.00000048        500000000.00000048        500000000.00000048        500000000.00000048     
   2.4193395818270278E-004   500000000.00000048        500000000.00000048        500000000.00000048        500000000.00000048        500000000.00000048        500000000.00000048        500000000.00000048     
   1.3771566339278239E-004   500000000.00000048        500000000.00000048        500000000.00000048        500000000.00000048        500000000.00000048        500000000.00000048        500000000.00000048     
   7.8391657319109545E-005   500000000.00000048        500000000.00000048        500000000.00000048        500000000.00000048        500000000.00000048        500000000.00000048        500000000.00000048     
   4.4622752313291112E-005   500000000.00000048        500000000.00000048        500000000.00000048        500000000.00000048        500000000.00000048        500000000.00000048        500000000.00000048     
   2.5400534854209896E-005   500000000.00000048        500000000.00000048        500000000.00000048        500000000.00000048        500000000.00000048        500000000.00000048        500000000.00000048     
   1.4458704078810472E-005   500000000.00000048        500000000.00000048        500000000.00000048        500000000.00000048        500000000.00000048        500000000.00000048        500000000.00000048     
   8.2303040010184139E-006   500000000.00000048        500000000.00000048        500000000.00000048        500000000.00000048        500000000.00000048        500000000.00000048        500000000.00000048     
   4.6849222157088578E-006   500000000.00000048        500000000.00000048        500000000.00000048        500000000.00000048        500000000.00000048        500000000.00000048        500000000.00000048     
   2.6667904568927830E-006   500000000.00000048        500000000.00000048        500000000.00000048        500000000.00000048        500000000.00000048        500000000.00000048        500000000.00000048     
   1.5180126827139621E-006   500000000.00000048        500000000.00000048        500000000.00000048        500000000.00000048        500000000.00000048        500000000.00000048        500000000.00000048     
   8.6409582684849018E-007   500000000.00000048        500000000.00000048        500000000.00000048        500000000.00000048        500000000.00000048        500000000.00000048        500000000.00000048     
   4.9186782592755769E-007   500000000.00000048        500000000.00000048        500000000.00000048        500000000.00000048        500000000.00000048        500000000.00000048        500000000.00000048     
   2.7998510195921068E-007   500000000.00000048        500000000.00000048        500000000.00000048        500000000.00000048        500000000.00000048        500000000.00000048        500000000.00000048     
   1.5937545248315374E-007   500000000.00000048        500000000.00000048        500000000.00000048        500000000.00000048        500000000.00000048        500000000.00000048        500000000.00000048     
   9.0721022927535153E-008   500000000.00000048        500000000.00000048        500000000.00000048        500000000.00000048        500000000.00000048        500000000.00000048        500000000.00000048     
   5.1640976529232913E-008   500000000.00000048        500000000.00000048        500000000.00000048        500000000.00000048        500000000.00000048        500000000.00000048        500000000.00000048     
   2.9395506915998130E-008   500000000.00000048        500000000.00000048        500000000.00000048        500000000.00000048        500000000.00000048        500000000.00000048        500000000.00000048     
   1.6732755360645565E-008   500000000.00000048        500000000.00000048        500000000.00000048        500000000.00000048        500000000.00000048        500000000.00000048        500000000.00000048     
   9.5247584183293182E-009   500000000.00000048        500000000.00000048        500000000.00000048        500000000.00000048        500000000.00000048        500000000.00000048        500000000.00000048     
   5.4217623441089843E-009   500000000.00000048        500000000.00000048        500000000.00000048        500000000.00000048        500000000.00000048        500000000.00000048        500000000.00000048     
   3.0862207338959722E-009   500000000.00000048        500000000.00000048        500000000.00000048        500000000.00000048        500000000.00000048        500000000.00000048        500000000.00000048     
   1.7567642795480425E-009   500000000.00000048        500000000.00000048        500000000.00000048        500000000.00000048        500000000.00000048        500000000.00000048        500000000.00000048     
   1.0000000000000007E-009   500000000.00000048        500000000.00000048        500000000.00000048        500000000.00000048        500000000.00000048        500000000.00000048        500000000.00000048     
