   979.40230812007405        1.0000000000000000E-050   1.0000000000000000E-050   1.0000000000000000E-050   1.0000000000000000E-050   1.0000000000000000E-050   1.0000000000000000E-050   1.3417093470758748E-004
   557.50354189353186        1.0000000000000000E-050   1.0000000000000000E-050   1.0000000000000000E-050   1.0000000000000000E-050   1.0000000000000000E-050   7.7504958136212492E-006  0.99132968589502135     
   317.34681105706369        1.0000000000000000E-050   1.0000000000000000E-050   1.0000000000000000E-050   1.0000000000000000E-050   1.0000000000000000E-050   2.5582991315246887E-003  0.99792699939858376     
   180.64279582159207        1.0000000000000000E-050   1.0000000000000000E-050   1.0000000000000000E-050   1.0000000000000000E-050   1.0000000000000000E-050   1.2743729594419788E-002  0.99792699939858376     
   102.82699729531451        1.0000000000000000E-050   1.0000000000000000E-050   1.0000000000000000E-050   1.0000000000000000E-050   6.4305832266703020E-008   3.7018137514503210E-002  0.99792699939858376     
   58.532040121949890        1.0000000000000000E-050   1.0000000000000000E-050   1.0000000000000000E-050   1.0000000000000000E-050   1.7377762726106525E-006   7.7262157146503405E-002  0.99792699939858376     
   33.318095548372689        1.0000000000000000E-050   1.0000000000000000E-050   1.0000000000000000E-050   1.0000000000000000E-050   1.3829388921184142E-005  0.12894517120736917       0.99792699939858376     
   18.965603943714228        1.0000000000000000E-050   1.0000000000000000E-050   1.0000000000000000E-050   1.0000000000000000E-050   7.6277845007320696E-005  0.19197202820017459       0.99792699939858376     
   10.795759092160859        1.0000000000000000E-050   1.0000000000000000E-050   1.0000000000000000E-050   1.0000000000000000E-050   2.0612307979721523E-004  0.22874935704588029       0.99792699939858376     
   6.1452519372367016        1.0000000000000000E-050   1.0000000000000000E-050   1.0000000000000000E-050   3.7322824858987835E-010   5.8748639871260104E-004  0.37932009105289682       0.99918305048837863     
   3.4980515079790142        1.0000000000000000E-050   1.0000000000000000E-050   1.0000000000000000E-050   6.5601726602452789E-009   1.5880244128833898E-003  0.42918994265674210       0.99918305048837863     
   1.9911900240133202        1.0000000000000000E-050   1.0000000000000000E-050   1.0000000000000000E-050   4.4375664151582057E-008   3.5284462772432073E-003  0.58057445819859099       0.99918305048837863     
   1.1334417754245223        1.0000000000000000E-050   1.0000000000000000E-050   1.0000000000000000E-050   1.4765042309548669E-007   5.8112374361974032E-003  0.70449794138581068       0.99918305048837863     
  0.64518717087993060        1.0000000000000000E-050   1.0000000000000000E-050   1.0000000000000000E-050   3.9191474972790024E-007   8.2859736143850379E-003  0.77434592393599888       0.99918305048837863     
  0.36725881690053191        1.0000000000000000E-050   1.0000000000000000E-050   1.0000000000000000E-050   8.4469051009885354E-007   1.1455937207721161E-002  0.87133313753421404       0.99981522633053954     
  0.20905412363861103        1.0000000000000000E-050   1.0000000000000000E-050   1.0000000000000000E-050   1.7754708797660476E-006   1.5464234593486141E-002  0.92986730152069552       0.99981522633053954     
  0.11899953002937490        1.0000000000000000E-050   1.0000000000000000E-050   6.3045470909023957E-011   3.7591863828280800E-006   2.4318623068566237E-002  0.97001010468489546       0.99981522633053954     
   6.7737903949179473E-002   1.0000000000000000E-050   1.0000000000000000E-050   3.3468486241883991E-010   5.5415007480575457E-006   3.1975049095445976E-002  0.97261836796362577       0.99981522633053954     
   3.8558334056408593E-002   1.0000000000000000E-050   1.0000000000000000E-050   1.8930380674944776E-009   1.3210350127531740E-005   4.9139436740914477E-002  0.98297211965295306       0.99981522633053954     
   2.1948496167242357E-002   1.0000000000000000E-050   1.0000000000000000E-050   7.1679693584711122E-009   2.5988634828965907E-005   7.2805631896022197E-002  0.98341916127885176       0.99981522633053954     
   1.2493705856137398E-002   1.0000000000000000E-050   1.0000000000000000E-050   1.0368166217604060E-008   3.5203648424080429E-005   7.8187870779380456E-002  0.98341916127885176       0.99981522633053954     
   7.1117713409744304E-003   1.0000000000000000E-050   3.4314337474952068E-011   1.6392299314079173E-008   4.6648302238291941E-005   8.4978109756609577E-002  0.98341916127885176       0.99981522633053954     
   4.0482217357038133E-003   1.0000000000000000E-050   8.8980755149761336E-011   2.0586456371947625E-008   5.3104501842999128E-005   9.0293316836162957E-002  0.98341916127885176       0.99981522633053954     
   2.3043625048804364E-003   1.0000000000000000E-050   1.1868133372712044E-010   2.4379906679968431E-008   5.7123720080467796E-005   9.3434602709456763E-002  0.98341916127885176       0.99981522633053954     
   1.3117084242362136E-003   6.8153472786339867E-012   1.2661762971114361E-010   2.5534210511427531E-008   6.2671238922790674E-005   9.3918481094987016E-002  0.98341916127885176       0.99981522633053954     
   7.4666159797697590E-004   7.9663550081930611E-012   1.3045802495536631E-010   2.6508567367040552E-008   6.3210509018172582E-005   9.4921881738169941E-002  0.98341916127885176       0.99981522633053954     
   4.2502093574504289E-004   7.9663550081930611E-012   1.3045802495536631E-010   2.6508567367040552E-008   6.3210509018172582E-005   9.4921881738169941E-002  0.98341916127885176       0.99981522633053954     
   2.4193395818270278E-004   7.9663550081930611E-012   1.3045802495536631E-010   2.6508567367040552E-008   6.3210509018172582E-005   9.4921881738169941E-002  0.98341916127885176       0.99981522633053954     
   1.3771566339278239E-004   7.9663550081930611E-012   1.3045802495536631E-010   2.6508567367040552E-008   6.3210509018172582E-005   9.4921881738169941E-002  0.98341916127885176       0.99981522633053954     
   7.8391657319109545E-005   7.9663550081930611E-012   1.3045802495536631E-010   2.6508567367040552E-008   6.3210509018172582E-005   9.4921881738169941E-002  0.98341916127885176       0.99981522633053954     
   4.4622752313291112E-005   7.9663550081930611E-012   1.3045802495536631E-010   2.6508567367040552E-008   6.3210509018172582E-005   9.4921881738169941E-002  0.98341916127885176       0.99981522633053954     
   2.5400534854209896E-005   7.9663550081930611E-012   1.3045802495536631E-010   2.6508567367040552E-008   6.3210509018172582E-005   9.4921881738169941E-002  0.98341916127885176       0.99981522633053954     
   1.4458704078810472E-005   7.9663550081930611E-012   1.3045802495536631E-010   2.6508567367040552E-008   6.3210509018172582E-005   9.4921881738169941E-002  0.98341916127885176       0.99981522633053954     
   8.2303040010184139E-006   7.9663550081930611E-012   1.3045802495536631E-010   2.6508567367040552E-008   6.3210509018172582E-005   9.4921881738169941E-002  0.98341916127885176       0.99981522633053954     
   4.6849222157088578E-006   7.9663550081930611E-012   1.3045802495536631E-010   2.6508567367040552E-008   6.3210509018172582E-005   9.4921881738169941E-002  0.98341916127885176       0.99981522633053954     
   2.6667904568927830E-006   7.9663550081930611E-012   1.3045802495536631E-010   2.6508567367040552E-008   6.3210509018172582E-005   9.4921881738169941E-002  0.98341916127885176       0.99981522633053954     
   1.5180126827139621E-006   7.9663550081930611E-012   1.3045802495536631E-010   2.6508567367040552E-008   6.3210509018172582E-005   9.4921881738169941E-002  0.98341916127885176       0.99981522633053954     
   8.6409582684849018E-007   7.9663550081930611E-012   1.3045802495536631E-010   2.6508567367040552E-008   6.3210509018172582E-005   9.4921881738169941E-002  0.98341916127885176       0.99981522633053954     
   4.9186782592755769E-007   7.9663550081930611E-012   1.3045802495536631E-010   2.6508567367040552E-008   6.3210509018172582E-005   9.4921881738169941E-002  0.98341916127885176       0.99981522633053954     
   2.7998510195921068E-007   7.9663550081930611E-012   1.3045802495536631E-010   2.6508567367040552E-008   6.3210509018172582E-005   9.4921881738169941E-002  0.98341916127885176       0.99981522633053954     
   1.5937545248315374E-007   7.9663550081930611E-012   1.3045802495536631E-010   2.6508567367040552E-008   6.3210509018172582E-005   9.4921881738169941E-002  0.98341916127885176       0.99981522633053954     
   9.0721022927535153E-008   7.9663550081930611E-012   1.3045802495536631E-010   2.6508567367040552E-008   6.3210509018172582E-005   9.4921881738169941E-002  0.98341916127885176       0.99981522633053954     
   5.1640976529232913E-008   7.9663550081930611E-012   1.3045802495536631E-010   2.6508567367040552E-008   6.3210509018172582E-005   9.4921881738169941E-002  0.98341916127885176       0.99981522633053954     
   2.9395506915998130E-008   7.9663550081930611E-012   1.3045802495536631E-010   2.6508567367040552E-008   6.3210509018172582E-005   9.4921881738169941E-002  0.98341916127885176       0.99981522633053954     
   1.6732755360645565E-008   7.9663550081930611E-012   1.3045802495536631E-010   2.6508567367040552E-008   6.3210509018172582E-005   9.4921881738169941E-002  0.98341916127885176       0.99981522633053954     
   9.5247584183293182E-009   7.9663550081930611E-012   1.3045802495536631E-010   2.6508567367040552E-008   6.3210509018172582E-005   9.4921881738169941E-002  0.98341916127885176       0.99981522633053954     
   5.4217623441089843E-009   7.9663550081930611E-012   1.3045802495536631E-010   2.6508567367040552E-008   6.3210509018172582E-005   9.4921881738169941E-002  0.98341916127885176       0.99981522633053954     
   3.0862207338959722E-009   7.9663550081930611E-012   1.3045802495536631E-010   2.6508567367040552E-008   6.3210509018172582E-005   9.4921881738169941E-002  0.98341916127885176       0.99981522633053954     
   1.7567642795480425E-009   7.9663550081930611E-012   1.3045802495536631E-010   2.6508567367040552E-008   6.3210509018172582E-005   9.4921881738169941E-002  0.98341916127885176       0.99981522633053954     
   1.0000000000000007E-009   7.9663550081930611E-012   1.3045802495536631E-010   2.6508567367040552E-008   6.3210509018172582E-005   9.4921881738169941E-002  0.98341916127885176       0.99981522633053954     
