   979.40230812007405        1.0000000000000000E-050   1.0000000000000000E-050   1.0000000000000000E-050   1.0000000000000000E-050   1.0000000000000000E-050   1.0000000000000000E-050   8.4895529801335672E-008
   557.50354189353186        1.0000000000000000E-050   1.0000000000000000E-050   1.0000000000000000E-050   1.0000000000000000E-050   1.0000000000000000E-050   8.3356125657268886E-008  0.99986937164202772     
   317.34681105706369        1.0000000000000000E-050   1.0000000000000000E-050   1.0000000000000000E-050   1.0000000000000000E-050   1.0000000000000000E-050   3.9745386317752295E-007  0.99986937164202772     
   180.64279582159207        1.0000000000000000E-050   1.0000000000000000E-050   1.0000000000000000E-050   1.0000000000000000E-050   1.0000000000000000E-050   9.6717946107950311E-007  0.99986937164202772     
   102.82699729531451        1.0000000000000000E-050   1.0000000000000000E-050   1.0000000000000000E-050   1.0000000000000000E-050   1.1515674947848058E-008   1.4910578052944570E-006  0.99993540372328182     
   58.532040121949890        1.0000000000000000E-050   1.0000000000000000E-050   1.0000000000000000E-050   1.0000000000000000E-050   4.3848563865860995E-008   1.9367009451631275E-006  0.99999268293480148     
   33.318095548372689        1.0000000000000000E-050   1.0000000000000000E-050   1.0000000000000000E-050   1.0000000000000000E-050   9.2650475974761084E-008   3.5584638804987344E-006  0.99999476586733693     
   18.965603943714228        1.0000000000000000E-050   1.0000000000000000E-050   1.0000000000000000E-050   1.0000000000000000E-050   1.5547125835685417E-007   4.3696732393976471E-006  0.99999476586733693     
   10.795759092160859        1.0000000000000000E-050   1.0000000000000000E-050   1.0000000000000000E-050   1.0000000000000000E-050   2.1010978185068794E-007   4.9949001645797928E-006  0.99999476586733693     
   6.1452519372367016        1.0000000000000000E-050   1.0000000000000000E-050   1.0000000000000000E-050   3.5165805342007988E-010   2.8439836992151032E-007   6.2450606633390002E-006  0.99999476586733693     
   3.4980515079790142        1.0000000000000000E-050   1.0000000000000000E-050   1.0000000000000000E-050   1.9986447409554007E-009   3.8782163233354054E-007   1.6220561373792999E-005  0.99999476586733693     
   1.9911900240133202        1.0000000000000000E-050   1.0000000000000000E-050   1.0000000000000000E-050   5.4453290406527250E-009   4.5903147900468443E-007   5.6427977077140835E-005  0.99999476586733693     
   1.1334417754245223        1.0000000000000000E-050   1.0000000000000000E-050   1.0000000000000000E-050   1.3980224676585750E-008   5.7999391584590968E-007   2.0727375754156546E-003  0.99999476586733693     
  0.64518717087993060        1.0000000000000000E-050   1.0000000000000000E-050   1.0000000000000000E-050   2.2177760959204665E-008   7.0325907253968416E-007   2.4647155167055582E-002  0.99999476586733693     
  0.36725881690053191        1.0000000000000000E-050   1.0000000000000000E-050   1.0000000000000000E-050   3.2719446849590874E-008   8.4846697045002950E-007  0.19445374275983354       0.99999476586733693     
  0.20905412363861103        1.0000000000000000E-050   1.0000000000000000E-050   1.0000000000000000E-050   4.6606373744665340E-008   9.8659993181566019E-007  0.22565404942686371       0.99999476586733693     
  0.11899953002937490        1.0000000000000000E-050   1.0000000000000000E-050   8.6567953812469922E-011   5.9571844848530583E-008   1.2098502121659110E-006  0.27836025182483071       0.99999476586733693     
   6.7737903949179473E-002   1.0000000000000000E-050   1.0000000000000000E-050   3.0298353830430267E-010   7.1851483771067913E-008   1.5182729179929065E-006  0.27836025182483071       0.99999476586733693     
   3.8558334056408593E-002   1.0000000000000000E-050   1.0000000000000000E-050   9.5636606431451297E-010   9.8041325959809096E-008   2.0515687474567585E-006  0.27836025182483071       0.99999476586733693     
   2.1948496167242357E-002   1.0000000000000000E-050   1.0000000000000000E-050   1.9986447409554007E-009   1.3198716174427862E-007   3.5584638804987344E-006  0.40201373405812008       0.99999476586733693     
   1.2493705856137398E-002   1.0000000000000000E-050   1.0000000000000000E-050   2.9843851506052455E-009   1.4259288516323452E-007   4.1629427888466892E-006  0.40201373405812008       0.99999476586733693     
   7.1117713409744304E-003   1.0000000000000000E-050   2.9539886183601934E-011   4.0547636970485043E-009   1.6489819739823945E-007   4.8992176486215342E-006  0.40201373405812008       0.99999476586733693     
   4.0482217357038133E-003   1.0000000000000000E-050   8.9655344382351033E-011   4.6182965618212884E-009   1.7476252086863742E-007   5.5312473608458898E-006  0.40201373405812008       0.99999476586733693     
   2.3043625048804364E-003   1.0000000000000000E-050   1.1409818848917317E-010   4.8520564606664088E-009   1.8306792026490115E-007   5.7898797848670701E-006  0.40201373405812008       0.99999476586733693     
   1.3117084242362136E-003   6.1889958063253536E-012   1.5748091756534017E-010   5.0296272131069776E-009   1.8665223603068695E-007   6.0032223986292012E-006  0.40201373405812008       0.99999476586733693     
   7.4666159797697590E-004   6.7073624680229525E-012   1.6966147021762201E-010   5.0812692397230559E-009   1.8677587286678273E-007   6.0118795299183478E-006  0.40201373405812008       0.99999476586733693     
   4.2502093574504289E-004   6.7073624680229525E-012   1.6966147021762201E-010   5.0812692397230559E-009   1.8677587286678273E-007   6.0118795299183478E-006  0.40201373405812008       0.99999476586733693     
   2.4193395818270278E-004   6.7073624680229525E-012   1.6966147021762201E-010   5.0812692397230559E-009   1.8677587286678273E-007   6.0118795299183478E-006  0.40201373405812008       0.99999476586733693     
   1.3771566339278239E-004   6.7073624680229525E-012   1.6966147021762201E-010   5.0812692397230559E-009   1.8677587286678273E-007   6.0118795299183478E-006  0.40201373405812008       0.99999476586733693     
   7.8391657319109545E-005   6.7073624680229525E-012   1.6966147021762201E-010   5.0812692397230559E-009   1.8677587286678273E-007   6.0118795299183478E-006  0.40201373405812008       0.99999476586733693     
   4.4622752313291112E-005   6.7073624680229525E-012   1.6966147021762201E-010   5.0812692397230559E-009   1.8677587286678273E-007   6.0118795299183478E-006  0.40201373405812008       0.99999476586733693     
   2.5400534854209896E-005   6.7073624680229525E-012   1.6966147021762201E-010   5.0812692397230559E-009   1.8677587286678273E-007   6.0118795299183478E-006  0.40201373405812008       0.99999476586733693     
   1.4458704078810472E-005   6.7073624680229525E-012   1.6966147021762201E-010   5.0812692397230559E-009   1.8677587286678273E-007   6.0118795299183478E-006  0.40201373405812008       0.99999476586733693     
   8.2303040010184139E-006   6.7073624680229525E-012   1.6966147021762201E-010   5.0812692397230559E-009   1.8677587286678273E-007   6.0118795299183478E-006  0.40201373405812008       0.99999476586733693     
   4.6849222157088578E-006   6.7073624680229525E-012   1.6966147021762201E-010   5.0812692397230559E-009   1.8677587286678273E-007   6.0118795299183478E-006  0.40201373405812008       0.99999476586733693     
   2.6667904568927830E-006   6.7073624680229525E-012   1.6966147021762201E-010   5.0812692397230559E-009   1.8677587286678273E-007   6.0118795299183478E-006  0.40201373405812008       0.99999476586733693     
   1.5180126827139621E-006   6.7073624680229525E-012   1.6966147021762201E-010   5.0812692397230559E-009   1.8677587286678273E-007   6.0118795299183478E-006  0.40201373405812008       0.99999476586733693     
   8.6409582684849018E-007   6.7073624680229525E-012   1.6966147021762201E-010   5.0812692397230559E-009   1.8677587286678273E-007   6.0118795299183478E-006  0.40201373405812008       0.99999476586733693     
   4.9186782592755769E-007   6.7073624680229525E-012   1.6966147021762201E-010   5.0812692397230559E-009   1.8677587286678273E-007   6.0118795299183478E-006  0.40201373405812008       0.99999476586733693     
   2.7998510195921068E-007   6.7073624680229525E-012   1.6966147021762201E-010   5.0812692397230559E-009   1.8677587286678273E-007   6.0118795299183478E-006  0.40201373405812008       0.99999476586733693     
   1.5937545248315374E-007   6.7073624680229525E-012   1.6966147021762201E-010   5.0812692397230559E-009   1.8677587286678273E-007   6.0118795299183478E-006  0.40201373405812008       0.99999476586733693     
   9.0721022927535153E-008   6.7073624680229525E-012   1.6966147021762201E-010   5.0812692397230559E-009   1.8677587286678273E-007   6.0118795299183478E-006  0.40201373405812008       0.99999476586733693     
   5.1640976529232913E-008   6.7073624680229525E-012   1.6966147021762201E-010   5.0812692397230559E-009   1.8677587286678273E-007   6.0118795299183478E-006  0.40201373405812008       0.99999476586733693     
   2.9395506915998130E-008   6.7073624680229525E-012   1.6966147021762201E-010   5.0812692397230559E-009   1.8677587286678273E-007   6.0118795299183478E-006  0.40201373405812008       0.99999476586733693     
   1.6732755360645565E-008   6.7073624680229525E-012   1.6966147021762201E-010   5.0812692397230559E-009   1.8677587286678273E-007   6.0118795299183478E-006  0.40201373405812008       0.99999476586733693     
   9.5247584183293182E-009   6.7073624680229525E-012   1.6966147021762201E-010   5.0812692397230559E-009   1.8677587286678273E-007   6.0118795299183478E-006  0.40201373405812008       0.99999476586733693     
   5.4217623441089843E-009   6.7073624680229525E-012   1.6966147021762201E-010   5.0812692397230559E-009   1.8677587286678273E-007   6.0118795299183478E-006  0.40201373405812008       0.99999476586733693     
   3.0862207338959722E-009   6.7073624680229525E-012   1.6966147021762201E-010   5.0812692397230559E-009   1.8677587286678273E-007   6.0118795299183478E-006  0.40201373405812008       0.99999476586733693     
   1.7567642795480425E-009   6.7073624680229525E-012   1.6966147021762201E-010   5.0812692397230559E-009   1.8677587286678273E-007   6.0118795299183478E-006  0.40201373405812008       0.99999476586733693     
   1.0000000000000007E-009   6.7073624680229525E-012   1.6966147021762201E-010   5.0812692397230559E-009   1.8677587286678273E-007   6.0118795299183478E-006  0.40201373405812008       0.99999476586733693     
