   6.0301510000000009        1.9061659488183084E-008   1.4498609999999999E-008   1.2696919999999999E-007
   6.0907549999999997        2.0110693341338292E-008   1.6941530000000000E-008  -1.5895759999999999E-007
   6.1519690000000002        2.2186178777471506E-008   2.0718350000000000E-008   2.3958799999999999E-007
   6.2137979999999997        1.7962507028704744E-008   1.9846650000000000E-008   3.9736219999999999E-007
   6.2762479999999998        1.3649673812798640E-008   2.0262889999999999E-008   2.6758319999999998E-007
   6.3393259999999998        1.8322914864986231E-008   2.0350919999999999E-008   8.2406809999999998E-007
   6.4030379999999996        2.8554360069762425E-008   2.1377450000000001E-008   2.4043970000000002E-007
   6.4673900000000000        4.4731430434061627E-008   2.2001879999999999E-008  -5.5539639999999997E-008
   6.5323890000000011        4.0003642848266899E-008   2.3237600000000001E-008  -4.9034949999999998E-007
   6.5980410000000012        3.4500353424988307E-008   2.4389010000000001E-008   5.1940949999999999E-008
   6.6643530000000002        3.2717164350654118E-008   2.5521750000000002E-008   1.1872890000000000E-007
   6.7313310000000008        2.9803508187041963E-008   2.6258599999999999E-008  -3.2299870000000003E-008
   6.7989830000000007        3.2606332535947360E-008   2.7914850000000001E-008   2.9060430000000000E-007
   6.8673140000000004        3.8894835009512639E-008   3.0759090000000000E-008   1.1408510000000000E-007
   6.9363330000000003        3.7911871704295234E-008   3.3409369999999997E-008  -4.9632040000000001E-007
   7.0060440000000010        4.4372927325543941E-008   3.6695229999999999E-008   2.9608770000000002E-007
   7.0764570000000004        4.5216465467208576E-008   3.9019320000000003E-008   9.1811279999999997E-008
   7.1475770000000001        5.2944683817758943E-008   5.1132129999999999E-008  -1.8858990000000000E-007
   7.2194120000000011        7.0425723687757070E-008   6.3564269999999999E-008  -3.5831150000000003E-007
   7.2919690000000008        9.7478682530380076E-008   9.5148929999999998E-008  -1.1189260000000000E-007
   7.3652550000000012        1.1873215453605835E-007   1.0692600000000000E-007  -9.6663539999999997E-008
   7.4392779999999998        1.2202868690100119E-007   1.4754569999999999E-007  -9.1649369999999995E-008
   7.5140440000000002        1.1387714110863975E-007   1.6312370000000000E-007  -9.7808210000000005E-008
   7.5895620000000008        9.5571368233358729E-008   1.6806040000000001E-007  -2.2241290000000000E-007
   7.6658390000000001        1.3589467053468302E-007   1.5003670000000001E-007   1.8251329999999999E-007
   7.7428830000000000        1.4388527628211787E-007   1.5388090000000001E-007   2.6500070000000000E-007
   7.8207009999999997        1.3347277784209867E-007   1.6569940000000000E-007  -9.6432070000000002E-008
   7.8993010000000004        1.4118078139000052E-007   1.6521050000000000E-007   5.9369360000000003E-008
   7.9786910000000013        1.3415904704607734E-007   1.5319629999999999E-007  -1.0870960000000000E-007
   8.0588790000000010        1.3516345151129953E-007   1.2581739999999999E-007  -1.9822359999999999E-007
   8.1398720000000022        1.1532350685031359E-007   1.1520860000000000E-007   1.5529370000000001E-007
   8.2216799999999992        1.1497627269663661E-007   9.9612529999999996E-008   2.1905369999999999E-007
   8.3043099999999992        9.7382898510903347E-008   1.0405360000000000E-007   2.1006900000000000E-007
   8.3877710000000008        9.1734038444019818E-008   8.4264050000000002E-008   3.0932799999999998E-007
   8.4720700000000004        8.5518532442087230E-008   8.5466010000000002E-008  -2.9900299999999999E-008
   8.5572160000000004        8.2808109800420785E-008   8.1289809999999994E-008  -2.1974670000000001E-007
   8.6432179999999992        8.7167400606486308E-008   8.0935709999999998E-008   7.4733459999999999E-008
   8.7300850000000008        8.6950218195010970E-008   8.1950240000000000E-008   2.4895709999999999E-007
   8.8178239999999999        8.9375715149183007E-008   8.4130340000000002E-008  -1.1738530000000000E-007
   8.9064460000000008        9.6039388075161728E-008   9.0579560000000000E-008   2.6477509999999998E-007
   8.9959579999999999        9.7950394174800535E-008   9.2438250000000004E-008  -1.5656620000000001E-007
   9.0863689999999995        1.0415537926900187E-007   9.8230209999999994E-008   2.4761620000000002E-007
   9.1776900000000001        1.1023874832623749E-007   1.0432150000000000E-007   2.6527879999999999E-007
   9.2699280000000002        1.1390323006532409E-007   1.0957820000000000E-007  -7.1419480000000003E-009
   9.3630929999999992        1.1761733749605299E-007   1.1375140000000001E-007  -1.0130040000000000E-007
   9.4571939999999994        1.2099788650077948E-007   1.1582599999999999E-007  -9.2979620000000001E-008
   9.5522419999999997        1.2504220141985060E-007   1.2333030000000001E-007  -5.2443500000000002E-008
   9.6482440000000000        1.3070599243055082E-007   1.2612549999999999E-007   1.8507489999999999E-007
   9.7452110000000012        1.2989183494671267E-007   1.2563450000000001E-007   1.1322560000000000E-007
   9.8431530000000009        1.3435428083487458E-007   1.2858920000000000E-007   7.6644930000000007E-008
   9.9420790000000014        1.3503084623094428E-007   1.3351150000000000E-007   1.3541970000000000E-007
   10.042000000000000        1.4109213526645443E-007   1.3430670000000001E-007   1.9585570000000000E-007
   10.142920000000000        1.3808859750205692E-007   1.8722780000000000E-007   2.2244740000000001E-008
   10.244860000000001        1.4280639121561412E-007   1.7367700000000000E-007  -1.0001280000000000E-007
   10.347830000000000        1.9109666874596140E-007   2.0604880000000001E-007  -2.8366800000000001E-008
   10.451820000000000        1.5811533309287928E-007   1.8681809999999999E-007   3.8436840000000001E-007
   10.556870000000000        1.5739341141944579E-007   1.7502199999999999E-007   2.0146520000000000E-007
   10.662970000000000        1.6925924780907961E-007   1.9104600000000000E-007  -2.0306600000000000E-007
   10.770130000000002        2.0247640328521479E-007   2.3065450000000001E-007  -8.9870090000000006E-008
   10.878380000000000        1.7141405147111184E-007   1.8844199999999999E-007   1.0277039999999999E-007
   10.987710000000002        1.7570216657396558E-007   1.8561130000000001E-007  -5.5659230000000003E-008
   11.098140000000003        1.7466258139538815E-007   1.7777660000000000E-007   4.3585189999999997E-008
   11.209670000000001        1.8558665497548300E-007   1.9378300000000001E-007   3.6790829999999999E-007
   11.322330000000001        1.8444474206518731E-007   1.8615000000000001E-007  -8.7926800000000006E-008
   11.436130000000002        1.9294891378474171E-007   1.9103440000000001E-007  -1.7100599999999999E-007
   11.551060000000000        2.0192668398026479E-007   2.0005830000000001E-007  -5.8814570000000003E-008
   11.667149999999999        2.0425026289183653E-007   2.0560299999999999E-007  -4.0822650000000001E-007
   11.784409999999999        2.1282775200954239E-007   2.1550900000000000E-007   8.1058590000000006E-008
   11.902850000000001        2.0883257560450634E-007   2.0482519999999999E-007  -5.0254750000000002E-008
   12.022470000000000        2.1877214175404991E-007   2.3419690000000000E-007   6.8803330000000003E-008
   12.143300000000000        2.1800213057717647E-007   2.1124559999999999E-007   2.4395579999999998E-007
   12.265350000000000        2.2888600840065736E-007   2.3259300000000000E-007   1.9360350000000000E-007
   12.388620000000001        2.3153827118242381E-007   2.3605130000000000E-007  -3.3659830000000001E-007
   12.513130000000000        2.3334257239502296E-007   2.3198820000000001E-007  -1.6264680000000000E-007
   12.638890000000000        2.3625777491370942E-007   2.3762690000000000E-007   1.1496220000000000E-008
   12.765910000000002        2.3848184172639387E-007   2.3939760000000002E-007   1.0166020000000000E-007
   12.894209999999999        2.4211536099136763E-007   2.4405410000000001E-007   5.2955310000000001E-009
   13.023800000000001        2.4608846692827727E-007   2.4661520000000003E-007   4.7961120000000000E-008
   13.154690000000000        2.5041720605513329E-007   2.4818339999999999E-007   1.0207270000000000E-007
   13.286899999999999        2.5546315183528575E-007   2.5444030000000002E-007  -2.7636919999999999E-007
   13.420439999999999        2.6265279402207861E-007   2.5833460000000002E-007  -4.2785709999999997E-008
   13.555320000000000        2.6771440378929361E-007   2.6485040000000001E-007  -4.1128450000000001E-008
   13.691549999999999        2.6957338389253862E-007   2.7577930000000000E-007  -2.1874660000000000E-007
   13.829150000000002        2.8305482784489501E-007   2.8126220000000001E-007  -3.9795689999999998E-007
   13.968140000000002        2.8415836661312647E-007   3.0297560000000000E-007  -2.1123329999999999E-008
   14.108520000000002        2.9479923480271999E-007   2.8563670000000000E-007  -4.8355200000000003E-008
   14.250320000000002        3.0994441524754152E-007   3.1035890000000001E-007  -1.0618450000000001E-008
   14.393540000000002        3.2429413035589889E-007   3.1496190000000002E-007   5.8052569999999999E-008
   14.538200000000000        3.3688747692910541E-007   3.1028600000000000E-007  -2.7597279999999999E-007
   14.684310000000000        3.4326051723755742E-007   3.2692649999999999E-007   6.1846910000000002E-008
   14.831890000000000        3.4358002371189275E-007   3.4187650000000000E-007  -1.1207980000000000E-007
   14.980950000000000        3.5338125567021631E-007   3.5280749999999998E-007   1.1227530000000000E-009
   15.131520000000000        3.3700529767202298E-007   3.6034159999999999E-007   4.7767270000000000E-008
   15.283590000000002        3.4386778487839622E-007   3.5711629999999998E-007   2.5798860000000000E-007
   15.437190000000001        3.4723802793139358E-007   3.3880879999999999E-007  -2.6382009999999998E-007
   15.592340000000000        3.3489109833226791E-007   3.3004810000000001E-007  -1.6959100000000000E-007
   15.749050000000002        3.2947074001833036E-007   3.1803730000000001E-007  -4.4491800000000001E-008
   15.907330000000000        3.2162111458543906E-007   3.2241349999999998E-007   8.8418030000000008E-009
   15.993430000000000        3.2108594400037299E-007   3.1903859999999998E-007   1.2099890000000000E-006
