#  lambda [mu]   flux(180.0) [Jy]         fstar [Jy]
      6.030151     1.9061659E-008     4.4253895E+000     3.9712398E-009
      6.090755     2.0110693E-008     4.3440735E+000     3.9007451E-009
      6.151969     2.2186179E-008     4.2642464E+000     3.8280248E-009
      6.213798     1.7962507E-008     4.1858824E+000     3.7405138E-009
      6.276248     1.3649674E-008     4.1089552E+000     3.6527012E-009
      6.339326     1.8322915E-008     4.0334376E+000     3.5988556E-009
      6.403038     2.8554360E-008     3.9593042E+000     3.5639410E-009
      6.467390     4.4731430E-008     3.8865302E+000     3.5370854E-009
      6.532389     4.0003643E-008     3.8144979E+000     3.4524987E-009
      6.598041     3.4500353E-008     3.7427667E+000     3.3722172E-009
      6.664353     3.2717164E-008     3.6723811E+000     3.2992196E-009
      6.731331     2.9803508E-008     3.6033164E+000     3.2303177E-009
      6.798983     3.2606333E-008     3.5355468E+000     3.1728916E-009
      6.867314     3.8894835E-008     3.4690497E+000     3.1190799E-009
      6.936333     3.7911872E-008     3.4037993E+000     3.0568735E-009
      7.006044     4.4372927E-008     3.3397750E+000     3.0067094E-009
      7.076457     4.5216465E-008     3.2769510E+000     2.9514954E-009
      7.147577     5.2944684E-008     3.2153068E+000     2.9052706E-009
      7.219412     7.0425724E-008     3.1548196E+000     2.8687781E-009
      7.291969     9.7478683E-008     3.0954677E+000     2.8401509E-009
      7.365255     1.1873215E-007     3.0372303E+000     2.8055352E-009
      7.439278     1.2202869E-007     2.9794989E+000     2.7552467E-009
      7.514044     1.1387714E-007     2.9227118E+000     2.6885418E-009
      7.589562     9.5571368E-008     2.8670044E+000     2.6101630E-009
      7.665839     1.3589467E-007     2.8123568E+000     2.6143314E-009
      7.742883     1.4388528E-007     2.7587485E+000     2.5575916E-009
      7.820701     1.3347278E-007     2.7061603E+000     2.4916720E-009
      7.899301     1.4118078E-007     2.6545727E+000     2.4444321E-009
      7.978691     1.3415905E-007     2.6039667E+000     2.3892917E-009
      8.058879     1.3516345E-007     2.5543235E+000     2.3412775E-009
      8.139872     1.1532351E-007     2.5056256E+000     2.2831293E-009
      8.221680     1.1497627E-007     2.4577750E+000     2.2371337E-009
      8.304310     9.7382899E-008     2.4108154E+000     2.1814042E-009
      8.387771     9.1734038E-008     2.3647511E+000     2.1346038E-009
      8.472070     8.5518532E-008     2.3195658E+000     2.0871044E-009
      8.557216     8.2808110E-008     2.2752426E+000     2.0431018E-009
      8.643218     8.7167401E-008     2.2317648E+000     2.0048473E-009
      8.730085     8.6950218E-008     2.1891161E+000     1.9640258E-009
      8.817824     8.9375715E-008     2.1472815E+000     1.9258300E-009
      8.906446     9.6039388E-008     2.1062446E+000     1.8907833E-009
      8.995958     9.7950394E-008     2.0659909E+000     1.8533258E-009
      9.086369     1.0415538E-007     2.0265056E+000     1.8192680E-009
      9.177690     1.1023875E-007     1.9869229E+000     1.7852638E-009
      9.269928     1.1390323E-007     1.9476853E+000     1.7496843E-009
      9.363093     1.1761734E-007     1.9092214E+000     1.7150589E-009
      9.457194     1.2099789E-007     1.8715161E+000     1.6810760E-009
      9.552242     1.2504220E-007     1.8345539E+000     1.6481175E-009
      9.648244     1.3070599E-007     1.7983212E+000     1.6161995E-009
      9.745211     1.2989183E-007     1.7628031E+000     1.5829706E-009
      9.843153     1.3435428E-007     1.7279853E+000     1.5518404E-009
      9.942079     1.3503085E-007     1.6938545E+000     1.5204581E-009
     10.042000     1.4109214E-007     1.6603966E+000     1.4912995E-009
     10.142920     1.3808860E-007     1.6276004E+000     1.4597524E-009
     10.244860     1.4280639E-007     1.5954494E+000     1.4317503E-009
     10.347830     1.9109667E-007     1.5639309E+000     1.4179436E-009
     10.451820     1.5811533E-007     1.5330388E+000     1.3794524E-009
     10.556870     1.5739341E-007     1.5027518E+000     1.3505397E-009
     10.662970     1.6925925E-007     1.4730640E+000     1.3263935E-009
     10.770130     2.0247640E-007     1.4439637E+000     1.3073900E-009
     10.878380     1.7141405E-007     1.4154342E+000     1.2722262E-009
     10.987710     1.7570217E-007     1.3874697E+000     1.2475445E-009
     11.098140     1.7466258E-007     1.3600568E+000     1.2210978E-009
     11.209670     1.8558665E-007     1.3331871E+000     1.1988803E-009
     11.322330     1.8444474E-007     1.3068456E+000     1.1738235E-009
     11.436130     1.9294891E-007     1.2810222E+000     1.1519258E-009
     11.551060     2.0192668E-007     1.2557115E+000     1.1305225E-009
     11.667150     2.0425026E-007     1.2308993E+000     1.1078866E-009
     11.784410     2.1282775E-007     1.2065761E+000     1.0870344E-009
     11.902850     2.0883258E-007     1.1827328E+000     1.0638199E-009
     12.022470     2.1877214E-007     1.1593621E+000     1.0442571E-009
     12.143300     2.1800213E-007     1.1364512E+000     1.0227719E-009
     12.265350     2.2888601E-007     1.1139916E+000     1.0042343E-009
     12.388620     2.3153827E-007     1.0919766E+000     9.8462670E-010
     12.513130     2.3334257E-007     1.0703960E+000     9.6482209E-010
     12.638890     2.3625777E-007     1.0492417E+000     9.4596327E-010
     12.765910     2.3848184E-007     1.0285057E+000     9.2694287E-010
     12.894210     2.4211536E-007     1.0081785E+000     9.0887512E-010
     13.023800     2.4608847E-007     9.8825261E-001     8.9138654E-010
     13.154690     2.5041721E-007     9.6872048E-001     8.7402201E-010
     13.286900     2.5546315E-007     9.4957337E-001     8.5709021E-010
     13.420440     2.6265279E-007     9.3080417E-001     8.4095908E-010
     13.555320     2.6771440E-007     9.1240589E-001     8.2488802E-010
     13.691550     2.6957338E-007     8.9437167E-001     8.0841809E-010
     13.829150     2.8305483E-007     8.7669345E-001     7.9476854E-010
     13.968140     2.8415837E-007     8.5936347E-001     7.7870615E-010
     14.108520     2.9479923E-007     8.4237657E-001     7.6456652E-010
     14.250320     3.0994442E-007     8.2572408E-001     7.5133495E-010
     14.393540     3.2429413E-007     8.0940108E-001     7.3850531E-010
     14.538200     3.3688748E-007     7.9340040E-001     7.2581311E-010
     14.684310     3.4326052E-007     7.7771617E-001     7.1190865E-010
     14.831890     3.4358002E-007     7.6234156E-001     6.9790617E-010
     14.980950     3.5338126E-007     7.4727095E-001     6.9453832E-010
     15.131520     3.3700530E-007     7.3249687E-001     6.6887996E-010
     15.283590     3.4386778E-007     7.1801588E-001     6.5672185E-010
     15.437190     3.4723803E-007     7.0382078E-001     6.4434350E-010
     15.592340     3.3489110E-007     6.8990554E-001     6.2925548E-010
     15.749050     3.2947074E-007     6.7626513E-001     6.1583774E-010
     15.907330     3.2162111E-007     6.6289461E-001     6.0228662E-010
     15.993430     3.2108594E-007     6.5578728E-001     5.9562493E-010
