   979.40230812007405        16.323909410540800        47.744585735754420        116.22673956335885        211.43637600659224        251.64997075335503        344.57823994720803        1760.9339424557436     
   557.50354189353186        19.293338089334600        48.652353944742238        116.42508346090159        211.43637600659224        251.64997075335503        344.57823994720803        1760.9339424557436     
   317.34681105706369        21.292374927191176        53.236599361582186        117.41016300163983        211.43637600659224        251.65911438990500        344.57823994720803        1588.5393334371392     
   180.64279582159207        30.078086952274830        61.104261113579824        120.87821965174876        211.43637600659224        251.65911438990500        338.96331401345623        1339.1136149184204     
   102.82699729531451        41.901588038032088        70.462806120028247        126.26585538598572        212.14898143749309        251.65911438990500        329.35956480375813        1134.8203138491156     
   58.532040121949890        54.555735340004823        81.503871328302552        134.51554288406655        212.81388890269412        251.65911438990500        329.35956480375813        975.48395447972257     
   33.318095548372689        70.210133677541620        98.559870756695815        145.85732494296417        213.98466014035833        251.65911438990500        329.35956480375813        842.86825249765081     
   18.965603943714228        89.161442442198421        116.30929795655595        158.51311465691444        216.28225434713190        251.76914132867722        329.35956480375813        734.22454988536526     
   10.795759092160859        112.59338259909967        136.56854735300172        173.01698457153529        221.05422567024857        251.86305946530376        329.35956480375813        644.77150750426154     
   6.1452519372367016        135.20061628340284        157.62771601316530        187.88927704262090        225.43836295122517        251.94932881899726        329.35956480375813        595.05533875181504     
   3.4980515079790142        158.81516171493382        178.48903675133388        202.43834700348080        230.77327467563603        252.28284368121965        321.54900649142991        527.59779311918078     
   1.9911900240133202        182.74045554177027        198.55277094417531        216.92099024063540        236.74728413917262        252.85149663702197        309.75720117616703        483.32885408191788     
   1.1334417754245223        205.80750583123844        217.76990476761560        230.83759719883898        242.51282583945357        254.91738212867963        298.90189226794712        468.53482110698457     
  0.64518717087993060        223.20802156554353        233.08496028103863        240.92924127551723        248.96167081805089        257.94641583283868        288.93945561670637        425.74193287915756     
  0.36725881690053191        228.01190462814256        239.08831803039121        247.22115394549735        255.49569770158388        264.66691957983846        285.36897786355297        400.18586429846459     
  0.20905412363861103        231.36986170007239        241.02909061038741        250.34333501462916        261.86375282396574        273.30191924810686        292.60675028503732        365.50792251575189     
  0.11899953002937490        231.67177391707429        241.50458250798971        252.39196108963975        267.05577334822306        281.05834591294342        297.43542856163504        336.94263577620382     
   6.7737903949179473E-002   232.98790425416544        241.74930228419581        254.50242014410017        271.40329503621177        287.03430036243702        302.48218264643907        329.18171745929095     
   3.8558334056408593E-002   231.36986170007239        242.80744371737930        255.98699033502140        274.15714120574745        292.23852157054580        307.87857380080135        326.29970610158347     
   2.1948496167242357E-002   232.55596116312179        243.89635650495862        257.58130910070332        276.83869213664696        296.06015700635072        312.02906724788477        330.12472792490644     
   1.2493705856137398E-002   230.73866842103698        243.87914254752911        259.14857044364533        279.00001748963575        298.59943088535812        314.40957784711895        333.13063574453810     
   7.1117713409744304E-003   226.21277113431307        242.65781056906815        260.60773132770777        280.69308417708248        299.97038256195140        314.51741825017638        328.42174191418559     
   4.0482217357038133E-003   115.84853955959937        239.93359477868069        261.91210264071623        281.49513803326312        299.05893189767318        314.21726331450890        327.46787387455498     
   2.3043625048804364E-003   40.328286058375710        232.37049079916559        262.45391942423714        280.89349451003392        297.22332008585056        312.60794769090512        325.36386427426618     
   1.3117084242362136E-003   14.100974222929622        154.18255169673745        257.96522609706602        277.22164788630204        293.97481562499001        309.08480754672138        322.06993470373959     
   7.4666159797697590E-004   6.6476129262193737        55.585878826109465        228.14110609749201        271.33764005591172        288.80526928643735        305.27141794941531        323.05629260867767     
   4.2502093574504289E-004   4.0622820932568890        21.143214429393279        159.40981295700996        265.98073704087670        284.95609314063023        302.18970549788509        317.61197046446779     
   2.4193395818270278E-004   3.8338801801365125        11.243079670766676        86.704315782538160        256.09506722633023        281.15569526025143        299.82122564348384        317.66710650450847     
   1.3771566339278239E-004   3.4725916034645445        7.1834297106548073        47.061626789502498        224.71651710004684        278.07167489088624        299.33961955347178        326.70159084654540     
   7.8391657319109545E-005   3.2666018559189669        5.9529170115258587        29.338158214456641        170.44266010116698        274.52066686066792        298.02928124355299        388.73330209391418     
   4.4622752313291112E-005   3.2904468990101647        5.3188611298746684        20.214661027357408        123.50848536728672        271.67671149937917        296.57236979342235        398.12011695520681     
   2.5400534854209896E-005   3.2503498795462460        5.1119742564857944        15.983656878068340        89.724796903086158        268.73581398131415        295.78017118980165        369.76638547080637     
   1.4458704078810472E-005   3.2780292674762701        4.7165595784507843        13.053043662346752        71.122898640045577        262.15745697670701        295.79684084120953        415.14139969545062     
   8.2303040010184139E-006   3.3081839286525216        4.3329099342870858        11.775765980753278        54.781313048909041        243.44401897988686        295.99260952302365        649.52946412038375     
   4.6849222157088578E-006   3.3627751181346572        4.1490031269424641        11.153610367626470        48.252086207843398        221.35986514732841        297.98565546897311        861.29087339283046     
   2.6667904568927830E-006   3.3344847428969655        3.9083205304126301        10.511395759330606        44.548992022292623        194.57402684599893        325.59230029889238        991.67767360308608     
   1.5180126827139621E-006   3.2848589682670726        4.0882738904287139        10.347556624881012        43.676225553836026        185.85946689788634        378.25328190936273        1635.2743782364596     
   8.6409582684849018E-007   3.3433452830715433        4.0603034860517457        9.8626000577080504        43.938637978116454        194.24216719025375        541.52573795415947        2081.1877759132012     
   4.9186782592755769E-007   3.3707050241993173        4.0024962123421375        9.8207982670695788        43.990596331344605        217.80272049938839        751.67763559057528        2125.2715338281605     
   2.7998510195921068E-007   3.3710912893712450        4.0757280713305066        10.283487570735877        47.163931457602516        240.13032654475617        893.70736809859159        3281.1109577348889     
   1.5937545248315374E-007   3.3156911084544300        4.1350906546622532        10.488899504516569        51.717648099078339        261.83257460991746        1030.2262813867430        5934.9351243784349     
   9.0721022927535153E-008   3.3157258477952012        4.2692071776261704        11.731513433504873        57.125685504220883        323.86444636923886        1140.5416983799132        6072.7550465107570     
   5.1640976529232913E-008   3.2827958936464716        4.4690012074207974        13.303967258073188        62.843629201719700        381.86982856013083        1540.8405178690239        5672.1668483311068     
   2.9395506915998130E-008   3.3131636700431066        4.4778466208865737        13.083714440193505        68.808220938544011        412.15203339084042        1910.4352232698566        6320.2073586240876     
   1.6732755360645565E-008   3.3689312223849748        4.5287455071523439        13.877077419029211        76.304716298259777        462.17915916773131        2097.3317877990253        6825.7636420267318     
   9.5247584183293182E-009   3.3395438751144333        4.8073266889995327        15.429585817666611        85.883680278613923        515.57290428434806        2307.5135886681906        7118.2249583794282     
   5.4217623441089843E-009   3.5647245855204086        5.3075401040354180        16.998433424317088        92.215735629030547        544.48677485257281        2332.8432140838358        6626.1208617320326     
   3.0862207338959722E-009   3.6693079382682381        5.8016762994930833        18.752157601322374        100.52251038508764        546.24924374195757        2316.3744887283897        6535.8313845694647     
   1.7567642795480425E-009   3.6022619382426586        5.6038248582810279        21.440731289751152        119.95983040365297        632.69082055375145        2502.6501917719170        7273.0963956276501     
   1.0000000000000007E-009   3.2658737487997183        3.7770230970984535        12.096145784003649        135.61100532733832        1315.6814000058343        6137.7720000000390        9434.7570000000105     
