#      par      median  1sig lower  1sig upper  (  3sig lower  3sig upper)
      pmax  3.3703E-01  2.6318E-03  4.8563E+01  (  1.0219E-04  9.5124E+02)
        H2  7.0169E+00  1.8996E-02  1.5224E+02  (  2.8339E-09  9.6744E+02)
       H2O  5.3736E-06  3.5034E-08  9.1238E-04  (  1.0166E-09  1.8245E+00)
       CO2  1.4012E-04  9.5986E-06  2.1505E-03  (  2.4068E-09  3.1055E+01)
       CH4  3.7449E-03  1.1041E-04  6.7936E-02  (  1.3780E-09  5.2743E+00)
       NH3  1.1659E-06  3.2766E-08  4.0345E-05  (  1.0743E-09  7.7842E+02)
        N2  3.3538E-04  2.0647E-07  2.3804E-01  (  1.0555E-09  6.9219E+02)
        Rp  7.2135E-02  6.5953E-02  8.1937E-02  (  5.4571E-02  9.8724E-02)
        Mp  4.0473E-03  2.6651E-03  5.2430E-03  (  1.0212E-03  5.9861E-03)
 Tpoint001  1.3561E+02  1.2089E+01  1.3157E+03  (  2.7903E+00  9.4348E+03)
 Tpoint002  7.3887E+01  1.0327E+01  5.6975E+02  (  2.8117E+00  8.5471E+03)
 Tpoint003  5.7949E+01  8.9303E+00  3.5672E+02  (  2.7777E+00  6.2687E+03)
 Tpoint004  2.4967E+01  6.1584E+00  9.6240E+01  (  2.7091E+00  4.1118E+02)
 Tpoint005  2.8482E+02  2.6803E+02  3.0202E+02  (  2.1543E+02  3.3570E+02)
 Tpoint006  8.8537E+01  3.5639E+01  1.6465E+02  (  5.4228E+00  5.6326E+03)
 Ppoint002  1.3702E-08  2.4112E-09  1.5932E-07  (  1.0108E-09  1.3276E-05)
 Ppoint003  2.1958E-07  1.9961E-08  3.1356E-06  (  1.4533E-09  2.0702E-04)
 Ppoint004  6.8483E-06  3.9607E-07  9.5803E-05  (  6.0303E-09  2.5636E-03)
 Ppoint005  3.5774E-04  1.8036E-05  1.8506E-03  (  1.0335E-07  5.6519E-02)
       C/O  8.7547E+00  5.5781E-01  8.3045E+01  (  4.1215E-05  1.7561E+04)
       [Z]  2.9117E-01 -8.9224E-01  2.5797E+00  ( -2.7425E+00  6.7818E+00)
   hotspot  0.0000E+00  0.0000E+00  0.0000E+00  (  0.0000E+00  0.0000E+00)
       MMW  2.0493E+00  2.0045E+00  1.5267E+01  (  2.0014E+00  3.6187E+01)
