   6.0301510000000009        6.2255844623787651E-005   1.1720981709001796E-005   5.9941063456594879E-005
   6.0907549999999997        6.2238012548178787E-005   1.1726250133394152E-005   5.9981814148518812E-005
   6.1519690000000002        6.2228552136500895E-005   1.1737718881510380E-005   6.0000558637435161E-005
   6.2137979999999997        6.2099418330579558E-005   1.1719946682891313E-005   5.9779368410993754E-005
   6.2762479999999998        6.1659132634248677E-005   1.1726022097605020E-005   5.9411280541397490E-005
   6.3393259999999998        6.2068915600777219E-005   1.1707570484932062E-005   5.9678408455936866E-005
   6.4030379999999996        6.2908190304860779E-005   1.1690152505944874E-005   6.0274188519075282E-005
   6.4673900000000000        6.4627891253414891E-005   1.1655736667165770E-005   6.1309733357231162E-005
   6.5323890000000011        6.3201767725477599E-005   1.1666615328568228E-005   6.0585086944393752E-005
   6.5980410000000012        6.1541029083221562E-005   1.1692047517293051E-005   5.9759154871976885E-005
   6.6643530000000002        6.1622829620162757E-005   1.1657382023383526E-005   5.9727464199022671E-005
   6.7313310000000008        6.2317563956224269E-005   1.1638325274281225E-005   5.9911938210787343E-005
   6.7989830000000007        6.2676214717369787E-005   1.1627333338193320E-005   6.0079629940892308E-005
   6.8673140000000004        6.2777880516011028E-005   1.1598137834206696E-005   6.0181741273581707E-005
   6.9363330000000003        6.2931162730311971E-005   1.1577322037951618E-005   6.0172715861921613E-005
   7.0060440000000010        6.3081324123607255E-005   1.1578986584335981E-005   6.0303907322954015E-005
   7.0764570000000004        6.3274520511460720E-005   1.1578937726367364E-005   6.0357585643885707E-005
   7.1475770000000001        6.3672876578419317E-005   1.1549832569704052E-005   6.0582671858535769E-005
   7.2194120000000011        6.4421363190334658E-005   1.1510228966633461E-005   6.1060530929835647E-005
   7.2919690000000008        6.5448228966911702E-005   1.1488163208246309E-005   6.1773934659395161E-005
   7.3652550000000012        6.6309639871336775E-005   1.1493642060071573E-005   6.2342434047397383E-005
   7.4392779999999998        6.6437089650469463E-005   1.1498008198678375E-005   6.2447759702137577E-005
   7.5140440000000002        6.5771970468997607E-005   1.1474117734168300E-005   6.2000155486826108E-005
   7.5895620000000008        6.4609626004712115E-005   1.1462064682425700E-005   6.1199234499481514E-005
   7.6658390000000001        6.7125856989966654E-005   1.1513417606183112E-005   6.2930853012067037E-005
   7.7428830000000000        6.6807610001986463E-005   1.1525743445524991E-005   6.2641159738357238E-005
   7.8207009999999997        6.5880878257137683E-005   1.1475311485760876E-005   6.2036741743956811E-005
   7.8993010000000004        6.5822118313023232E-005   1.1454009890935201E-005   6.2054203557313176E-005
   7.9786910000000013        6.5500533444906269E-005   1.1451351267902091E-005   6.1783881799983050E-005
   8.0588790000000010        6.5337924478219890E-005   1.1448346267508735E-005   6.1667203340285559E-005
   8.1398720000000022        6.4614938677272319E-005   1.1448653316843278E-005   6.1161944638600191E-005
   8.2216799999999992        6.4358668348900633E-005   1.1440845754247077E-005   6.1027166690678855E-005
   8.3043099999999992        6.3564682534134412E-005   1.1432265006629047E-005   6.0489088456263137E-005
   8.3877710000000008        6.3055469983591255E-005   1.1433170022353708E-005   6.0231531955558514E-005
   8.4720700000000004        6.2360229898247540E-005   1.1408508820642919E-005   5.9870929368796718E-005
   8.5572160000000004        6.1916501802041984E-005   1.1376028862447442E-005   5.9641493784736976E-005
   8.6432179999999992        6.1742666540046633E-005   1.1385774355447184E-005   5.9617284409367234E-005
   8.7300850000000008        6.1311443576786125E-005   1.1350549718985003E-005   5.9425339040717967E-005
   8.8178239999999999        6.1100123116090844E-005   1.1340553461306216E-005   5.9364049002538500E-005
   8.9064460000000008        6.1098928265163036E-005   1.1333850614955129E-005   5.9404838266752896E-005
   8.9959579999999999        6.0756199194261270E-005   1.1306487430065441E-005   5.9269823363220456E-005
   9.0863689999999995        6.0811330357884099E-005   1.1304584970693972E-005   5.9323965648876542E-005
   9.1776900000000001        6.0978886006494278E-005   1.1306269413531813E-005   5.9411035402040875E-005
   9.2699280000000002        6.0844792545748568E-005   1.1271439593781440E-005   5.9347527280835618E-005
   9.3630929999999992        6.0756483914047863E-005   1.1274182932823843E-005   5.9333325842221602E-005
   9.4571939999999994        6.0731861080127887E-005   1.1249667232140423E-005   5.9301990767386868E-005
   9.5522419999999997        6.0655341114848392E-005   1.1248048803019036E-005   5.9292477795974715E-005
   9.6482440000000000        6.0697867548652869E-005   1.1252867943498523E-005   5.9322286954248183E-005
   9.7452110000000012        6.0533454217763463E-005   1.1222448943337065E-005   5.9219608841422228E-005
   9.8431530000000009        6.0464220652328341E-005   1.1210472393632281E-005   5.9201651578274088E-005
   9.9420790000000014        6.0399699759019733E-005   1.1197042751914479E-005   5.9149382351400608E-005
   10.042000000000000        6.0501199279135581E-005   1.1210727408827718E-005   5.9211908758027569E-005
   10.142920000000000        6.0267039603168744E-005   1.1118146342940644E-005   5.9012563817480602E-005
   10.244860000000001        6.0406985381877322E-005   1.1155302894628379E-005   5.9114712269060732E-005
   10.347830000000000        6.1910827555100112E-005   1.1416278809123336E-005   6.0096711037920662E-005
   10.451820000000000        6.0771138712347494E-005   1.1302455871092794E-005   5.9442821888858523E-005
   10.556870000000000        6.0634369028994878E-005   1.1246829176014446E-005   5.9315082457264124E-005
   10.662970000000000        6.0935197417451532E-005   1.1288724369063441E-005   5.9508623471382337E-005
   10.770130000000002        6.1751917106213480E-005   1.1416064747307988E-005   6.0030225704681012E-005
   10.878380000000000        6.0569536770606203E-005   1.1227236526460535E-005   5.9304557015257439E-005
   10.987710000000002        6.0608236452807271E-005   1.1226895255455519E-005   5.9338843067491158E-005
   11.098140000000003        6.0349679100691752E-005   1.1122284195930269E-005   5.9115278765157339E-005
   11.209670000000001        6.0626812962766067E-005   1.1207720918788384E-005   5.9341977296363539E-005
   11.322330000000001        6.0382176755830423E-005   1.1108116499451519E-005   5.9149250424012594E-005
   11.436130000000002        6.0570075535648243E-005   1.1157559738220070E-005   5.9293152366231289E-005
   11.551060000000000        6.0729697978211274E-005   1.1169512854195309E-005   5.9397151674234899E-005
   11.667149999999999        6.0669152941897189E-005   1.1152167713251496E-005   5.9364832524014106E-005
   11.784409999999999        6.0824841091033720E-005   1.1199677126265842E-005   5.9488745361073288E-005
   11.902850000000001        6.0535853439965232E-005   1.1097762569139823E-005   5.9266110907678188E-005
   12.022470000000000        6.0818704115793895E-005   1.1197060447587705E-005   5.9481194676159011E-005
   12.143300000000000        6.0639580123424613E-005   1.1110846254454840E-005   5.9328067113732566E-005
   12.265350000000000        6.0905218147238684E-005   1.1200456015087148E-005   5.9552397791066100E-005
   12.388620000000001        6.0933580434321166E-005   1.1184629288029788E-005   5.9555645291857405E-005
   12.513130000000000        6.0841417977269924E-005   1.1155877500772626E-005   5.9510458898688273E-005
   12.638890000000000        6.1109153611304707E-005   1.1134471582875086E-005   5.9556952846253109E-005
   12.765910000000002        6.0880895635834438E-005   1.1132400518187876E-005   5.9482069758891789E-005
   12.894209999999999        6.0963413824212398E-005   1.1140058600416329E-005   5.9526106909658825E-005
   13.023800000000001        6.1131461451030688E-005   1.1138037718263999E-005   5.9591774789437773E-005
   13.154690000000000        6.1254495850118310E-005   1.1109211261237902E-005   5.9612837874878560E-005
   13.286899999999999        6.1415451717482857E-005   1.1105551629654605E-005   5.9683445364460403E-005
   13.420439999999999        6.1549868600064815E-005   1.1131829552480631E-005   5.9785773685673427E-005
   13.555320000000000        6.2005806429749747E-005   1.1086699799617573E-005   5.9881809213258987E-005
   13.691549999999999        6.1798401523953782E-005   1.1098699844248911E-005   5.9853397259503679E-005
   13.829150000000002        6.2384493635111334E-005   1.1057640647474501E-005   6.0130929646728930E-005
   13.968140000000002        6.2412134126649428E-005   1.1049207928835789E-005   6.0083628283642032E-005
   14.108520000000002        6.2806728499304387E-005   1.1073997291132237E-005   6.0292443650375800E-005
   14.250320000000002        6.3398578862915885E-005   1.1038494211748921E-005   6.0560553447507871E-005
   14.393540000000002        6.3879377512713679E-005   1.1038978509249368E-005   6.0845390740780732E-005
   14.538200000000000        6.4354792510560555E-005   1.1045901518079345E-005   6.1123645445159062E-005
   14.684310000000000        6.4529087041226228E-005   1.1045536753629182E-005   6.1214352618065064E-005
   14.831890000000000        6.4529995802132612E-005   1.1038346357312692E-005   6.1211001113269559E-005
   14.980950000000000        6.6573724466784104E-005   1.1066293407924857E-005   6.2652052463199132E-005
   15.131520000000000        6.4165842060003736E-005   1.1054152661754111E-005   6.1002201872449187E-005
   15.283590000000002        6.4414384833015129E-005   1.1034015652124360E-005   6.1110734299087859E-005
   15.437190000000001        6.4371598237985853E-005   1.1027955034801509E-005   6.1159894786024275E-005
   15.592340000000000        6.3652818279964261E-005   1.1036513336187843E-005   6.0779099806330256E-005
   15.749050000000002        6.3220303043540668E-005   1.1063455576734793E-005   6.0587620181905073E-005
   15.907330000000000        6.2679877986000052E-005   1.1086014608180795E-005   6.0332602337256676E-005
   15.993430000000000        6.2449832502352670E-005   1.1077785941114216E-005   6.0266761638942455E-005
