   6.0301510000000009        3.5087723805915700E-005   4.1850524726970365E-005   4.8596179917427216E-005   5.8053854692830671E-005   7.1638967163898347E-005   8.8147308684987207E-005   1.0374058751543232E-004
   6.0907549999999997        3.5050886566460231E-005   4.1869058144228996E-005   4.8665125140071525E-005   5.8082135800501768E-005   7.1634084122479530E-005   8.8176567219139528E-005   1.0365712709774152E-004
   6.1519690000000002        3.4987033368991763E-005   4.2003129161528204E-005   4.8790592452578538E-005   5.7985535027887128E-005   7.1655265148100217E-005   8.8183036215474866E-005   1.0369857331626649E-004
   6.2137979999999997        3.5028831068240624E-005   4.1868499944741015E-005   4.8466587290888474E-005   5.7697655552412328E-005   7.1304358430408191E-005   8.8187074453586323E-005   1.0362386679725190E-004
   6.2762479999999998        3.4903886615456218E-005   4.1568802016518043E-005   4.8114114149675254E-005   5.7249267086825862E-005   7.0936742835253907E-005   8.7539634417387185E-005   1.0352107919737311E-004
   6.3393259999999998        3.5099234083070944E-005   4.1760619115091835E-005   4.8288029729132509E-005   5.7613232524828390E-005   7.1177195593580760E-005   8.8149359436337775E-005   1.0377138119997480E-004
   6.4030379999999996        3.5486964291331293E-005   4.2015688283416667E-005   4.8886834951051020E-005   5.8381214998698622E-005   7.1944424178261283E-005   8.8236803648333807E-005   1.0419817831150196E-004
   6.4673900000000000        3.6407978862372105E-005   4.3069855200960257E-005   4.9937819608646061E-005   5.9358336721271800E-005   7.3118172465702324E-005   8.8384395660537319E-005   1.0452532556615972E-004
   6.5323890000000011        3.5638849392219117E-005   4.2394222422128656E-005   4.9261726917136403E-005   5.8665856060602154E-005   7.2226476146939459E-005   8.8247132372565245E-005   1.0453455572479543E-004
   6.5980410000000012        3.4872450071585409E-005   4.1685026423538987E-005   4.8468716445234076E-005   5.7857528870767098E-005   7.1297535150995829E-005   8.7707988070453072E-005   1.0450744007322247E-004
   6.6643530000000002        3.4973103184321864E-005   4.1763380986266704E-005   4.8410850093605385E-005   5.7800919407994733E-005   7.1224526735551438E-005   8.7648233961687912E-005   1.0419106349061056E-004
   6.7313310000000008        3.5294543888093977E-005   4.1915864583479884E-005   4.8536070010707237E-005   5.7962950541197170E-005   7.1458824973134760E-005   8.8115555982582706E-005   1.0380161657782438E-004
   6.7989830000000007        3.5466563755737956E-005   4.1998745570635239E-005   4.8740023957675942E-005   5.8198978641261047E-005   7.1667304236724453E-005   8.8074972979739730E-005   1.0403669999341378E-004
   6.8673140000000004        3.5556478607630195E-005   4.2062593029640604E-005   4.8867802007749788E-005   5.8336087245295249E-005   7.1660856808677950E-005   8.8052123546992220E-005   1.0400291817168483E-004
   6.9363330000000003        3.5665866925431085E-005   4.2119296070910418E-005   4.8825426970068751E-005   5.8271694883280072E-005   7.1780705904209117E-005   8.7982203702247696E-005   1.0387008417501241E-004
   7.0060440000000010        3.5747156311379701E-005   4.2180540543333563E-005   4.8964541994526084E-005   5.8461977931575625E-005   7.1905882494117262E-005   8.7950786650744012E-005   1.0367379252096236E-004
   7.0764570000000004        3.5893869261901456E-005   4.2339557107343956E-005   4.9049554599595507E-005   5.8496919805957126E-005   7.1920281441667649E-005   8.7972879878419328E-005   1.0377783495333341E-004
   7.1475770000000001        3.6187392617871744E-005   4.2459745773652388E-005   4.9353239378429608E-005   5.8697017712318168E-005   7.1995544339453386E-005   8.7896337288299693E-005   1.0332061381910564E-004
   7.2194120000000011        3.6659964602975670E-005   4.2920212738905209E-005   4.9861123388560527E-005   5.9164682303026630E-005   7.2660777676948390E-005   8.7830157488072785E-005   1.0331923742192104E-004
   7.2919690000000008        3.7244231479342697E-005   4.3663608877404257E-005   5.0553110289705349E-005   5.9881553861786809E-005   7.3670817065039804E-005   8.8263374594462564E-005   1.0339178594035937E-004
   7.3652550000000012        3.7712260844216697E-005   4.3968204748541380E-005   5.1122280234573187E-005   6.0477377151558299E-005   7.4330092227755043E-005   8.8553356174847595E-005   1.0452842765332494E-004
   7.4392779999999998        3.7750709663673905E-005   4.4017873426066778E-005   5.1221666787602207E-005   6.0552771996334872E-005   7.4440837722224609E-005   8.8642863525771446E-005   1.0480945250043176E-004
   7.5140440000000002        3.7367579854232985E-005   4.3761870224534085E-005   5.0767543519472732E-005   6.0126912052263940E-005   7.3962780837427724E-005   8.8556636776104743E-005   1.0363087106786348E-004
   7.5895620000000008        3.6690650011363442E-005   4.3222930069437177E-005   4.9988210571625806E-005   5.9294021627118484E-005   7.2838214812992789E-005   8.7875871777632730E-005   1.0297380177030152E-004
   7.6658390000000001        3.8124050235183603E-005   4.4295089147153610E-005   5.1657387347649422E-005   6.0961754705336591E-005   7.4931847982551546E-005   8.8720734274221806E-005   1.0591830891062178E-004
   7.7428830000000000        3.8062326173278974E-005   4.4160641039659571E-005   5.1433267930776836E-005   6.0773469690284762E-005   7.4672889211446642E-005   8.8729152347966609E-005   1.0564570105945194E-004
   7.8207009999999997        3.7505303844322215E-005   4.3841905262585802E-005   5.0799045583028094E-005   6.0171568011094855E-005   7.3960588094437057E-005   8.8591863858133145E-005   1.0385857559016499E-004
   7.8993010000000004        3.7439459337708235E-005   4.3811706922907363E-005   5.0853315621627767E-005   6.0191660936507049E-005   7.4019133713270000E-005   8.8566223273319096E-005   1.0372601090829541E-004
   7.9786910000000013        3.7250964129033951E-005   4.3637042613578670E-005   5.0578284341782232E-005   5.9868244796280357E-005   7.3729525565104009E-005   8.8244086710672880E-005   1.0310182411743012E-004
   8.0588790000000010        3.7194739937338685E-005   4.3581126630555395E-005   5.0519217796630525E-005   5.9737907225886044E-005   7.3569703922722601E-005   8.8182373350803619E-005   1.0313134326474856E-004
   8.1398720000000022        3.6817423814307288E-005   4.3278913603000796E-005   5.0026948896856955E-005   5.9229414822948091E-005   7.2803373128011372E-005   8.7727057893608956E-005   1.0303626423521552E-004
   8.2216799999999992        3.6722108563812581E-005   4.3146945127667071E-005   4.9912255354032372E-005   5.9100072049415980E-005   7.2646997033845169E-005   8.7723524394451772E-005   1.0283930100905091E-004
   8.3043099999999992        3.6333384328081220E-005   4.2760195599156464E-005   4.9476256006467434E-005   5.8505784667811165E-005   7.1860711518108625E-005   8.7619628861953941E-005   1.0248355592887207E-004
   8.3877710000000008        3.6104699942732875E-005   4.2599712082852024E-005   4.9245070795477350E-005   5.8183329106936272E-005   7.1562812142995856E-005   8.7530067456110708E-005   1.0317938939805641E-004
   8.4720700000000004        3.5837794836977787E-005   4.2347175684394597E-005   4.8887592051123325E-005   5.7881738318693350E-005   7.1073367483932406E-005   8.7407455834317461E-005   1.0314080532490841E-004
   8.5572160000000004        3.5718035437134007E-005   4.2215697784687712E-005   4.8780628930594166E-005   5.7495781972888010E-005   7.0819094917095452E-005   8.7078992605116640E-005   1.0298790596458693E-004
   8.6432179999999992        3.5649461060784309E-005   4.2179024091683608E-005   4.8746582372349621E-005   5.7489201455987856E-005   7.0743039432413535E-005   8.6832340789587940E-005   1.0335581628641464E-004
   8.7300850000000008        3.5556324031571333E-005   4.2079482100523668E-005   4.8633664406078630E-005   5.7258022046541255E-005   7.0528453639018995E-005   8.6762382418778034E-005   1.0308357959685426E-004
   8.8178239999999999        3.5524682639962712E-005   4.2064210518225691E-005   4.8578846799888864E-005   5.7220145201452591E-005   7.0414542171450090E-005   8.6862724830441459E-005   1.0291359427229389E-004
   8.9064460000000008        3.5525272242851475E-005   4.2111378040001535E-005   4.8650563075636088E-005   5.7281080927809317E-005   7.0426886824236258E-005   8.6971830030240657E-005   1.0278845283628195E-004
   8.9959579999999999        3.5481671514045888E-005   4.2080715126407720E-005   4.8555044570214298E-005   5.7171823049845521E-005   7.0255155939299028E-005   8.6927444611085541E-005   1.0269278480174160E-004
   9.0863689999999995        3.5506186144767035E-005   4.2117001534235307E-005   4.8652801521659869E-005   5.7307140073407834E-005   7.0267942457289941E-005   8.6882015455580432E-005   1.0281758483815001E-004
   9.1776900000000001        3.5565968780362988E-005   4.2158104132399269E-005   4.8724862006028524E-005   5.7352645960783536E-005   7.0322866402561032E-005   8.6868361749909293E-005   1.0291229277598083E-004
   9.2699280000000002        3.5580727388567525E-005   4.2144850635897849E-005   4.8718800626133184E-005   5.7257306977627682E-005   7.0205365177007824E-005   8.6776039975591817E-005   1.0285435216920837E-004
   9.3630929999999992        3.5557205499665202E-005   4.2135560001117149E-005   4.8683335579984748E-005   5.7236147553619956E-005   7.0153431203944571E-005   8.6746618493898647E-005   1.0290344706213852E-004
   9.4571939999999994        3.5570797989866243E-005   4.2131825381949630E-005   4.8672028948049115E-005   5.7209147972898461E-005   7.0079540413479989E-005   8.6736454080130475E-005   1.0276340193751077E-004
   9.5522419999999997        3.5566715827168155E-005   4.2135843726362453E-005   4.8678670018955489E-005   5.7206951570380673E-005   7.0066395439756938E-005   8.6680536980502656E-005   1.0288458899769922E-004
   9.6482440000000000        3.5557679896528229E-005   4.2156026184892017E-005   4.8696420282627828E-005   5.7250456095427162E-005   7.0160977323838997E-005   8.6688293621146217E-005   1.0289260587539519E-004
   9.7452110000000012        3.5542327745707025E-005   4.2107885610840476E-005   4.8583035751369461E-005   5.7096752144597564E-005   6.9938628153698389E-005   8.6660156901425406E-005   1.0266916554533588E-004
   9.8431530000000009        3.5521362701803678E-005   4.2113359343160589E-005   4.8584056083799464E-005   5.7086408241291238E-005   6.9909618464830480E-005   8.6651045653321016E-005   1.0267011946847211E-004
   9.9420790000000014        3.5516801129765191E-005   4.1981063546183957E-005   4.8554350334440497E-005   5.7041705407413239E-005   6.9866353920189120E-005   8.6595804008586725E-005   1.0258100307368668E-004
   10.042000000000000        3.5519861689430418E-005   4.2120383871554522E-005   4.8598158477642709E-005   5.7100060913121361E-005   6.9928987381253770E-005   8.6630100464750331E-005   1.0268789118578816E-004
   10.142920000000000        3.5541978064416686E-005   4.1995581353471087E-005   4.8452846180738139E-005   5.6967923986178841E-005   6.9765203926250053E-005   8.6377986478295348E-005   1.0194110945746835E-004
   10.244860000000001        3.5552323923457909E-005   4.2006212317714751E-005   4.8536446319867441E-005   5.7041450292526680E-005   6.9830681926149270E-005   8.6592923608577803E-005   1.0224713745115835E-004
   10.347830000000000        3.5549359538171392E-005   4.2471065443219156E-005   4.9236551804556252E-005   5.8152016665404044E-005   7.1113117633935790E-005   8.7838394060635287E-005   1.0386907856795939E-004
   10.451820000000000        3.5539795246903085E-005   4.2228777982047317E-005   4.8815683610396507E-005   5.7327530618568129E-005   7.0397917941968053E-005   8.6817308968126114E-005   1.0336006463343395E-004
   10.556870000000000        3.5562744105927926E-005   4.2159655583682211E-005   4.8718449545281558E-005   5.7250579874861706E-005   7.0148230480842968E-005   8.6734144818245300E-005   1.0306988085317661E-004
   10.662970000000000        3.5562838545628404E-005   4.2269154259671244E-005   4.8898016482508763E-005   5.7463115563713528E-005   7.0390464019864411E-005   8.6982416716699086E-005   1.0321626085694715E-004
   10.770130000000002        3.5560239666239483E-005   4.2461434504012616E-005   4.9193276701725749E-005   5.8083174063997095E-005   7.1059652661536847E-005   8.7881789105905681E-005   1.0387841930005768E-004
   10.878380000000000        3.5560166090647412E-005   4.2155688995330745E-005   4.8711252027945939E-005   5.7215609858559425E-005   7.0051284012312946E-005   8.6693216846799297E-005   1.0297275855547804E-004
   10.987710000000002        3.5567298703362833E-005   4.2163808701530949E-005   4.8790915935673653E-005   5.7252439689749467E-005   7.0110839866728198E-005   8.6705969933678409E-005   1.0299112076133410E-004
   11.098140000000003        3.5573829408625561E-005   4.2050473547972312E-005   4.8611390908014609E-005   5.7048602361000197E-005   6.9833935580991958E-005   8.6541399305408221E-005   1.0228952368367596E-004
   11.209670000000001        3.5584874401445947E-005   4.2168366109325785E-005   4.8783914503965885E-005   5.7266574754390623E-005   7.0077866958496854E-005   8.6683944553519923E-005   1.0289961884989806E-004
   11.322330000000001        3.5596657283491641E-005   4.2078913972312214E-005   4.8669610777112634E-005   5.7057846484086994E-005   6.9813291412891014E-005   8.6552801862342253E-005   1.0218073337826748E-004
   11.436130000000002        3.5610793337266194E-005   4.2101784739267385E-005   4.8770422377453172E-005   5.7260082504717418E-005   6.9949336684566475E-005   8.6609797886342009E-005   1.0258795134200833E-004
   11.551060000000000        3.5629306487841305E-005   4.2207882083092506E-005   4.8893578334384324E-005   5.7343090605997087E-005   7.0088613345456127E-005   8.6650537825966494E-005   1.0268200691461465E-004
   11.667149999999999        3.5640527422012888E-005   4.2186861396837146E-005   4.8849106625351078E-005   5.7333348516497381E-005   7.0050934189281564E-005   8.6649207857124013E-005   1.0258258888974769E-004
   11.784409999999999        3.5653763515784999E-005   4.2312563225169822E-005   4.8956136924552510E-005   5.7400389681569401E-005   7.0234664170935472E-005   8.6701325559700599E-005   1.0290866892403118E-004
   11.902850000000001        3.5665720625160047E-005   4.2145355314839363E-005   4.8801315107368152E-005   5.7252421255224537E-005   6.9899980186468832E-005   8.6562048509625654E-005   1.0218960430182664E-004
   12.022470000000000        3.5692847098701856E-005   4.2299280353439448E-005   4.8960785318474908E-005   5.7407732013095113E-005   7.0207479319415051E-005   8.6715060946089727E-005   1.0296032964099152E-004
   12.143300000000000        3.5695373977375465E-005   4.2173983351646257E-005   4.8833323468719337E-005   5.7310180690211503E-005   6.9953947109443755E-005   8.6570277314468216E-005   1.0234685985704452E-004
   12.265350000000000        3.5714394240445374E-005   4.2347161587795356E-005   4.8997038729092963E-005   5.7505138608433168E-005   7.0290456075128800E-005   8.6734983453660535E-005   1.0299651202839065E-004
   12.388620000000001        3.5726393049205341E-005   4.2355081501146798E-005   4.9012902345030636E-005   5.7527342485110841E-005   7.0300179121653438E-005   8.6723682745145308E-005   1.0285353180763002E-004
   12.513130000000000        3.5732858707366697E-005   4.2339972740738106E-005   4.8984135791813629E-005   5.7466307744508704E-005   7.0174113474565135E-005   8.6676364373534636E-005   1.0260955765175636E-004
   12.638890000000000        3.5881997645647454E-005   4.2376450144593017E-005   4.9029829221709744E-005   5.7570950146039395E-005   7.0206564610318566E-005   8.6669637068813264E-005   1.0260824268690252E-004
   12.765910000000002        3.5779761658145168E-005   4.2285762205637472E-005   4.8993736666463653E-005   5.7465605675735734E-005   7.0158944656844991E-005   8.6654678432947503E-005   1.0251754371825420E-004
   12.894209999999999        3.5827198576407502E-005   4.2366335851225053E-005   4.8996902201221036E-005   5.7510245501507398E-005   7.0182242490942473E-005   8.6670640944312634E-005   1.0262002005261196E-004
   13.023800000000001        3.5908197500615636E-005   4.2395820310913994E-005   4.9041362525112116E-005   5.7587916378096245E-005   7.0266022539437609E-005   8.6685121465624045E-005   1.0260839789781869E-004
   13.154690000000000        3.5987075880733330E-005   4.2427931778767952E-005   4.9101371988294534E-005   5.7624020184842434E-005   7.0267434210396286E-005   8.6651298450254454E-005   1.0245447736702479E-004
   13.286899999999999        3.6062391696820833E-005   4.2445894577149951E-005   4.9200716891629322E-005   5.7755462696134294E-005   7.0252722379432860E-005   8.6719411314198068E-005   1.0242497102298872E-004
   13.420439999999999        3.6051596645430298E-005   4.2468712383918098E-005   4.9265328185097096E-005   5.7826813051299516E-005   7.0447375054361711E-005   8.6802571073760505E-005   1.0257690375110533E-004
   13.555320000000000        3.6347316508027987E-005   4.2582215022373963E-005   4.9353203147686166E-005   5.7955339804782941E-005   7.0466873870199590E-005   8.6698843770483458E-005   1.0234955740485684E-004
   13.691549999999999        3.6219815656051130E-005   4.2533820542176280E-005   4.9333663210317146E-005   5.7963044692314777E-005   7.0526722100871958E-005   8.6746216210957367E-005   1.0236966349524539E-004
   13.829150000000002        3.6559375243291450E-005   4.2782413468282193E-005   4.9608535373654219E-005   5.8250160875000326E-005   7.0702972988288384E-005   8.6757092878384559E-005   1.0226932781349360E-004
   13.968140000000002        3.6589865738896274E-005   4.2752311661979766E-005   4.9523583317770436E-005   5.8174352215505225E-005   7.0664090561257088E-005   8.6782523288471349E-005   1.0206445758242199E-004
   14.108520000000002        3.6646893972924477E-005   4.2886335838925736E-005   4.9751459917730980E-005   5.8397802382538027E-005   7.0925319342736895E-005   8.6857891727871854E-005   1.0241688386108185E-004
   14.250320000000002        3.6738691654616792E-005   4.3188312272353640E-005   4.9996949769250586E-005   5.8677113617843474E-005   7.1258211186928000E-005   8.6884838970500077E-005   1.0213813735022592E-004
   14.393540000000002        3.7065022711212134E-005   4.3409051585470701E-005   5.0202572228628168E-005   5.8974321603096748E-005   7.1592679133421268E-005   8.7041772442638670E-005   1.0212458576457777E-004
   14.538200000000000        3.7422160116435330E-005   4.3629325596900222E-005   5.0440416888222509E-005   5.9211820756053913E-005   7.1943364614937295E-005   8.7127338282968160E-005   1.0220556029132645E-004
   14.684310000000000        3.7511818707718313E-005   4.3831690940510109E-005   5.0563459604099289E-005   5.9305910527990437E-005   7.2102880964718406E-005   8.7078893640223529E-005   1.0215493498449134E-004
   14.831890000000000        3.7543973901349414E-005   4.3847578025479750E-005   5.0563869389869649E-005   5.9320074359158657E-005   7.2083789168685960E-005   8.7086591297642359E-005   1.0214834460581190E-004
   14.980950000000000        3.8723133744350259E-005   4.5087669187848693E-005   5.1805411559196299E-005   6.0884496062238861E-005   7.3966156040562554E-005   8.8340621201047224E-005   1.0285192759110132E-004
   15.131520000000000        3.7117665848433909E-005   4.3471241405322169E-005   5.0281537403959483E-005   5.9113670633635513E-005   7.1804069507877988E-005   8.7095160488342063E-005   1.0210222630890339E-004
   15.283590000000002        3.7502281980226618E-005   4.3629429128584601E-005   5.0501672726810879E-005   5.9218730914011601E-005   7.1927577558169223E-005   8.7049772415462916E-005   1.0212276745215950E-004
   15.437190000000001        3.7476236631668055E-005   4.3836781730354472E-005   5.0497246895673375E-005   5.9250572448813988E-005   7.1986452214125885E-005   8.7058444312448371E-005   1.0215553665720900E-004
   15.592340000000000        3.6884832780134933E-005   4.3390012255153601E-005   5.0161877016161784E-005   5.8900828088059145E-005   7.1458294093607397E-005   8.7012843320243986E-005   1.0213516385592976E-004
   15.749050000000002        3.6839936095700999E-005   4.3168653062171070E-005   4.9989434469479875E-005   5.8670501007465534E-005   7.1309618723029467E-005   8.7086131835446706E-005   1.0231754063637718E-004
   15.907330000000000        3.6673991911971972E-005   4.2887232124381007E-005   4.9756532336605640E-005   5.8423824307713700E-005   7.1059508372935015E-005   8.6994291605201711E-005   1.0265012197578784E-004
   15.993430000000000        3.6564914304445980E-005   4.2824482103414978E-005   4.9678098016916829E-005   5.8354485747356865E-005   7.0896637425413566E-005   8.6925371445277719E-005   1.0239949269950680E-004
