#  lambda [mu]       Rp^2/Rstar^2
      6.030151     4.1517568E-005     0.0000000E+000
      6.090755     4.1543943E-005     0.0000000E+000
      6.151969     4.1532662E-005     0.0000000E+000
      6.213798     4.1342958E-005     0.0000000E+000
      6.276248     4.1128232E-005     0.0000000E+000
      6.339326     4.1280637E-005     0.0000000E+000
      6.403038     4.1645583E-005     0.0000000E+000
      6.467390     4.2105691E-005     0.0000000E+000
      6.532389     4.1874868E-005     0.0000000E+000
      6.598041     4.1685026E-005     0.0000000E+000
      6.664353     4.1564330E-005     0.0000000E+000
      6.731331     4.1476313E-005     0.0000000E+000
      6.798983     4.1519867E-005     0.0000000E+000
      6.867314     4.1598080E-005     0.0000000E+000
      6.936333     4.1549981E-005     0.0000000E+000
      7.006044     4.1651587E-005     0.0000000E+000
      7.076457     4.1670572E-005     0.0000000E+000
      7.147577     4.1804349E-005     0.0000000E+000
      7.219412     4.2070700E-005     0.0000000E+000
      7.291969     4.2449487E-005     0.0000000E+000
      7.365255     4.2736140E-005     0.0000000E+000
      7.439278     4.2783330E-005     0.0000000E+000
      7.514044     4.2558676E-005     0.0000000E+000
      7.589562     4.2120797E-005     0.0000000E+000
      7.665839     4.3007830E-005     0.0000000E+000
      7.742883     4.2892010E-005     0.0000000E+000
      7.820701     4.2598534E-005     0.0000000E+000
      7.899301     4.2603046E-005     0.0000000E+000
      7.978691     4.2451305E-005     0.0000000E+000
      8.058879     4.2406682E-005     0.0000000E+000
      8.139872     4.2157187E-005     0.0000000E+000
      8.221680     4.2112122E-005     0.0000000E+000
      8.304310     4.1862919E-005     0.0000000E+000
      8.387771     4.1762756E-005     0.0000000E+000
      8.472070     4.1628885E-005     0.0000000E+000
      8.557216     4.1545079E-005     0.0000000E+000
      8.643218     4.1561400E-005     0.0000000E+000
      8.730085     4.1508372E-005     0.0000000E+000
      8.817824     4.1494093E-005     0.0000000E+000
      8.906446     4.1532709E-005     0.0000000E+000
      8.995958     4.1503114E-005     0.0000000E+000
      9.086369     4.1534232E-005     0.0000000E+000
      9.177690     4.1569873E-005     0.0000000E+000
      9.269928     4.1562171E-005     0.0000000E+000
      9.363093     4.1560434E-005     0.0000000E+000
      9.457194     4.1557661E-005     0.0000000E+000
      9.552242     4.1563776E-005     0.0000000E+000
      9.648244     4.1580050E-005     0.0000000E+000
      9.745211     4.1545727E-005     0.0000000E+000
      9.843153     4.1549356E-005     0.0000000E+000
      9.942079     4.1529401E-005     0.0000000E+000
     10.042000     4.1553762E-005     0.0000000E+000
     10.142920     4.1494327E-005     0.0000000E+000
     10.244860     4.1518491E-005     0.0000000E+000
     10.347830     4.1946787E-005     0.0000000E+000
     10.451820     4.1630429E-005     0.0000000E+000
     10.556870     4.1579322E-005     0.0000000E+000
     10.662970     4.1658926E-005     0.0000000E+000
     10.770130     4.1889598E-005     0.0000000E+000
     10.878380     4.1584543E-005     0.0000000E+000
     10.987710     4.1599664E-005     0.0000000E+000
     11.098140     4.1538492E-005     0.0000000E+000
     11.209670     4.1604664E-005     0.0000000E+000
     11.322330     4.1556199E-005     0.0000000E+000
     11.436130     4.1603049E-005     0.0000000E+000
     11.551060     4.1653032E-005     0.0000000E+000
     11.667150     4.1641857E-005     0.0000000E+000
     11.784410     4.1681744E-005     0.0000000E+000
     11.902850     4.1613935E-005     0.0000000E+000
     12.022470     4.1672126E-005     0.0000000E+000
     12.143300     4.1637562E-005     0.0000000E+000
     12.265350     4.1707141E-005     0.0000000E+000
     12.388620     4.1717240E-005     0.0000000E+000
     12.513130     4.1702304E-005     0.0000000E+000
     12.638890     4.1711521E-005     0.0000000E+000
     12.765910     4.1696881E-005     0.0000000E+000
     12.894210     4.1708453E-005     0.0000000E+000
     13.023800     4.1730675E-005     0.0000000E+000
     13.154690     4.1742763E-005     0.0000000E+000
     13.286900     4.1759502E-005     0.0000000E+000
     13.420440     4.1799766E-005     0.0000000E+000
     13.555320     4.1827723E-005     0.0000000E+000
     13.691550     4.1819159E-005     0.0000000E+000
     13.829150     4.1942104E-005     0.0000000E+000
     13.968140     4.1923161E-005     0.0000000E+000
     14.108520     4.1991975E-005     0.0000000E+000
     14.250320     4.2097465E-005     0.0000000E+000
     14.393540     4.2213091E-005     0.0000000E+000
     14.538200     4.2324292E-005     0.0000000E+000
     14.684310     4.2350685E-005     0.0000000E+000
     14.831890     4.2355006E-005     0.0000000E+000
     14.980950     4.3000689E-005     0.0000000E+000
     15.131520     4.2247374E-005     0.0000000E+000
     15.283590     4.2316011E-005     0.0000000E+000
     15.437190     4.2355778E-005     0.0000000E+000
     15.592340     4.2198273E-005     0.0000000E+000
     15.749050     4.2131470E-005     0.0000000E+000
     15.907330     4.2035482E-005     0.0000000E+000
     15.993430     4.2021078E-005     0.0000000E+000
